image_path,x_tl,y_tl,x_br,y_br,w,h,class
2015_00001.png,204,28,475,221,271,193,0
2015_00002.png,316,171,349,197,33,26,4
2015_00002.png,136,190,215,299,79,109,0
2015_00002.png,219,172,282,303,63,131,0
2015_00002.png,277,188,353,312,76,124,0
2015_00002.png,348,183,405,264,57,81,0
2015_00002.png,395,175,429,199,34,24,4
2015_00003.png,287,101,498,347,211,246,0
2015_00003.png,215,146,322,216,107,70,6
2015_00003.png,3,128,38,149,35,21,3
2015_00004.jpg,109,142,300,353,191,211,0
2015_00004.jpg,279,121,485,266,206,145,0
2015_00005.jpg,225,61,406,332,181,271,0
2015_00006.jpg,365,126,499,325,134,199,0
2015_00006.jpg,212,166,229,198,17,32,0
2015_00006.jpg,203,159,221,191,18,32,10
2015_00007.jpg,35,194,197,309,162,115,0
2015_00008.jpg,116,211,185,371,69,160,10
2015_00008.jpg,108,271,217,368,109,97,0
2015_00009.jpg,302,83,379,249,77,166,10
2015_00009.jpg,241,87,307,245,66,158,10
2015_00009.jpg,174,151,344,254,170,103,0
2015_00009.jpg,346,154,467,252,121,98,0
2015_00010.jpg,156,382,313,507,157,125,0
2015_00010.jpg,515,349,783,528,268,179,0
2015_00010.jpg,79,316,246,490,167,174,10
2015_00011.jpg,365,77,788,699,423,622,10
2015_00011.jpg,344,321,627,766,283,445,0
2015_00012.jpg,505,232,1018,756,513,524,10
2015_00012.jpg,166,161,533,753,367,592,10
2015_00012.jpg,27,430,602,765,575,335,0
2015_00012.jpg,28,124,262,246,234,122,4
2015_00013.jpg,662,356,737,548,75,192,10
2015_00013.jpg,223,324,335,638,112,314,10
2015_00013.jpg,652,429,749,589,97,160,0
2015_00013.jpg,235,441,356,651,121,210,0
2015_00014.jpg,378,184,760,455,382,271,0
2015_00014.jpg,38,259,313,418,275,159,10
2015_00014.jpg,36,242,252,498,216,256,10
2015_00015.jpg,471,305,541,488,70,183,0
2015_00015.jpg,539,347,587,445,48,98,0
2015_00015.jpg,245,261,469,639,224,378,0
2015_00016.jpg,83,241,343,419,260,178,0
2015_00017.jpg,7,267,154,412,147,145,6
2015_00017.jpg,23,230,236,404,213,174,0
2015_00018.jpg,57,249,307,403,250,154,0
2015_00019.jpg,93,140,132,207,39,67,10
2015_00019.jpg,382,135,439,203,57,68,10
2015_00019.jpg,305,140,354,218,49,78,10
2015_00019.jpg,220,141,293,226,73,85,10
2015_00019.jpg,62,150,117,314,55,164,10
2015_00019.jpg,17,139,73,321,56,182,10
2015_00019.jpg,134,142,197,235,63,93,10
2015_00019.jpg,251,173,497,305,246,132,0
2015_00020.jpg,279,206,429,298,150,92,0
2015_00021.jpg,229,181,352,272,123,91,0
2015_00022.jpg,37,169,71,246,34,77,10
2015_00022.jpg,71,159,275,474,204,315,0
2015_00023.jpg,30,355,360,623,330,268,0
2015_00024.JPG,36,40,637,445,601,405,0
2015_00024.JPG,199,5,377,80,178,75,0
2015_00024.JPG,4,5,156,90,152,85,0
2015_00025.jpg,248,191,287,243,39,52,10
2015_00025.jpg,20,162,105,285,85,123,10
2015_00025.jpg,311,86,489,339,178,253,10
2015_00025.jpg,485,199,622,242,137,43,0
2015_00025.jpg,36,212,132,300,96,88,0
2015_00025.jpg,226,190,247,242,21,52,10
2015_00025.jpg,321,196,561,375,240,179,0
2015_00026.jpg,14,212,188,326,174,114,0
2015_00027.jpg,22,275,196,381,174,106,0
2015_00027.jpg,158,241,228,284,70,43,0
2015_00027.jpg,459,204,500,277,41,73,10
2015_00027.jpg,94,220,137,294,43,74,10
2015_00027.jpg,311,270,471,411,160,141,0
2015_00027.jpg,489,214,529,287,40,73,10
2015_00027.jpg,442,222,465,263,23,41,10
2015_00028.jpg,350,176,382,258,32,82,10
2015_00028.jpg,147,189,215,226,68,37,4
2015_00028.jpg,2,192,73,257,71,65,4
2015_00028.jpg,194,237,257,334,63,97,0
2015_00028.jpg,336,214,365,261,29,47,0
2015_00028.jpg,218,180,313,235,95,55,4
2015_00028.jpg,35,189,150,235,115,46,4
2015_00028.jpg,258,220,320,297,62,77,0
2015_00028.jpg,75,239,190,389,115,150,0
2015_00028.jpg,337,174,363,231,26,57,10
2015_00029.jpg,263,427,395,553,132,126,0
2015_00029.jpg,409,355,526,690,117,335,0
2015_00030.jpg,76,187,735,890,659,703,0
2015_00031.jpg,190,158,479,457,289,299,0
2015_00032.jpg,457,117,536,379,79,262,10
2015_00032.jpg,127,128,262,380,135,252,10
2015_00032.jpg,67,231,332,390,265,159,0
2015_00033.jpg,383,179,420,240,37,61,6
2015_00033.jpg,1,95,44,241,43,146,10
2015_00033.jpg,382,114,408,186,26,72,10
2015_00033.jpg,27,76,291,315,264,239,0
2015_00033.jpg,351,110,388,221,37,111,10
2015_00033.jpg,321,116,354,225,33,109,10
2015_00033.jpg,30,147,81,225,51,78,10
2015_00033.jpg,474,103,506,246,32,143,10
2015_00034.jpg,153,16,303,266,150,250,10
2015_00034.jpg,150,126,291,304,141,178,0
2015_00035.jpg,385,272,611,407,226,135,0
2015_00035.jpg,191,279,378,403,187,124,0
2015_00035.jpg,7,277,196,390,189,113,0
2015_00036.jpg,96,72,150,181,54,109,10
2015_00036.jpg,284,277,303,307,19,30,10
2015_00036.jpg,366,277,397,320,31,43,10
2015_00036.jpg,398,276,418,324,20,48,10
2015_00036.jpg,414,279,438,316,24,37,10
2015_00036.jpg,570,273,599,317,29,44,10
2015_00036.jpg,549,275,573,316,24,41,10
2015_00036.jpg,501,275,534,362,33,87,10
2015_00036.jpg,447,295,488,328,41,33,0
2015_00036.jpg,65,286,97,320,32,34,10
2015_00036.jpg,100,286,126,319,26,33,10
2015_00036.jpg,125,287,146,321,21,34,10
2015_00036.jpg,15,309,406,419,391,110,0
2015_00036.jpg,309,275,359,327,50,52,9
2015_00037.jpg,249,305,437,419,188,114,0
2015_00038.jpg,175,254,364,369,189,115,0
2015_00038.jpg,97,183,171,381,74,198,10
2015_00039.jpg,311,351,326,381,15,30,10
2015_00039.jpg,88,349,257,446,169,97,0
2015_00040.jpg,793,333,971,491,178,158,0
2015_00040.jpg,949,332,1598,1020,649,688,4
2015_00040.jpg,62,271,626,646,564,375,4
2015_00040.jpg,886,256,962,458,76,202,10
2015_00040.jpg,1372,237,1435,369,63,132,10
2015_00040.jpg,640,239,688,412,48,173,10
2015_00040.jpg,367,251,425,316,58,65,10
2015_00040.jpg,733,237,821,419,88,182,10
2015_00040.jpg,822,251,898,467,76,216,10
2015_00040.jpg,1513,241,1574,331,61,90,10
2015_00040.jpg,1026,232,1097,446,71,214,10
2015_00041.jpg,98,9,374,161,276,152,0
2015_00041.jpg,156,166,604,376,448,210,0
2015_00042.jpg,255,119,634,422,379,303,0
2015_00043.jpg,14,251,637,593,623,342,0
2015_00044.jpg,133,3,178,96,45,93,10
2015_00044.jpg,32,2,142,240,110,238,10
2015_00044.jpg,143,36,203,93,60,57,8
2015_00044.jpg,26,43,145,263,119,220,0
2015_00045.jpg,225,213,352,408,127,195,0
2015_00046.jpg,94,291,333,489,239,198,0
2015_00047.jpg,236,180,397,362,161,182,0
2015_00047.jpg,260,89,344,334,84,245,10
2015_00047.jpg,472,114,596,202,124,88,4
2015_00048.jpg,460,179,508,271,48,92,10
2015_00048.jpg,125,165,161,257,36,92,10
2015_00048.jpg,176,167,220,255,44,88,10
2015_00048.jpg,30,187,117,243,87,56,4
2015_00048.jpg,248,174,376,301,128,127,0
2015_00048.jpg,525,193,589,249,64,56,4
2015_00049.jpg,285,181,395,334,110,153,0
2015_00049.jpg,197,136,213,170,16,34,10
2015_00049.jpg,296,111,372,307,76,196,10
2015_00049.jpg,419,130,453,213,34,83,10
2015_00049.jpg,182,132,199,173,17,41,10
2015_00049.jpg,171,139,189,177,18,38,10
2015_00049.jpg,397,148,438,254,41,106,10
2015_00049.jpg,141,132,157,157,16,25,10
2015_00049.jpg,226,138,246,182,20,44,10
2015_00049.jpg,211,138,238,204,27,66,10
2015_00049.jpg,247,141,268,197,21,56,10
2015_00050.jpg,191,771,409,954,218,183,0
2015_00051.jpg,1,5,270,263,269,258,0
2015_00051.jpg,331,196,378,261,47,65,0
2015_00052.jpg,264,132,437,263,173,131,0
2015_00052.jpg,408,87,426,125,18,38,10
2015_00052.jpg,430,85,448,126,18,41,10
2015_00052.jpg,318,89,330,116,12,27,10
2015_00053.jpg,251,186,293,230,42,44,10
2015_00053.jpg,171,175,230,237,59,62,10
2015_00053.jpg,118,193,164,238,46,45,10
2015_00053.jpg,36,207,500,337,464,130,0
2015_00053.jpg,340,173,391,226,51,53,10
2015_00053.jpg,425,171,480,224,55,53,10
2015_00053.jpg,287,185,336,236,49,51,10
2015_00054.jpg,37,191,84,217,47,26,0
2015_00054.jpg,206,212,318,302,112,90,0
2015_00054.jpg,91,215,207,297,116,82,0
2015_00054.jpg,119,181,173,297,54,116,10
2015_00054.jpg,231,179,277,297,46,118,10
2015_00054.jpg,373,190,410,217,37,27,11
2015_00054.jpg,435,189,472,218,37,29,11
2015_00054.jpg,481,190,505,216,24,26,11
2015_00055.jpg,126,96,402,638,276,542,0
2015_00056.jpg,423,261,528,402,105,141,0
2015_00056.jpg,134,243,196,272,62,29,11
2015_00056.jpg,149,270,208,333,59,63,11
2015_00056.jpg,100,248,176,408,76,160,9
2015_00056.jpg,6,282,111,410,105,128,9
2015_00056.jpg,195,256,263,400,68,144,0
2015_00056.jpg,259,269,338,414,79,145,0
2015_00057.jpg,72,176,303,284,231,108,0
2015_00057.jpg,351,135,429,196,78,61,0
2015_00057.jpg,411,138,501,183,90,45,4
2015_00058.jpg,224,233,345,382,121,149,0
2015_00058.jpg,150,227,173,261,23,34,0
2015_00058.jpg,203,207,232,273,29,66,10
2015_00059.jpg,231,236,272,293,41,57,0
2015_00060.jpg,466,53,541,97,75,44,4
2015_00060.jpg,174,34,371,359,197,325,0
2015_00061.jpg,469,116,536,219,67,103,0
2015_00061.jpg,580,92,630,124,50,32,4
2015_00061.jpg,476,61,532,187,56,126,10
2015_00061.jpg,7,75,319,368,312,293,0
2015_00061.jpg,275,2,482,417,207,415,10
2015_00062.jpg,375,168,414,202,39,34,4
2015_00062.jpg,156,112,257,296,101,184,10
2015_00062.jpg,86,196,315,411,229,215,0
2015_00063.jpg,52,137,242,495,190,358,0
2015_00064.jpg,125,70,191,177,66,107,0
2015_00064.jpg,40,69,141,178,101,109,0
2015_00064.jpg,134,2,211,176,77,174,10
2015_00064.jpg,264,4,330,176,66,172,10
2015_00064.jpg,264,70,317,177,53,107,0
2015_00064.jpg,43,7,118,177,75,170,10
2015_00065.jpg,10,652,277,798,267,146,4
2015_00065.jpg,812,618,866,744,54,126,10
2015_00065.jpg,947,676,995,744,48,68,6
2015_00065.jpg,698,674,739,740,41,66,6
2015_00065.jpg,556,748,865,990,309,242,0
2015_00065.jpg,638,674,684,744,46,70,6
2015_00065.jpg,1005,768,1385,1017,380,249,0
2015_00066.jpg,390,197,483,253,93,56,11
2015_00066.jpg,443,183,544,303,101,120,0
2015_00066.jpg,198,190,279,242,81,52,11
2015_00066.jpg,140,230,257,400,117,170,11
2015_00067.jpg,166,252,464,462,298,210,0
2015_00068.jpg,505,163,638,293,133,130,0
2015_00068.jpg,72,193,137,267,65,74,0
2015_00069.jpg,131,246,237,398,106,152,0
2015_00069.jpg,390,229,466,358,76,129,0
2015_00069.jpg,289,233,325,267,36,34,0
2015_00070.jpg,621,262,823,745,202,483,10
2015_00070.jpg,619,432,827,725,208,293,0
2015_00071.jpg,23,307,157,417,134,110,0
2015_00072.jpg,271,120,354,297,83,177,0
2015_00072.jpg,257,57,350,258,93,201,10
2015_00072.jpg,105,56,241,191,136,135,4
2015_00072.jpg,393,60,462,116,69,56,4
2015_00073.jpg,136,161,300,475,164,314,10
2015_00073.jpg,309,160,416,463,107,303,10
2015_00073.jpg,2,156,36,250,34,94,10
2015_00073.jpg,24,159,55,252,31,93,10
2015_00073.jpg,62,168,84,252,22,84,10
2015_00073.jpg,251,192,278,224,27,32,0
2015_00073.jpg,41,199,65,251,24,52,0
2015_00073.jpg,156,256,347,488,191,232,0
2015_00074.jpg,471,213,771,634,300,421,0
2015_00074.jpg,205,345,370,540,165,195,8
2015_00074.jpg,400,358,476,493,76,135,6
2015_00074.jpg,228,253,371,419,143,166,10
2015_00074.jpg,401,256,498,429,97,173,10
2015_00075.jpg,72,123,628,499,556,376,0
2015_00076.jpg,555,257,588,319,33,62,10
2015_00076.jpg,356,262,429,354,73,92,10
2015_00076.jpg,2,289,126,351,124,62,0
2015_00076.jpg,195,283,253,323,58,40,0
2015_00076.jpg,340,290,464,380,124,90,0
2015_00076.jpg,526,286,621,338,95,52,0
2015_00077.jpg,135,481,237,624,102,143,10
2015_00077.jpg,550,457,613,582,63,125,10
2015_00077.jpg,635,450,706,575,71,125,10
2015_00077.jpg,678,438,729,522,51,84,10
2015_00077.jpg,732,439,777,507,45,68,10
2015_00077.jpg,829,477,867,523,38,46,0
2015_00077.jpg,786,473,813,525,27,52,0
2015_00077.jpg,889,451,936,500,47,49,0
2015_00077.jpg,964,459,1004,495,40,36,0
2015_00077.jpg,236,457,370,665,134,208,10
2015_00077.jpg,423,454,488,570,65,116,10
2015_00077.jpg,484,459,549,592,65,133,10
2015_00077.jpg,87,456,146,633,59,177,10
2015_00077.jpg,639,486,778,582,139,96,0
2015_00077.jpg,401,509,630,620,229,111,0
2015_00077.jpg,59,545,379,696,320,151,0
2015_00077.jpg,230,442,265,513,35,71,10
2015_00078.jpg,176,135,294,299,118,164,0
2015_00078.jpg,159,47,266,270,107,223,10
2015_00078.jpg,337,258,373,301,36,43,10
2015_00078.jpg,380,249,415,301,35,52,10
2015_00079.jpg,4,136,222,256,218,120,4
2015_00079.jpg,163,138,185,178,22,40,10
2015_00079.jpg,185,173,314,246,129,73,0
2015_00079.jpg,293,150,511,260,218,110,4
2015_00080.jpg,72,155,220,315,148,160,0
2015_00080.jpg,125,77,214,278,89,201,10
2015_00080.jpg,258,56,326,138,68,82,10
2015_00081.jpg,442,225,504,319,62,94,0
2015_00081.jpg,340,199,449,270,109,71,4
2015_00081.jpg,358,227,443,287,85,60,0
2015_00081.jpg,205,196,237,290,32,94,10
2015_00081.jpg,302,201,350,238,48,37,4
2015_00082.jpg,196,309,255,419,59,110,0
2015_00082.jpg,262,301,317,377,55,76,0
2015_00082.jpg,158,298,196,354,38,56,9
2015_00083.jpg,27,260,298,484,271,224,0
2015_00084.jpg,142,242,414,402,272,160,0
2015_00084.jpg,213,151,345,399,132,248,10
2015_00085.jpg,425,510,948,896,523,386,0
2015_00085.jpg,7,437,403,925,396,488,0
2015_00085.jpg,1202,504,1598,686,396,182,4
2015_00085.jpg,1122,464,1231,659,109,195,10
2015_00085.jpg,862,528,1112,659,250,131,4
2015_00086.jpg,46,307,376,505,330,198,0
2015_00087.jpg,440,264,538,439,98,175,10
2015_00087.jpg,409,329,538,493,129,164,0
2015_00088.jpg,32,513,278,765,246,252,0
2015_00088.jpg,562,398,652,565,90,167,0
2015_00088.jpg,266,411,445,651,179,240,0
2015_00089.jpg,566,256,633,303,67,47,0
2015_00089.jpg,2,9,275,422,273,413,0
2015_00089.jpg,457,262,506,296,49,34,0
2015_00089.jpg,505,260,574,299,69,39,0
2015_00090.jpg,259,264,341,401,82,137,0
2015_00090.jpg,214,235,233,278,19,43,0
2015_00091.jpg,91,309,152,402,61,93,0
2015_00092.jpg,298,217,386,334,88,117,0
2015_00092.jpg,211,174,275,207,64,33,4
2015_00092.jpg,134,174,164,203,30,29,10
2015_00093.jpg,414,216,485,289,71,73,0
2015_00093.jpg,383,212,416,249,33,37,0
2015_00093.jpg,290,195,312,249,22,54,10
2015_00093.jpg,400,186,424,242,24,56,10
2015_00093.jpg,497,225,552,367,55,142,0
2015_00093.jpg,430,184,455,229,25,45,10
2015_00093.jpg,478,178,511,261,33,83,10
2015_00093.jpg,260,222,279,249,19,27,6
2015_00093.jpg,281,222,298,253,17,31,6
2015_00093.jpg,159,213,268,312,109,99,0
2015_00093.jpg,358,188,380,246,22,58,10
2015_00093.jpg,309,194,330,246,21,52,10
2015_00093.jpg,332,200,356,253,24,53,10
2015_00094.jpg,143,426,450,638,307,212,0
2015_00095.jpg,6,146,732,697,726,551,0
2015_00096.jpg,142,113,465,398,323,285,0
2015_00096.jpg,405,187,613,358,208,171,0
2015_00097.jpg,28,470,200,594,172,124,0
2015_00097.jpg,208,473,404,606,196,133,0
2015_00098.jpg,1406,418,1516,698,110,280,10
2015_00098.jpg,222,505,731,851,509,346,0
2015_00099.jpg,7,304,204,423,197,119,0
2015_00100.jpg,487,298,527,407,40,109,10
2015_00100.jpg,275,360,401,570,126,210,0
2015_00101.jpg,381,217,463,277,82,60,0
2015_00102.jpg,108,220,327,496,219,276,0
2015_00103.jpg,251,228,330,404,79,176,10
2015_00103.jpg,251,289,334,419,83,130,0
2015_00103.jpg,347,236,372,291,25,55,10
2015_00103.jpg,362,232,489,295,127,63,4
2015_00103.jpg,209,235,240,294,31,59,10
2015_00104.jpg,725,496,799,580,74,84,8
2015_00104.jpg,612,424,666,471,54,47,4
2015_00104.jpg,750,415,918,517,168,102,4
2015_00104.jpg,141,510,304,686,163,176,0
2015_00104.jpg,311,411,360,493,49,82,10
2015_00105.jpg,550,361,597,458,47,97,10
2015_00105.jpg,231,372,248,424,17,52,10
2015_00105.jpg,115,364,192,426,77,62,4
2015_00105.jpg,244,376,281,411,37,35,4
2015_00105.jpg,431,364,456,414,25,50,10
2015_00105.jpg,184,370,214,402,30,32,4
2015_00105.jpg,346,363,375,430,29,67,10
2015_00105.jpg,321,368,342,408,21,40,10
2015_00105.jpg,136,474,193,556,57,82,8
2015_00105.jpg,197,520,593,798,396,278,0
2015_00105.jpg,3,381,88,433,85,52,4
2015_00105.jpg,122,387,180,519,58,132,10
2015_00105.jpg,76,375,125,417,49,42,4
2015_00106.jpg,354,338,482,442,128,104,0
2015_00107.jpg,35,282,601,602,566,320,0
2015_00108.jpg,377,72,480,231,103,159,10
2015_00108.jpg,370,140,513,284,143,144,0
2015_00109.jpg,286,368,324,441,38,73,8
2015_00109.jpg,120,267,189,433,69,166,10
2015_00109.jpg,116,321,198,457,82,136,0
2015_00110.jpg,462,524,666,763,204,239,0
2015_00110.jpg,674,519,899,731,225,212,0
2015_00111.jpg,272,284,311,346,39,62,0
2015_00111.jpg,31,305,111,454,80,149,0
2015_00112.jpg,237,284,283,317,46,33,0
2015_00112.jpg,402,265,456,337,54,72,0
2015_00113.jpg,356,321,478,539,122,218,0
2015_00113.jpg,303,302,338,348,35,46,0
2015_00114.jpg,10,199,207,416,197,217,4
2015_00114.jpg,216,236,285,341,69,105,0
2015_00114.jpg,280,212,294,241,14,29,10
2015_00115.jpg,540,253,612,352,72,99,0
2015_00115.jpg,341,203,401,357,60,154,10
2015_00115.jpg,419,205,470,342,51,137,10
2015_00115.jpg,3,229,171,426,168,197,10
2015_00115.jpg,167,227,332,430,165,203,10
2015_00116.jpg,245,304,265,341,20,37,2
2015_00116.jpg,207,318,303,417,96,99,11
2015_00116.jpg,453,193,535,340,82,147,9
2015_00116.jpg,465,233,597,417,132,184,0
2015_00116.jpg,355,281,401,371,46,90,8
2015_00116.jpg,303,236,363,365,60,129,10
2015_00117.jpg,8,45,402,296,394,251,0
2015_00117.jpg,239,251,600,424,361,173,10
2015_00118.jpg,134,262,274,469,140,207,0
2015_00118.jpg,39,245,65,287,26,42,0
2015_00118.jpg,80,227,155,253,75,26,4
2015_00118.jpg,146,227,202,263,56,36,4
2015_00118.jpg,244,225,281,253,37,28,4
2015_00118.jpg,267,226,327,263,60,37,4
2015_00119.jpg,452,264,513,392,61,128,0
2015_00120.jpg,74,91,183,156,109,65,4
2015_00120.jpg,163,42,327,371,164,329,10
2015_00120.jpg,306,92,352,120,46,28,4
2015_00120.jpg,389,83,508,165,119,82,4
2015_00120.jpg,74,150,429,391,355,241,0
2015_00121.jpg,67,199,286,346,219,147,0
2015_00121.jpg,81,117,227,315,146,198,10
2015_00122.jpg,132,262,162,306,30,44,9
2015_00122.jpg,240,280,302,391,62,111,0
2015_00123.jpg,394,225,556,343,162,118,0
2015_00123.jpg,549,183,639,294,90,111,4
2015_00123.jpg,101,181,127,238,26,57,10
2015_00123.jpg,506,190,581,259,75,69,4
2015_00123.jpg,72,188,103,258,31,70,10
2015_00123.jpg,227,197,326,298,99,101,4
2015_00123.jpg,47,214,219,336,172,122,9
2015_00123.jpg,264,171,348,257,84,86,4
2015_00123.jpg,100,181,255,296,155,115,4
2015_00124.jpg,45,33,318,432,273,399,0
2015_00124.jpg,5,146,174,355,169,209,4
2015_00125.jpg,88,207,155,352,67,145,10
2015_00125.jpg,123,271,263,366,140,95,0
2015_00125.jpg,396,247,636,411,240,164,4
2015_00125.jpg,344,227,434,423,90,196,10
2015_00125.jpg,222,218,274,370,52,152,10
2015_00125.jpg,39,206,78,345,39,139,10
2015_00125.jpg,4,209,46,328,42,119,10
2015_00125.jpg,69,204,108,332,39,128,10
2015_00125.jpg,225,218,311,399,86,181,10
2015_00126.jpg,809,416,1019,669,210,253,0
2015_00127.jpg,335,214,436,271,101,57,11
2015_00127.jpg,133,85,305,393,172,308,0
2015_00127.jpg,431,213,504,274,73,61,11
2015_00128.jpg,311,87,427,208,116,121,0
2015_00129.jpg,555,205,636,286,81,81,4
2015_00129.jpg,409,217,484,347,75,130,10
2015_00129.jpg,415,241,486,381,71,140,0
2015_00130.jpg,37,81,489,329,452,248,0
2015_00131.jpg,6,219,637,360,631,141,0
2015_00131.jpg,394,152,461,301,67,149,10
2015_00132.jpg,197,212,259,259,62,47,0
2015_00132.jpg,339,224,413,282,74,58,0
2015_00133.jpg,129,229,171,262,42,33,4
2015_00133.jpg,177,232,271,387,94,155,0
2015_00133.jpg,182,167,259,378,77,211,10
2015_00133.jpg,343,214,368,283,25,69,10
2015_00133.jpg,322,210,346,285,24,75,10
2015_00134.jpg,173,159,449,492,276,333,0
2015_00135.jpg,512,541,799,727,287,186,0
2015_00135.jpg,271,580,404,742,133,162,0
2015_00136.jpg,240,298,291,495,51,197,10
2015_00136.jpg,591,18,772,635,181,617,10
2015_00136.jpg,161,366,366,510,205,144,0
2015_00136.jpg,514,236,856,634,342,398,0
2015_00137.jpg,170,225,281,339,111,114,0
2015_00137.jpg,203,157,267,321,64,164,10
2015_00138.jpg,192,335,245,416,53,81,10
2015_00138.jpg,184,355,248,420,64,65,0
2015_00138.jpg,256,317,303,417,47,100,10
2015_00138.jpg,297,306,332,437,35,131,10
2015_00139.jpg,4,126,242,331,238,205,0
2015_00140.jpg,222,102,278,243,56,141,10
2015_00140.jpg,183,175,322,289,139,114,0
2015_00141.jpg,38,33,361,494,323,461,0
2015_00142.jpg,464,225,526,324,62,99,0
2015_00142.jpg,268,232,387,364,119,132,0
2015_00142.jpg,471,177,531,299,60,122,10
2015_00142.jpg,296,147,383,330,87,183,10
2015_00143.jpg,345,304,450,410,105,106,0
2015_00144.jpg,144,116,349,306,205,190,0
2015_00144.jpg,178,33,322,285,144,252,10
2015_00145.jpg,217,204,350,289,133,85,0
2015_00145.jpg,251,171,320,283,69,112,10
2015_00146.jpg,84,40,199,167,115,127,0
2015_00146.jpg,107,5,198,154,91,149,10
2015_00147.jpg,431,156,499,324,68,168,10
2015_00147.jpg,127,183,259,272,132,89,4
2015_00147.jpg,351,171,380,191,29,20,4
2015_00147.jpg,261,224,329,330,68,106,0
2015_00147.jpg,428,225,494,331,66,106,0
2015_00147.jpg,267,164,327,320,60,156,10
2015_00148.jpg,813,400,2372,1784,1559,1384,0
2015_00149.jpg,101,35,176,187,75,152,10
2015_00149.jpg,85,82,198,218,113,136,0
2015_00150.jpg,406,277,590,426,184,149,0
2015_00150.jpg,61,273,381,482,320,209,0
2015_00151.jpg,329,253,726,493,397,240,0
2015_00152.jpg,3,88,263,284,260,196,0
2015_00152.jpg,288,160,465,464,177,304,0
2015_00152.jpg,283,2,450,344,167,342,10
2015_00153.jpg,154,27,509,471,355,444,0
2015_00154.jpg,49,9,298,488,249,479,10
2015_00154.jpg,14,193,410,475,396,282,0
2015_00155.jpg,193,42,498,305,305,263,3
2015_00155.jpg,188,207,308,299,120,92,0
2015_00155.jpg,111,209,210,274,99,65,0
2015_00155.jpg,223,134,279,311,56,177,10
2015_00155.jpg,348,220,499,330,151,110,0
2015_00156.jpg,181,97,331,231,150,134,10
2015_00156.jpg,219,166,282,268,63,102,0
2015_00157.jpg,18,345,231,500,213,155,0
2015_00158.jpg,87,363,446,614,359,251,0
2015_00159.jpg,231,242,410,458,179,216,0
2015_00159.jpg,361,159,581,349,220,190,4
2015_00159.jpg,252,288,298,345,46,57,4
2015_00159.jpg,231,307,260,347,29,40,4
2015_00159.jpg,286,224,383,343,97,119,4
2015_00159.jpg,165,284,222,390,57,106,10
2015_00160.jpg,125,39,414,373,289,334,10
2015_00160.jpg,75,150,471,370,396,220,0
2015_00161.jpg,355,127,532,404,177,277,0
2015_00162.jpg,120,200,459,381,339,181,0
2015_00162.jpg,93,145,220,215,127,70,0
2015_00162.jpg,239,50,414,375,175,325,10
2015_00163.jpg,160,42,189,105,29,63,10
2015_00163.jpg,398,6,462,174,64,168,10
2015_00163.jpg,237,18,280,152,43,134,10
2015_00163.jpg,408,30,545,278,137,248,0
2015_00163.jpg,133,38,162,126,29,88,10
2015_00163.jpg,277,36,311,130,34,94,10
2015_00163.jpg,196,39,227,110,31,71,10
2015_00163.jpg,320,46,342,76,22,30,10
2015_00163.jpg,89,55,335,273,246,218,0
2015_00163.jpg,5,5,118,285,113,280,10
2015_00164.jpg,337,27,458,348,121,321,10
2015_00164.jpg,247,139,560,368,313,229,0
2015_00165.jpg,33,182,150,268,117,86,0
2015_00165.jpg,155,235,296,318,141,83,0
2015_00166.jpg,624,302,773,532,149,230,10
2015_00166.jpg,547,401,838,586,291,185,0
2015_00167.jpg,57,343,137,511,80,168,0
2015_00167.jpg,383,423,481,552,98,129,0
2015_00167.jpg,154,377,248,525,94,148,0
2015_00168.jpg,150,236,289,470,139,234,10
2015_00168.jpg,130,317,324,477,194,160,0
2015_00169.jpg,439,260,638,409,199,149,0
2015_00169.jpg,244,250,451,473,207,223,0
2015_00169.jpg,117,242,258,451,141,209,0
2015_00170.jpg,151,262,395,362,244,100,0
2015_00170.jpg,293,256,628,415,335,159,0
2015_00171.jpg,282,414,407,594,125,180,0
2015_00172.jpg,276,177,529,394,253,217,0
2015_00172.jpg,676,213,851,445,175,232,10
2015_00173.jpg,93,105,306,485,213,380,10
2015_00173.jpg,77,233,223,555,146,322,0
2015_00174.jpg,422,166,602,359,180,193,0
2015_00174.jpg,297,162,465,293,168,131,0
2015_00175.jpg,95,322,190,478,95,156,0
2015_00176.jpg,95,254,186,399,91,145,0
2015_00177.jpg,223,207,279,244,56,37,4
2015_00177.jpg,7,231,137,349,130,118,4
2015_00177.jpg,153,216,225,267,72,51,4
2015_00177.jpg,314,258,430,434,116,176,0
2015_00177.jpg,394,212,457,263,63,51,4
2015_00177.jpg,361,196,401,239,40,43,4
2015_00178.jpg,2,14,631,441,629,427,0
2015_00179.jpg,150,255,304,477,154,222,0
2015_00179.jpg,610,221,639,374,29,153,10
2015_00179.jpg,512,262,608,408,96,146,0
2015_00179.jpg,55,265,144,371,89,106,0
2015_00179.jpg,12,213,57,356,45,143,10
2015_00179.jpg,332,158,425,454,93,296,10
2015_00179.jpg,453,163,540,423,87,260,10
2015_00179.jpg,324,259,524,434,200,175,0
2015_00180.jpg,330,55,388,171,58,116,10
2015_00180.jpg,323,112,394,196,71,84,0
2015_00180.jpg,217,86,288,217,71,131,10
2015_00180.jpg,17,113,42,185,25,72,10
2015_00180.jpg,268,84,321,175,53,91,10
2015_00180.jpg,17,138,44,194,27,56,0
2015_00180.jpg,103,121,137,183,34,62,0
2015_00180.jpg,102,95,136,167,34,72,10
2015_00180.jpg,52,110,84,177,32,67,10
2015_00180.jpg,214,129,317,238,103,109,0
2015_00180.jpg,52,131,80,188,28,57,0
2015_00181.jpg,121,120,201,273,80,153,10
2015_00181.jpg,201,134,282,268,81,134,10
2015_00181.jpg,92,152,134,238,42,86,10
2015_00181.jpg,96,201,212,307,116,106,0
2015_00181.jpg,193,214,291,308,98,94,0
2015_00182.jpg,191,171,269,332,78,161,0
2015_00182.jpg,190,95,272,281,82,186,10
2015_00183.jpg,87,123,302,384,215,261,0
2015_00184.jpg,151,177,253,337,102,160,10
2015_00184.jpg,93,227,256,375,163,148,0
2015_00185.jpg,79,5,583,299,504,294,0
2015_00186.jpg,19,69,351,404,332,335,6
2015_00186.jpg,150,41,482,316,332,275,0
2015_00187.jpg,866,223,970,400,104,177,9
2015_00187.jpg,238,90,510,606,272,516,10
2015_00187.jpg,197,244,671,423,474,179,4
2015_00187.jpg,853,196,974,386,121,190,10
2015_00187.jpg,329,220,592,575,263,355,9
2015_00187.jpg,375,174,585,535,210,361,10
2015_00187.jpg,46,242,292,415,246,173,4
2015_00187.jpg,173,310,526,681,353,371,0
2015_00188.jpg,78,77,401,493,323,416,9
2015_00188.jpg,471,85,1022,653,551,568,0
2015_00189.jpg,389,389,424,450,35,61,4
2015_00189.jpg,344,391,405,439,61,48,4
2015_00189.jpg,238,424,374,512,136,88,0
2015_00189.jpg,42,369,90,506,48,137,10
2015_00190.jpg,561,324,629,560,68,236,10
2015_00190.jpg,422,348,474,515,52,167,10
2015_00190.jpg,605,314,682,553,77,239,10
2015_00190.jpg,661,318,728,547,67,229,10
2015_00190.jpg,354,336,422,516,68,180,10
2015_00190.jpg,704,338,778,552,74,214,10
2015_00190.jpg,254,332,316,522,62,190,10
2015_00190.jpg,778,318,864,576,86,258,10
2015_00190.jpg,513,340,579,536,66,196,10
2015_00190.jpg,909,183,1022,675,113,492,10
2015_00190.jpg,853,431,977,583,124,152,11
2015_00190.jpg,5,418,412,675,407,257,0
2015_00190.jpg,464,325,547,543,83,218,10
2015_00191.jpg,306,101,592,344,286,243,0
2015_00192.jpg,56,140,134,260,78,120,10
2015_00192.jpg,232,107,331,445,99,338,10
2015_00192.jpg,3,240,283,479,280,239,0
2015_00193.jpg,128,334,323,565,195,231,10
2015_00193.jpg,476,269,678,950,202,681,10
2015_00193.jpg,3,519,583,999,580,480,0
2015_00194.jpg,8,123,176,339,168,216,0
2015_00195.jpg,337,158,382,225,45,67,10
2015_00195.jpg,450,115,529,346,79,231,10
2015_00195.jpg,533,156,584,238,51,82,10
2015_00195.jpg,430,201,555,381,125,180,0
2015_00195.jpg,391,184,458,232,67,48,11
2015_00196.jpg,405,108,973,496,568,388,0
2015_00197.png,226,10,425,165,199,155,10
2015_00197.png,197,44,441,194,244,150,0
2015_00198.jpg,514,255,667,527,153,272,0
2015_00198.jpg,5,4,441,778,436,774,0
2015_00199.jpg,88,122,304,473,216,351,0
2015_00199.jpg,92,1,295,394,203,393,10
2015_00199.jpg,2,269,141,457,139,188,0
2015_00200.jpg,5,82,550,394,545,312,0
2015_00200.jpg,487,128,636,227,149,99,4
2015_00201.jpg,129,324,209,426,80,102,0
2015_00202.jpg,196,205,328,301,132,96,0
2015_00202.jpg,5,212,243,393,238,181,0
2015_00202.jpg,370,204,398,231,28,27,0
2015_00203.jpg,287,305,663,522,376,217,0
2015_00203.jpg,608,282,1021,444,413,162,4
2015_00203.jpg,370,182,496,458,126,276,10
2015_00203.jpg,427,213,613,520,186,307,10
2015_00204.jpg,600,420,635,504,35,84,2
2015_00204.jpg,49,270,407,441,358,171,0
2015_00205.jpg,239,195,448,340,209,145,0
2015_00205.jpg,201,189,285,240,84,51,4
2015_00205.jpg,322,128,393,330,71,202,10
2015_00205.jpg,2,135,187,292,185,157,4
2015_00206.jpg,4,150,133,380,129,230,4
2015_00206.jpg,256,244,330,361,74,117,10
2015_00206.jpg,129,159,181,389,52,230,10
2015_00206.jpg,325,203,431,291,106,88,0
2015_00206.jpg,175,311,278,406,103,95,6
2015_00206.jpg,287,287,343,352,56,65,6
2015_00207.jpg,4,168,117,236,113,68,3
2015_00207.jpg,170,199,189,241,19,42,10
2015_00207.jpg,46,213,84,246,38,33,9
2015_00207.jpg,118,265,350,476,232,211,0
2015_00207.jpg,53,196,70,238,17,42,10
2015_00207.jpg,29,222,143,347,114,125,0
2015_00208.jpg,408,412,675,616,267,204,0
2015_00208.jpg,2,415,89,528,87,113,0
2015_00208.jpg,65,426,187,549,122,123,0
2015_00208.jpg,708,399,753,425,45,26,4
2015_00208.jpg,754,396,917,430,163,34,4
2015_00209.jpg,369,427,413,582,44,155,10
2015_00209.jpg,44,371,339,891,295,520,0
2015_00209.jpg,534,381,654,704,120,323,10
2015_00209.jpg,443,284,602,827,159,543,10
2015_00209.jpg,413,446,463,559,50,113,10
2015_00210.jpg,3,251,199,494,196,243,0
2015_00210.jpg,124,283,374,638,250,355,0
2015_00211.jpg,311,373,356,465,45,92,10
2015_00211.jpg,603,360,638,429,35,69,10
2015_00211.jpg,319,403,360,474,41,71,0
2015_00211.jpg,568,370,601,453,33,83,10
2015_00211.jpg,505,362,527,415,22,53,10
2015_00212.jpg,146,108,347,526,201,418,10
2015_00212.jpg,86,297,436,531,350,234,0
2015_00213.jpg,9,265,109,344,100,79,0
2015_00213.jpg,266,251,330,314,64,63,0
2015_00214.jpg,13,253,331,494,318,241,0
2015_00214.jpg,6,226,97,296,91,70,0
2015_00215.jpg,331,377,516,582,185,205,0
2015_00215.jpg,72,386,312,617,240,231,0
2015_00216.jpg,20,214,187,479,167,265,0
2015_00217.jpg,268,165,376,259,108,94,0
2015_00217.jpg,169,227,226,252,57,25,8
2015_00218.jpg,209,81,437,198,228,117,0
2015_00219.jpg,312,282,391,424,79,142,9
2015_00219.jpg,271,327,380,488,109,161,0
2015_00220.jpg,381,75,427,142,46,67,9
2015_00220.jpg,7,92,78,156,71,64,0
2015_00220.jpg,94,19,142,140,48,121,10
2015_00220.jpg,251,28,299,135,48,107,10
2015_00220.jpg,422,33,465,102,43,69,10
2015_00220.jpg,470,43,624,276,154,233,10
2015_00220.jpg,277,4,409,383,132,379,10
2015_00220.jpg,127,183,524,390,397,207,0
2015_00220.jpg,206,20,226,68,20,48,10
2015_00221.jpg,234,270,288,307,54,37,0
2015_00221.jpg,170,269,226,307,56,38,0
2015_00221.jpg,4,233,126,416,122,183,0
2015_00221.jpg,117,255,181,347,64,92,0
2015_00222.jpg,272,7,668,654,396,647,10
2015_00222.jpg,209,272,783,720,574,448,0
2015_00223.jpg,281,95,355,277,74,182,10
2015_00223.jpg,283,163,376,290,93,127,0
2015_00224.jpg,148,334,239,459,91,125,0
2015_00224.jpg,149,296,225,425,76,129,10
2015_00225.jpg,127,176,196,342,69,166,10
2015_00225.jpg,272,256,529,443,257,187,0
2015_00225.jpg,341,178,480,431,139,253,10
2015_00226.jpg,231,215,404,334,173,119,0
2015_00226.jpg,287,163,370,333,83,170,10
2015_00227.jpg,157,141,207,173,50,32,6
2015_00227.jpg,253,100,467,331,214,231,0
2015_00228.jpg,23,67,328,268,305,201,4
2015_00228.jpg,351,123,496,254,145,131,0
2015_00229.jpg,27,468,289,829,262,361,0
2015_00229.jpg,617,608,700,743,83,135,10
2015_00230.jpg,123,210,161,252,38,42,4
2015_00230.jpg,150,210,189,247,39,37,4
2015_00230.jpg,234,209,272,288,38,79,10
2015_00230.jpg,179,209,215,289,36,80,10
2015_00230.jpg,22,204,54,293,32,89,10
2015_00230.jpg,4,209,33,283,29,74,10
2015_00230.jpg,178,237,212,302,34,65,0
2015_00230.jpg,327,185,474,354,147,169,4
2015_00230.jpg,293,210,317,235,24,25,4
2015_00230.jpg,229,233,272,303,43,70,0
2015_00230.jpg,275,212,305,243,30,31,4
2015_00230.jpg,46,202,134,259,88,57,4
2015_00231.jpg,329,247,608,430,279,183,0
2015_00232.jpg,43,175,99,228,56,53,10
2015_00232.jpg,307,152,440,254,133,102,0
2015_00232.jpg,109,211,155,260,46,49,6
2015_00232.jpg,117,191,168,252,51,61,10
2015_00232.jpg,11,178,36,228,25,50,10
2015_00232.jpg,312,147,357,200,45,53,10
2015_00232.jpg,284,144,306,201,22,57,10
2015_00232.jpg,183,66,452,277,269,211,3
2015_00233.jpg,228,103,285,226,57,123,10
2015_00233.jpg,104,96,191,265,87,169,10
2015_00233.jpg,302,96,388,269,86,173,10
2015_00233.jpg,71,104,131,181,60,77,10
2015_00233.jpg,71,151,133,236,62,85,0
2015_00233.jpg,173,118,192,146,19,28,10
2015_00233.jpg,231,153,291,256,60,103,0
2015_00233.jpg,298,189,398,326,100,137,0
2015_00233.jpg,184,130,210,199,26,69,10
2015_00233.jpg,90,175,185,326,95,151,0
2015_00233.jpg,3,125,98,217,95,92,4
2015_00233.jpg,342,122,488,264,146,142,4
2015_00233.jpg,278,134,312,183,34,49,4
2015_00233.jpg,178,149,211,210,33,61,0
2015_00234.jpg,482,414,798,664,316,250,0
2015_00234.jpg,159,374,669,665,510,291,0
2015_00234.jpg,380,187,597,616,217,429,10
2015_00234.jpg,552,271,737,646,185,375,10
2015_00235.jpg,31,264,66,337,35,73,10
2015_00235.jpg,155,280,330,394,175,114,0
2015_00235.jpg,30,297,70,349,40,52,0
2015_00235.jpg,60,264,100,349,40,85,10
2015_00235.jpg,56,302,103,355,47,53,0
2015_00236.jpg,105,187,220,413,115,226,0
2015_00237.jpg,120,188,163,299,43,111,0
2015_00237.jpg,84,140,144,297,60,157,10
2015_00238.jpg,27,206,53,245,26,39,10
2015_00238.jpg,113,220,131,244,18,24,9
2015_00238.jpg,80,203,105,246,25,43,10
2015_00238.jpg,121,212,137,235,16,23,10
2015_00238.jpg,221,216,286,308,65,92,0
2015_00238.jpg,287,221,340,261,53,40,0
2015_00238.jpg,2,205,24,243,22,38,10
2015_00238.jpg,363,219,375,247,12,28,10
2015_00238.jpg,380,214,396,251,16,37,10
2015_00238.jpg,297,201,332,252,35,51,10
2015_00238.jpg,437,213,453,254,16,41,10
2015_00238.jpg,228,154,284,300,56,146,10
2015_00238.jpg,399,195,432,265,33,70,10
2015_00238.jpg,457,212,486,254,29,42,10
2015_00238.jpg,373,220,451,274,78,54,0
2015_00239.jpg,76,49,423,302,347,253,0
2015_00240.jpg,207,86,227,137,20,51,10
2015_00240.jpg,178,137,350,283,172,146,0
2015_00241.jpg,248,172,628,456,380,284,0
2015_00241.jpg,141,534,458,676,317,142,11
2015_00242.jpg,283,266,339,337,56,71,0
2015_00242.jpg,285,292,305,322,20,30,8
2015_00242.jpg,261,230,276,269,15,39,10
2015_00242.jpg,249,230,265,267,16,37,10
2015_00242.jpg,73,255,135,317,62,62,0
2015_00242.jpg,148,234,178,272,30,38,0
2015_00242.jpg,182,245,211,292,29,47,0
2015_00243.jpg,445,262,497,458,52,196,10
2015_00243.jpg,490,280,572,422,82,142,10
2015_00243.jpg,242,255,320,448,78,193,10
2015_00243.jpg,147,249,223,439,76,190,10
2015_00243.jpg,25,342,158,437,133,95,0
2015_00243.jpg,440,350,737,509,297,159,0
2015_00243.jpg,695,274,892,539,197,265,10
2015_00243.jpg,213,324,353,448,140,124,0
2015_00243.jpg,351,325,471,422,120,97,0
2015_00244.jpg,202,451,546,678,344,227,0
2015_00244.jpg,299,312,473,626,174,314,10
2015_00245.jpg,348,294,531,572,183,278,0
2015_00245.jpg,126,230,425,668,299,438,10
2015_00245.jpg,557,77,765,641,208,564,10
2015_00246.jpg,128,73,626,395,498,322,0
2015_00246.jpg,488,336,1020,618,532,282,0
2015_00246.jpg,9,57,376,320,367,263,4
2015_00246.jpg,923,88,1022,381,99,293,0
2015_00246.jpg,502,60,965,318,463,258,4
2015_00246.jpg,360,104,432,171,72,67,4
2015_00247.jpg,89,195,313,635,224,440,0
2015_00247.jpg,280,183,467,627,187,444,0
2015_00248.jpg,2,160,225,357,223,197,0
2015_00248.jpg,216,155,561,371,345,216,0
2015_00249.jpg,6,2,904,681,898,679,0
2015_00250.jpg,480,63,506,132,26,69,10
2015_00250.jpg,378,61,414,109,36,48,10
2015_00250.jpg,145,99,294,264,149,165,0
2015_00250.jpg,541,48,637,127,96,79,3
2015_00250.jpg,456,88,528,142,72,54,0
2015_00250.jpg,245,104,358,253,113,149,10
2015_00250.jpg,126,60,172,93,46,33,10
2015_00250.jpg,165,66,213,133,48,67,10
2015_00250.jpg,208,66,235,121,27,55,10
2015_00250.jpg,233,65,272,136,39,71,10
2015_00250.jpg,275,65,291,111,16,46,10
2015_00250.jpg,318,67,349,121,31,54,10
2015_00250.jpg,357,93,436,145,79,52,0
2015_00250.jpg,522,52,551,142,29,90,10
2015_00251.jpg,314,138,604,335,290,197,0
2015_00251.jpg,132,120,451,346,319,226,0
2015_00252.jpg,274,250,474,454,200,204,4
2015_00252.jpg,121,294,238,508,117,214,0
2015_00253.jpg,312,126,351,227,39,101,10
2015_00253.jpg,183,176,256,296,73,120,0
2015_00253.jpg,363,121,410,245,47,124,10
2015_00253.jpg,181,111,255,276,74,165,10
2015_00253.jpg,260,136,310,172,50,36,4
2015_00253.jpg,10,125,120,213,110,88,4
2015_00254.jpg,111,174,428,673,317,499,0
2015_00255.jpg,212,355,242,443,30,88,10
2015_00255.jpg,104,374,181,436,77,62,0
2015_00255.jpg,5,368,105,450,100,82,0
2015_00255.jpg,138,356,152,390,14,34,10
2015_00255.jpg,166,359,179,385,13,26,10
2015_00255.jpg,188,357,217,414,29,57,10
2015_00255.jpg,241,348,280,439,39,91,10
2015_00256.jpg,94,136,205,302,111,166,0
2015_00257.jpg,94,291,471,590,377,299,0
2015_00258.jpg,197,225,254,332,57,107,10
2015_00258.jpg,199,270,256,353,57,83,0
2015_00259.jpg,164,428,355,564,191,136,0
2015_00260.jpg,236,355,356,443,120,88,0
2015_00260.jpg,773,358,992,533,219,175,0
2015_00261.jpg,318,248,359,299,41,51,10
2015_00261.jpg,404,219,497,309,93,90,0
2015_00261.jpg,206,225,314,314,108,89,0
2015_00261.jpg,370,241,416,294,46,53,10
2015_00262.jpg,436,184,533,289,97,105,0
2015_00262.jpg,444,158,532,263,88,105,10
2015_00263.jpg,3,152,108,217,105,65,4
2015_00263.jpg,364,181,443,227,79,46,0
2015_00264.jpg,197,178,350,325,153,147,0
2015_00264.jpg,435,137,498,286,63,149,10
2015_00264.jpg,371,185,469,284,98,99,0
2015_00264.jpg,512,197,578,261,66,64,0
2015_00265.jpg,28,45,403,426,375,381,0
2015_00266.jpg,192,147,250,228,58,81,0
2015_00266.jpg,219,114,255,147,36,33,4
2015_00266.jpg,286,110,329,143,43,33,4
2015_00266.jpg,315,113,372,156,57,43,4
2015_00267.jpg,190,245,243,385,53,140,10
2015_00267.jpg,491,235,638,436,147,201,4
2015_00267.jpg,86,237,149,413,63,176,10
2015_00267.jpg,442,235,515,392,73,157,10
2015_00267.jpg,397,342,639,608,242,266,0
2015_00267.jpg,150,245,201,333,51,88,10
2015_00267.jpg,557,188,639,242,82,54,3
2015_00267.jpg,3,255,38,320,35,65,10
2015_00267.jpg,33,249,92,321,59,72,10
2015_00268.jpg,99,410,169,515,70,105,0
2015_00268.jpg,166,421,243,522,77,101,0
2015_00268.jpg,233,404,308,529,75,125,0
2015_00268.jpg,4,372,29,466,25,94,10
2015_00268.jpg,31,379,58,468,27,89,10
2015_00268.jpg,48,383,78,425,30,42,10
2015_00268.jpg,48,406,139,493,91,87,0
2015_00269.jpg,11,547,231,759,220,212,0
2015_00269.jpg,502,416,613,645,111,229,10
2015_00269.jpg,715,409,781,621,66,212,10
2015_00270.jpg,3,3,558,621,555,618,0
2015_00271.jpg,178,356,321,591,143,235,0
2015_00271.jpg,696,375,1021,575,325,200,0
2015_00271.jpg,384,386,723,569,339,183,0
2015_00272.jpg,3,92,424,636,421,544,0
2015_00272.jpg,362,29,421,145,59,116,10
2015_00273.jpg,227,188,242,223,15,35,10
2015_00273.jpg,3,206,92,396,89,190,4
2015_00273.jpg,35,195,134,287,99,92,4
2015_00273.jpg,83,181,160,266,77,85,4
2015_00273.jpg,300,252,379,322,79,70,11
2015_00273.jpg,425,246,475,313,50,67,11
2015_00273.jpg,406,262,454,331,48,69,6
2015_00273.jpg,468,246,520,321,52,75,6
2015_00273.jpg,327,260,383,336,56,76,6
2015_00273.jpg,266,250,316,324,50,74,6
2015_00273.jpg,413,199,460,250,47,51,10
2015_00273.jpg,396,197,421,235,25,38,10
2015_00273.jpg,30,264,161,445,131,181,0
2015_00273.jpg,361,204,397,281,36,77,10
2015_00273.jpg,338,201,375,253,37,52,10
2015_00273.jpg,257,201,299,246,42,45,10
2015_00273.jpg,180,211,205,255,25,44,0
2015_00273.jpg,315,201,344,247,29,46,10
2015_00273.jpg,140,211,182,300,42,89,0
2015_00274.jpg,883,303,1022,479,139,176,0
2015_00274.jpg,511,279,804,475,293,196,0
2015_00274.jpg,312,271,615,458,303,187,0
2015_00275.jpg,82,179,111,262,29,83,10
2015_00275.jpg,61,213,142,267,81,54,0
2015_00276.jpg,335,165,370,183,35,18,4
2015_00276.jpg,73,172,94,203,21,31,0
2015_00276.jpg,184,167,323,208,139,41,1
2015_00276.jpg,320,183,507,220,187,37,1
2015_00276.jpg,34,195,127,330,93,135,0
2015_00276.jpg,369,168,408,185,39,17,4
2015_00276.jpg,416,168,467,186,51,18,4
2015_00277.jpg,42,323,150,402,108,79,0
2015_00277.jpg,167,286,188,330,21,44,10
2015_00277.jpg,317,297,332,331,15,34,10
2015_00278.jpg,288,103,405,230,117,127,0
2015_00278.jpg,298,5,381,198,83,193,10
2015_00279.jpg,178,175,204,222,26,47,0
2015_00279.jpg,316,162,340,191,24,29,10
2015_00279.jpg,5,210,181,337,176,127,0
2015_00279.jpg,282,158,295,191,13,33,10
2015_00279.jpg,251,157,267,189,16,32,10
2015_00279.jpg,348,153,387,189,39,36,10
2015_00279.jpg,200,189,250,277,50,88,0
2015_00280.jpg,193,122,244,229,51,107,10
2015_00280.jpg,244,118,309,273,65,155,10
2015_00280.jpg,132,110,200,298,68,188,10
2015_00280.jpg,22,159,85,227,63,68,10
2015_00280.jpg,2,169,106,258,104,89,0
2015_00280.jpg,120,201,230,303,110,102,0
2015_00280.jpg,250,171,334,284,84,113,0
2015_00280.jpg,42,139,74,169,32,30,10
2015_00280.jpg,381,114,428,272,47,158,10
2015_00280.jpg,370,180,445,283,75,103,0
2015_00280.jpg,190,164,237,235,47,71,0
2015_00281.jpg,33,262,61,316,28,54,10
2015_00281.jpg,283,262,307,324,24,62,10
2015_00281.jpg,140,295,226,356,86,61,0
2015_00281.jpg,268,266,290,327,22,61,10
2015_00281.jpg,306,268,333,324,27,56,10
2015_00281.jpg,172,275,216,346,44,71,10
2015_00281.jpg,381,268,398,313,17,45,10
2015_00281.jpg,353,271,373,319,20,48,10
2015_00281.jpg,74,264,93,317,19,53,10
2015_00282.jpg,273,164,413,296,140,132,0
2015_00282.jpg,274,101,381,255,107,154,10
2015_00283.jpg,56,204,172,283,116,79,0
2015_00284.jpg,3,8,432,337,429,329,0
2015_00285.jpg,39,266,138,430,99,164,0
2015_00286.jpg,512,187,575,347,63,160,10
2015_00286.jpg,565,197,619,350,54,153,10
2015_00286.jpg,473,198,525,347,52,149,10
2015_00286.jpg,402,203,468,350,66,147,10
2015_00286.jpg,315,222,350,253,35,31,10
2015_00286.jpg,256,212,286,253,30,41,10
2015_00286.jpg,522,254,639,397,117,143,0
2015_00286.jpg,296,257,413,344,117,87,0
2015_00286.jpg,31,254,114,352,83,98,0
2015_00287.jpg,114,241,162,312,48,71,10
2015_00287.jpg,228,231,254,287,26,56,10
2015_00287.jpg,255,234,273,280,18,46,10
2015_00287.jpg,322,263,434,351,112,88,0
2015_00287.jpg,184,231,219,296,35,65,10
2015_00288.jpg,130,288,162,356,32,68,10
2015_00288.jpg,282,287,343,357,61,70,10
2015_00288.jpg,989,281,1019,405,30,124,10
2015_00288.jpg,936,288,963,371,27,83,10
2015_00288.jpg,891,289,930,372,39,83,10
2015_00288.jpg,802,289,826,357,24,68,10
2015_00288.jpg,388,289,415,364,27,75,10
2015_00288.jpg,539,329,655,423,116,94,0
2015_00288.jpg,291,350,404,427,113,77,9
2015_00288.jpg,962,289,998,356,36,67,10
2015_00288.jpg,422,291,449,354,27,63,10
2015_00288.jpg,679,297,711,370,32,73,10
2015_00288.jpg,636,295,662,368,26,73,10
2015_00288.jpg,572,296,644,414,72,118,10
2015_00288.jpg,535,296,565,348,30,52,10
2015_00288.jpg,193,291,236,382,43,91,10
2015_00288.jpg,223,291,263,351,40,60,10
2015_00288.jpg,844,298,877,374,33,76,10
2015_00288.jpg,921,325,960,377,39,52,6
2015_00288.jpg,495,285,529,364,34,79,10
2015_00288.jpg,471,290,498,354,27,64,10
2015_00288.jpg,24,287,103,373,79,86,10
2015_00288.jpg,437,283,469,376,32,93,10
2015_00289.jpg,11,32,638,475,627,443,0
2015_00290.jpg,45,31,639,418,594,387,0
2015_00291.jpg,55,48,608,429,553,381,0
2015_00292.jpg,117,238,318,376,201,138,0
2015_00292.jpg,330,183,396,252,66,69,10
2015_00292.jpg,579,242,612,270,33,28,4
2015_00292.jpg,122,67,568,390,446,323,3
2015_00293.jpg,697,244,814,289,117,45,4
2015_00293.jpg,101,260,163,312,62,52,4
2015_00293.jpg,646,319,860,470,214,151,0
2015_00293.jpg,390,259,522,306,132,47,4
2015_00293.jpg,539,245,556,289,17,44,10
2015_00293.jpg,402,312,498,439,96,127,10
2015_00293.jpg,794,244,896,295,102,51,4
2015_00293.jpg,6,334,223,474,217,140,0
2015_00293.jpg,595,252,751,312,156,60,4
2015_00293.jpg,57,258,115,294,58,36,4
2015_00293.jpg,775,268,898,340,123,72,4
2015_00293.jpg,291,245,310,283,19,38,10
2015_00293.jpg,285,273,333,301,48,28,0
2015_00293.jpg,251,247,284,295,33,48,10
2015_00294.jpg,10,147,187,309,177,162,9
2015_00294.jpg,477,150,605,374,128,224,0
2015_00294.jpg,483,22,602,316,119,294,10
2015_00294.jpg,321,146,445,312,124,166,0
2015_00294.jpg,349,75,437,257,88,182,10
2015_00295.jpg,479,243,505,289,26,46,10
2015_00295.jpg,584,242,639,298,55,56,4
2015_00295.jpg,372,252,453,295,81,43,4
2015_00295.jpg,464,254,527,294,63,40,9
2015_00295.jpg,86,234,137,345,51,111,10
2015_00295.jpg,138,263,164,333,26,70,10
2015_00295.jpg,71,262,150,355,79,93,0
2015_00295.jpg,296,276,345,336,49,60,10
2015_00295.jpg,176,282,199,324,23,42,10
2015_00295.jpg,194,278,225,329,31,51,10
2015_00295.jpg,220,277,246,333,26,56,10
2015_00295.jpg,562,261,579,285,17,24,10
2015_00295.jpg,256,246,282,292,26,46,10
2015_00295.jpg,252,274,318,349,66,75,10
2015_00296.jpg,252,224,285,289,33,65,10
2015_00296.jpg,493,236,550,283,57,47,4
2015_00296.jpg,548,233,594,268,46,35,4
2015_00296.jpg,388,227,406,278,18,51,10
2015_00296.jpg,371,227,392,277,21,50,10
2015_00296.jpg,347,217,366,282,19,65,10
2015_00296.jpg,246,244,295,295,49,51,0
2015_00297.jpg,367,197,428,290,61,93,0
2015_00297.jpg,165,257,185,270,20,13,4
2015_00298.jpg,12,66,624,399,612,333,0
2015_00299.jpg,238,411,374,550,136,139,0
2015_00300.jpg,7,388,472,634,465,246,0
2015_00300.jpg,202,373,270,428,68,55,4
2015_00300.jpg,291,376,356,417,65,41,4
2015_00301.jpg,405,149,617,682,212,533,10
2015_00301.jpg,386,311,741,663,355,352,0
2015_00302.jpg,186,101,436,377,250,276,10
2015_00302.jpg,164,195,478,432,314,237,0
2015_00303.jpg,96,14,285,378,189,364,10
2015_00303.jpg,60,133,308,419,248,286,0
2015_00304.jpg,103,40,354,341,251,301,0
2015_00305.jpg,285,199,378,323,93,124,0
2015_00305.jpg,12,198,118,326,106,128,0
2015_00305.jpg,171,209,239,328,68,119,0
2015_00305.jpg,429,197,563,334,134,137,0
2015_00306.jpg,70,103,312,294,242,191,0
2015_00307.jpg,110,287,300,412,190,125,0
2015_00308.jpg,68,425,603,764,535,339,0
2015_00309.jpg,350,281,438,413,88,132,0
2015_00309.jpg,209,232,233,290,24,58,10
2015_00309.jpg,181,234,222,323,41,89,10
2015_00309.jpg,264,229,307,333,43,104,10
2015_00309.jpg,84,237,121,318,37,81,10
2015_00309.jpg,37,230,86,335,49,105,10
2015_00309.jpg,118,220,160,353,42,133,10
2015_00309.jpg,145,231,201,355,56,124,10
2015_00310.jpg,134,129,164,170,30,41,8
2015_00310.jpg,310,63,552,264,242,201,0
2015_00310.jpg,313,75,352,176,39,101,10
2015_00310.jpg,255,68,299,187,44,119,10
2015_00311.jpg,369,196,600,470,231,274,0
2015_00312.jpg,345,275,602,462,257,187,0
2015_00313.jpg,367,241,2118,1448,1751,1207,0
2015_00314.jpg,206,343,268,450,62,107,0
2015_00315.jpg,273,148,568,407,295,259,0
2015_00315.jpg,153,150,407,324,254,174,0
2015_00315.jpg,101,140,235,272,134,132,0
2015_00316.jpg,49,77,425,365,376,288,0
2015_00317.jpg,201,16,631,468,430,452,0
2015_00318.jpg,109,234,245,319,136,85,0
2015_00319.jpg,362,66,384,97,22,31,10
2015_00319.jpg,326,214,388,273,62,59,0
2015_00319.jpg,205,89,259,138,54,49,10
2015_00319.jpg,265,121,283,150,18,29,10
2015_00319.jpg,285,112,311,143,26,31,10
2015_00319.jpg,390,218,519,298,129,80,0
2015_00319.jpg,304,75,346,124,42,49,10
2015_00319.jpg,282,86,301,108,19,22,10
2015_00319.jpg,440,177,480,256,40,79,10
2015_00319.jpg,526,174,577,278,51,104,10
2015_00319.jpg,407,181,463,291,56,110,10
2015_00319.jpg,217,112,265,153,48,41,10
2015_00320.jpg,26,285,54,305,28,20,4
2015_00320.jpg,205,340,275,429,70,89,0
2015_00320.jpg,153,296,209,332,56,36,4
2015_00320.jpg,293,299,375,344,82,45,4
2015_00320.jpg,212,304,260,404,48,100,10
2015_00321.jpg,72,146,172,268,100,122,0
2015_00321.jpg,145,173,218,285,73,112,10
2015_00322.jpg,36,256,218,387,182,131,0
2015_00323.jpg,15,322,801,941,786,619,0
2015_00323.jpg,813,335,1622,876,809,541,0
2015_00324.jpg,65,315,269,505,204,190,0
2015_00325.jpg,29,485,96,506,67,21,11
2015_00325.jpg,93,473,141,505,48,32,6
2015_00325.jpg,291,433,313,473,22,40,9
2015_00325.jpg,129,432,230,477,101,45,0
2015_00325.jpg,294,437,338,505,44,68,10
2015_00325.jpg,14,437,110,480,96,43,0
2015_00325.jpg,217,446,276,505,59,59,10
2015_00325.jpg,105,430,130,474,25,44,9
2015_00325.jpg,260,427,284,474,24,47,9
2015_00325.jpg,69,471,106,491,37,20,11
2015_00326.jpg,132,5,590,474,458,469,0
2015_00327.jpg,330,14,610,333,280,319,0
2015_00328.jpg,10,85,340,459,330,374,0
2015_00328.jpg,376,51,423,225,47,174,10
2015_00328.jpg,315,67,378,225,63,158,10
2015_00329.jpg,283,221,373,341,90,120,10
2015_00329.jpg,225,261,363,403,138,142,0
2015_00330.jpg,93,188,485,334,392,146,0
2015_00331.jpg,454,176,610,422,156,246,0
2015_00332.jpg,211,51,249,165,38,114,10
2015_00332.jpg,313,99,381,179,68,80,9
2015_00332.jpg,141,85,173,160,32,75,10
2015_00332.jpg,172,112,206,155,34,43,6
2015_00332.jpg,175,93,203,140,28,47,10
2015_00332.jpg,33,162,314,387,281,225,0
2015_00333.jpg,300,98,449,332,149,234,10
2015_00333.jpg,257,184,536,384,279,200,0
2015_00333.jpg,35,89,422,413,387,324,10
2015_00334.jpg,217,346,246,411,29,65,10
2015_00334.jpg,86,386,236,477,150,91,0
2015_00334.jpg,263,377,323,432,60,55,0
2015_00334.jpg,45,377,167,450,122,73,0
2015_00334.jpg,271,344,309,428,38,84,10
2015_00334.jpg,148,333,200,447,52,114,10
2015_00334.jpg,91,335,143,451,52,116,10
2015_00334.jpg,317,347,360,371,43,24,4
2015_00334.jpg,530,343,635,391,105,48,4
2015_00334.jpg,380,345,572,424,192,79,4
2015_00335.jpg,485,292,637,505,152,213,4
2015_00335.jpg,91,299,213,352,122,53,4
2015_00335.jpg,406,289,443,321,37,32,4
2015_00335.jpg,350,296,387,314,37,18,4
2015_00335.jpg,213,325,352,483,139,158,0
2015_00335.jpg,254,252,329,427,75,175,10
2015_00336.jpg,183,352,391,526,208,174,0
2015_00337.jpg,143,295,177,319,34,24,4
2015_00337.jpg,169,294,221,325,52,31,4
2015_00337.jpg,46,282,363,476,317,194,0
2015_00338.jpg,332,180,407,416,75,236,10
2015_00338.jpg,363,238,467,426,104,188,0
2015_00339.jpg,145,130,360,269,215,139,9
2015_00339.jpg,188,92,424,350,236,258,0
2015_00339.jpg,1,94,159,333,158,239,0
2015_00340.jpg,457,150,520,219,63,69,10
2015_00340.jpg,138,147,162,203,24,56,10
2015_00340.jpg,289,163,362,194,73,31,4
2015_00340.jpg,559,184,638,294,79,110,0
2015_00340.jpg,184,145,257,260,73,115,10
2015_00340.jpg,7,198,84,309,77,111,0
2015_00340.jpg,581,155,610,207,29,52,10
2015_00340.jpg,304,211,429,302,125,91,0
2015_00340.jpg,87,194,162,255,75,61,0
2015_00340.jpg,472,198,536,267,64,69,0
2015_00340.jpg,176,186,341,271,165,85,0
2015_00340.jpg,50,152,83,263,33,111,10
2015_00340.jpg,266,155,298,251,32,96,10
2015_00340.jpg,9,146,41,236,32,90,10
2015_00340.jpg,430,150,482,190,52,40,10
2015_00340.jpg,367,152,421,297,54,145,10
2015_00340.jpg,101,150,146,248,45,98,10
2015_00341.jpg,330,209,618,400,288,191,0
2015_00342.jpg,187,288,256,384,69,96,10
2015_00342.jpg,455,243,524,339,69,96,10
2015_00342.jpg,423,276,545,375,122,99,0
2015_00342.jpg,133,329,285,435,152,106,0
2015_00343.jpg,96,361,330,753,234,392,0
2015_00343.jpg,219,196,424,643,205,447,10
2015_00343.jpg,94,235,218,518,124,283,10
2015_00344.jpg,299,359,401,418,102,59,5
2015_00344.jpg,49,402,296,570,247,168,0
2015_00344.jpg,240,355,259,428,19,73,10
2015_00344.jpg,208,353,237,413,29,60,10
2015_00345.jpg,398,298,1223,826,825,528,0
2015_00346.jpg,4,222,113,394,109,172,0
2015_00346.jpg,96,192,334,406,238,214,0
2015_00347.jpg,343,233,446,303,103,70,6
2015_00347.jpg,63,241,294,412,231,171,0
2015_00347.jpg,373,206,419,277,46,71,10
2015_00348.jpg,168,312,404,547,236,235,6
2015_00348.jpg,26,262,92,347,66,85,0
2015_00348.jpg,75,258,230,490,155,232,0
2015_00349.jpg,79,266,394,470,315,204,0
2015_00350.jpg,261,432,541,625,280,193,0
2015_00350.jpg,785,442,894,607,109,165,0
2015_00350.jpg,567,455,787,624,220,169,0
2015_00351.jpg,379,191,478,254,99,63,4
2015_00351.jpg,253,189,369,293,116,104,0
2015_00352.jpg,206,34,341,258,135,224,0
2015_00352.jpg,507,101,638,263,131,162,0
2015_00353.jpg,236,191,569,399,333,208,0
2015_00353.jpg,36,206,91,253,55,47,0
2015_00353.jpg,174,187,246,237,72,50,4
2015_00354.jpg,6,235,882,678,876,443,0
2015_00355.jpg,784,385,930,569,146,184,0
2015_00355.jpg,482,422,763,675,281,253,0
2015_00355.jpg,915,374,1023,535,108,161,0
2015_00356.jpg,309,259,522,471,213,212,0
2015_00357.jpg,33,242,232,391,199,149,0
2015_00358.jpg,166,320,454,482,288,162,0
2015_00359.jpg,22,292,106,355,84,63,0
2015_00360.jpg,43,213,327,412,284,199,0
2015_00361.jpg,22,314,211,450,189,136,6
2015_00361.jpg,82,305,216,477,134,172,0
2015_00362.jpg,248,83,334,379,86,296,10
2015_00362.jpg,110,251,307,568,197,317,0
2015_00362.jpg,91,67,167,361,76,294,10
2015_00362.jpg,642,113,716,361,74,248,10
2015_00362.jpg,122,28,300,535,178,507,10
2015_00363.jpg,62,28,472,361,410,333,0
2015_00364.jpg,15,58,480,333,465,275,0
2015_00365.jpg,242,125,320,258,78,133,0
2015_00365.jpg,191,63,242,220,51,157,10
2015_00365.jpg,256,210,375,407,119,197,0
2015_00366.jpg,439,245,568,662,129,417,10
2015_00366.jpg,251,389,516,607,265,218,0
2015_00366.jpg,17,427,370,714,353,287,0
2015_00366.jpg,611,258,764,701,153,443,10
2015_00366.jpg,7,215,208,585,201,370,10
2015_00366.jpg,90,267,218,478,128,211,10
2015_00366.jpg,91,296,285,695,194,399,10
2015_00367.jpg,440,240,576,302,136,62,4
2015_00367.jpg,175,320,471,788,296,468,0
2015_00367.jpg,129,100,377,690,248,590,10
2015_00368.jpg,131,311,240,384,109,73,0
2015_00369.jpg,137,312,203,464,66,152,0
2015_00369.jpg,202,288,303,388,101,100,0
2015_00370.jpg,228,286,282,396,54,110,10
2015_00370.jpg,481,228,502,291,21,63,10
2015_00370.jpg,473,220,488,272,15,52,10
2015_00370.jpg,347,254,372,331,25,77,10
2015_00370.jpg,228,228,252,278,24,50,10
2015_00370.jpg,596,261,627,345,31,84,10
2015_00370.jpg,211,227,233,279,22,52,10
2015_00370.jpg,525,229,545,283,20,54,10
2015_00370.jpg,317,253,341,332,24,79,10
2015_00370.jpg,470,321,582,407,112,86,0
2015_00370.jpg,58,249,93,311,35,62,10
2015_00370.jpg,17,235,46,318,29,83,10
2015_00370.jpg,177,206,217,245,40,39,10
2015_00370.jpg,262,230,281,297,19,67,10
2015_00370.jpg,284,210,308,247,24,37,10
2015_00370.jpg,581,233,615,298,34,65,10
2015_00370.jpg,385,290,415,372,30,82,10
2015_00370.jpg,188,233,214,278,26,45,10
2015_00370.jpg,405,230,427,264,22,34,10
2015_00370.jpg,503,292,538,408,35,116,10
2015_00370.jpg,137,205,158,242,21,37,10
2015_00370.jpg,408,255,439,320,31,65,10
2015_00370.jpg,501,226,525,289,24,63,10
2015_00370.jpg,551,258,580,337,29,79,10
2015_00370.jpg,314,224,337,265,23,41,10
2015_00370.jpg,441,233,466,294,25,61,10
2015_00370.jpg,340,228,361,282,21,54,10
2015_00370.jpg,244,206,267,247,23,41,10
2015_00370.jpg,177,311,243,419,66,108,10
2015_00370.jpg,367,218,394,257,27,39,10
2015_00370.jpg,286,250,316,334,30,84,10
2015_00370.jpg,164,237,184,276,20,39,10
2015_00370.jpg,449,256,487,348,38,92,10
2015_00370.jpg,381,237,405,295,24,58,10
2015_00371.jpg,117,33,484,375,367,342,0
2015_00372.jpg,190,432,223,478,33,46,10
2015_00372.jpg,151,430,187,490,36,60,10
2015_00372.jpg,5,427,36,497,31,70,10
2015_00372.jpg,291,434,306,456,15,22,9
2015_00372.jpg,3,455,40,504,37,49,9
2015_00372.jpg,143,454,182,506,39,52,9
2015_00372.jpg,191,448,221,492,30,44,9
2015_00372.jpg,244,444,281,480,37,36,0
2015_00372.jpg,254,427,274,466,20,39,10
2015_00372.jpg,293,426,306,448,13,22,10
2015_00373.jpg,34,3,178,216,144,213,10
2015_00373.jpg,4,72,241,237,237,165,0
2015_00374.jpg,9,44,126,255,117,211,0
2015_00375.jpg,282,175,542,362,260,187,0
2015_00375.jpg,347,81,496,302,149,221,10
2015_00376.jpg,323,128,406,164,83,36,4
2015_00376.jpg,191,120,220,143,29,23,4
2015_00376.jpg,217,123,251,144,34,21,4
2015_00376.jpg,417,89,481,196,64,107,10
2015_00376.jpg,399,131,494,217,95,86,0
2015_00377.jpg,88,129,127,195,39,66,10
2015_00377.jpg,23,182,257,403,234,221,0
2015_00377.jpg,489,107,509,135,20,28,10
2015_00377.jpg,141,135,367,219,226,84,0
2015_00377.jpg,389,115,410,151,21,36,10
2015_00377.jpg,174,122,217,160,43,38,10
2015_00377.jpg,302,114,322,163,20,49,10
2015_00377.jpg,319,119,335,142,16,23,10
2015_00377.jpg,222,123,248,156,26,33,10
2015_00377.jpg,252,120,276,152,24,32,10
2015_00377.jpg,233,125,581,400,348,275,0
2015_00377.jpg,156,187,561,475,405,288,0
2015_00378.jpg,247,302,297,400,50,98,0
2015_00378.jpg,239,263,294,385,55,122,10
2015_00378.jpg,500,274,616,354,116,80,4
2015_00378.jpg,582,282,638,378,56,96,4
2015_00378.jpg,399,264,475,330,76,66,4
2015_00378.jpg,454,258,567,343,113,85,4
2015_00378.jpg,68,272,193,377,125,105,4
2015_00378.jpg,307,240,365,292,58,52,4
2015_00378.jpg,313,266,405,338,92,72,4
2015_00379.jpg,273,63,368,342,95,279,10
2015_00379.jpg,428,243,566,365,138,122,0
2015_00379.jpg,315,197,453,365,138,168,10
2015_00379.jpg,35,82,316,295,281,213,4
2015_00380.jpg,225,442,329,639,104,197,0
2015_00380.jpg,2,471,182,636,180,165,4
2015_00380.jpg,187,369,262,430,75,61,4
2015_00380.jpg,86,395,250,505,164,110,4
2015_00381.jpg,221,26,258,77,37,51,10
2015_00381.jpg,213,42,272,90,59,48,0
2015_00382.jpg,320,265,342,329,22,64,10
2015_00382.jpg,306,287,346,337,40,50,0
2015_00383.jpg,189,415,255,486,66,71,10
2015_00383.jpg,6,490,118,602,112,112,9
2015_00383.jpg,209,456,251,520,42,64,6
2015_00383.jpg,390,408,470,587,80,179,9
2015_00383.jpg,320,397,425,623,105,226,10
2015_00383.jpg,300,435,366,572,66,137,9
2015_00383.jpg,103,424,205,578,102,154,0
2015_00384.jpg,114,166,132,194,18,28,10
2015_00384.jpg,66,167,92,258,26,91,10
2015_00384.jpg,388,131,451,289,63,158,10
2015_00384.jpg,39,174,63,209,24,35,10
2015_00384.jpg,246,211,436,392,190,181,0
2015_00384.jpg,129,151,181,197,52,46,10
2015_00384.jpg,7,176,48,279,41,103,10
2015_00384.jpg,201,163,408,249,207,86,4
2015_00384.jpg,265,112,361,348,96,236,10
2015_00385.jpg,557,179,633,286,76,107,0
2015_00385.jpg,13,98,585,329,572,231,3
2015_00386.jpg,246,288,408,366,162,78,6
2015_00386.jpg,428,270,491,370,63,100,0
2015_00386.jpg,348,260,400,355,52,95,10
2015_00387.jpg,6,477,125,579,119,102,3
2015_00387.jpg,353,535,397,598,44,63,0
2015_00387.jpg,349,506,448,583,99,77,4
2015_00387.jpg,354,518,392,589,38,71,10
2015_00387.jpg,313,500,361,549,48,49,4
2015_00387.jpg,147,471,215,556,68,85,3
2015_00388.jpg,264,431,336,524,72,93,0
2015_00389.jpg,518,93,588,383,70,290,10
2015_00389.jpg,380,65,546,418,166,353,10
2015_00389.jpg,205,18,371,188,166,170,0
2015_00389.jpg,4,141,459,418,455,277,4
2015_00389.jpg,1,1,173,145,172,144,0
2015_00389.jpg,200,202,347,423,147,221,10
2015_00389.jpg,80,199,243,422,163,223,10
2015_00389.jpg,371,113,415,199,44,86,10
2015_00389.jpg,315,192,460,421,145,229,10
2015_00389.jpg,399,109,450,164,51,55,10
2015_00390.jpg,173,328,249,534,76,206,0
2015_00390.jpg,118,283,212,529,94,246,10
2015_00391.jpg,558,513,722,705,164,192,0
2015_00391.jpg,226,727,1306,1502,1080,775,0
2015_00391.jpg,523,331,985,1315,462,984,10
2015_00391.jpg,693,1031,845,1187,152,156,2
2015_00391.jpg,822,1055,893,1225,71,170,2
2015_00391.jpg,981,484,1171,581,190,97,4
2015_00391.jpg,434,460,544,531,110,71,4
2015_00392.jpg,67,5,425,326,358,321,0
2015_00393.jpg,585,279,638,378,53,99,4
2015_00393.jpg,502,277,613,355,111,78,4
2015_00393.jpg,457,255,569,345,112,90,4
2015_00393.jpg,409,270,481,332,72,62,4
2015_00393.jpg,305,248,363,292,58,44,4
2015_00393.jpg,311,270,405,336,94,66,4
2015_00393.jpg,239,264,295,387,56,123,10
2015_00393.jpg,243,311,297,410,54,99,0
2015_00393.jpg,165,168,305,337,140,169,3
2015_00393.jpg,67,272,193,372,126,100,4
2015_00394.jpg,332,145,384,293,52,148,10
2015_00394.jpg,48,144,202,416,154,272,10
2015_00394.jpg,184,148,255,255,71,107,10
2015_00394.jpg,144,139,194,216,50,77,10
2015_00394.jpg,65,150,112,203,47,53,10
2015_00394.jpg,555,142,610,178,55,36,3
2015_00394.jpg,14,278,278,425,264,147,0
2015_00394.jpg,460,213,579,310,119,97,0
2015_00394.jpg,154,199,292,288,138,89,0
2015_00394.jpg,311,123,429,192,118,69,0
2015_00394.jpg,182,152,354,273,172,121,4
2015_00394.jpg,389,168,519,283,130,115,4
2015_00394.jpg,505,137,576,329,71,192,10
2015_00394.jpg,27,140,77,200,50,60,10
2015_00394.jpg,559,167,600,205,41,38,4
2015_00395.jpg,189,8,407,153,218,145,0
2015_00395.jpg,3,8,235,139,232,131,4
2015_00395.jpg,391,5,627,152,236,147,0
2015_00396.jpg,466,322,573,390,107,68,4
2015_00396.jpg,322,284,521,439,199,155,0
2015_00396.jpg,6,159,467,465,461,306,3
2015_00397.jpg,324,266,434,323,110,57,4
2015_00397.jpg,383,411,634,619,251,208,0
2015_00397.jpg,46,262,226,630,180,368,10
2015_00397.jpg,447,296,626,602,179,306,10
2015_00398.jpg,355,28,538,105,183,77,4
2015_00398.jpg,5,64,216,302,211,238,4
2015_00398.jpg,217,28,305,65,88,37,4
2015_00398.jpg,532,5,561,51,29,46,10
2015_00398.jpg,494,6,515,56,21,50,10
2015_00398.jpg,528,20,637,114,109,94,4
2015_00398.jpg,307,25,391,68,84,43,4
2015_00398.jpg,4,154,497,427,493,273,0
2015_00398.jpg,311,3,484,40,173,37,3
2015_00399.jpg,308,292,346,335,38,43,0
2015_00399.jpg,317,263,341,330,24,67,10
2015_00400.jpg,5,166,133,233,128,67,3
2015_00400.jpg,133,193,178,220,45,27,4
2015_00400.jpg,514,207,609,265,95,58,0
2015_00400.jpg,224,191,241,227,17,36,10
2015_00400.jpg,472,159,566,395,94,236,10
2015_00400.jpg,254,192,322,246,68,54,4
2015_00401.jpg,109,23,201,120,92,97,0
2015_00401.jpg,124,2,200,98,76,96,10
2015_00402.jpg,9,320,217,467,208,147,4
2015_00402.jpg,164,313,197,354,33,41,10
2015_00402.jpg,340,436,460,638,120,202,0
2015_00402.jpg,342,291,393,444,51,153,10
2015_00402.jpg,375,312,478,628,103,316,10
2015_00402.jpg,188,283,311,633,123,350,10
2015_00402.jpg,304,292,349,446,45,154,10
2015_00402.jpg,3,299,144,632,141,333,10
2015_00403.jpg,369,104,523,271,154,167,0
2015_00403.jpg,517,53,637,405,120,352,0
2015_00403.jpg,137,117,239,243,102,126,4
2015_00403.jpg,4,96,191,317,187,221,4
2015_00404.jpg,97,250,258,378,161,128,0
2015_00404.jpg,73,222,116,250,43,28,0
2015_00404.jpg,281,249,348,319,67,70,1
2015_00404.jpg,4,271,192,415,188,144,0
2015_00404.jpg,209,236,271,270,62,34,0
2015_00404.jpg,2,237,23,272,21,35,0
2015_00405.jpg,376,226,417,312,41,86,10
2015_00405.jpg,274,206,293,245,19,39,10
2015_00405.jpg,307,212,324,249,17,37,10
2015_00405.jpg,294,212,320,268,26,56,10
2015_00405.jpg,370,206,399,265,29,59,10
2015_00405.jpg,457,219,621,279,164,60,4
2015_00405.jpg,279,227,336,264,57,37,0
2015_00405.jpg,48,358,208,421,160,63,0
2015_00405.jpg,432,219,484,311,52,92,10
2015_00406.jpg,111,265,211,319,100,54,4
2015_00406.jpg,162,263,343,334,181,71,4
2015_00406.jpg,345,307,401,409,56,102,0
2015_00406.jpg,451,288,480,322,29,34,0
2015_00407.jpg,260,215,403,329,143,114,0
2015_00407.jpg,490,221,640,332,150,111,0
2015_00407.jpg,308,147,362,323,54,176,10
2015_00407.jpg,5,126,71,321,66,195,10
2015_00407.jpg,108,121,175,320,67,199,10
2015_00407.jpg,231,129,295,323,64,194,10
2015_00407.jpg,290,132,361,303,71,171,10
2015_00407.jpg,523,134,596,324,73,190,10
2015_00407.jpg,15,207,194,323,179,116,0
2015_00408.jpg,317,248,362,358,45,110,10
2015_00408.jpg,4,253,22,294,18,41,10
2015_00408.jpg,25,249,49,288,24,39,10
2015_00408.jpg,41,296,154,357,113,61,0
2015_00408.jpg,106,248,143,278,37,30,10
2015_00408.jpg,54,249,93,270,39,21,10
2015_00408.jpg,460,247,495,298,35,51,10
2015_00408.jpg,148,248,179,295,31,47,10
2015_00408.jpg,182,259,204,311,22,52,10
2015_00408.jpg,283,259,307,334,24,75,10
2015_00408.jpg,209,265,243,355,34,90,10
2015_00408.jpg,201,247,226,293,25,46,10
2015_00408.jpg,237,246,278,319,41,73,10
2015_00408.jpg,70,256,114,353,44,97,10
2015_00408.jpg,298,268,522,351,224,83,4
2015_00408.jpg,4,270,203,356,199,86,4
2015_00408.jpg,387,247,420,356,33,109,10
2015_00408.jpg,497,256,540,355,43,99,10
2015_00409.jpg,242,124,328,369,86,245,10
2015_00409.jpg,36,126,158,371,122,245,10
2015_00409.jpg,3,178,60,370,57,192,10
2015_00409.jpg,146,259,354,376,208,117,0
2015_00409.jpg,385,281,496,375,111,94,0
2015_00409.jpg,87,200,490,373,403,173,4
2015_00410.jpg,19,204,545,479,526,275,0
2015_00410.jpg,442,238,607,475,165,237,6
2015_00410.jpg,288,149,454,294,166,145,5
2015_00411.jpg,301,100,612,404,311,304,0
2015_00411.jpg,86,209,183,271,97,62,6
2015_00411.jpg,242,195,531,383,289,188,6
2015_00411.jpg,460,148,508,204,48,56,10
2015_00412.jpg,73,301,345,604,272,303,0
2015_00412.jpg,171,162,194,205,23,43,10
2015_00412.jpg,464,141,477,174,13,33,10
2015_00413.jpg,349,245,506,417,157,172,0
2015_00413.jpg,379,157,486,410,107,253,10
2015_00413.jpg,226,159,261,273,35,114,10
2015_00414.jpg,415,234,450,285,35,51,0
2015_00414.jpg,2,216,53,241,51,25,4
2015_00414.jpg,366,209,414,358,48,149,10
2015_00414.jpg,530,231,580,278,50,47,9
2015_00414.jpg,177,201,314,241,137,40,3
2015_00415.jpg,186,251,219,276,33,25,4
2015_00415.jpg,213,172,473,320,260,148,3
2015_00415.jpg,95,224,181,393,86,169,10
2015_00415.jpg,290,211,383,395,93,184,10
2015_00415.jpg,240,226,289,343,49,117,10
2015_00415.jpg,300,279,368,412,68,133,0
2015_00415.jpg,4,195,90,415,86,220,10
2015_00415.jpg,45,217,94,385,49,168,10
2015_00415.jpg,507,193,600,386,93,193,10
2015_00415.jpg,78,242,112,317,34,75,10
2015_00415.jpg,486,280,617,412,131,132,0
2015_00415.jpg,232,272,287,358,55,86,0
2015_00416.jpg,9,402,87,467,78,65,0
2015_00417.jpg,315,441,433,502,118,61,4
2015_00417.jpg,399,445,439,515,40,70,10
2015_00417.jpg,446,451,467,491,21,40,10
2015_00417.jpg,71,436,102,512,31,76,10
2015_00417.jpg,29,439,64,513,35,74,10
2015_00417.jpg,10,442,86,483,76,41,4
2015_00417.jpg,216,460,287,513,71,53,0
2015_00418.jpg,144,70,274,427,130,357,10
2015_00418.jpg,499,151,536,301,37,150,10
2015_00418.jpg,252,184,294,287,42,103,10
2015_00418.jpg,114,232,376,458,262,226,0
2015_00418.jpg,476,188,506,240,30,52,10
2015_00419.jpg,194,25,388,151,194,126,0
2015_00420.jpg,67,359,89,383,22,24,6
2015_00420.jpg,6,353,78,399,72,46,4
2015_00420.jpg,225,336,256,354,31,18,4
2015_00420.jpg,266,333,313,360,47,27,4
2015_00420.jpg,349,324,420,363,71,39,4
2015_00420.jpg,124,356,197,404,73,48,0
2015_00420.jpg,378,309,443,356,65,47,4
2015_00420.jpg,145,337,179,398,34,61,10
2015_00421.jpg,211,238,237,276,26,38,10
2015_00421.jpg,6,311,78,425,72,114,0
2015_00421.jpg,144,227,193,338,49,111,10
2015_00421.jpg,299,237,321,285,22,48,10
2015_00421.jpg,337,227,400,309,63,82,10
2015_00421.jpg,253,234,286,273,33,39,10
2015_00422.jpg,166,115,496,269,330,154,6
2015_00422.jpg,27,63,429,319,402,256,0
2015_00423.jpg,220,236,342,350,122,114,0
2015_00423.jpg,238,199,296,340,58,141,10
2015_00423.jpg,452,296,638,477,186,181,0
2015_00423.jpg,515,162,636,447,121,285,10
2015_00424.jpg,95,320,426,615,331,295,3
2015_00424.jpg,96,425,126,470,30,45,10
2015_00424.jpg,26,436,109,565,83,129,0
2015_00424.jpg,80,441,118,542,38,101,10
2015_00425.jpg,231,262,286,370,55,108,10
2015_00425.jpg,61,297,144,399,83,102,0
2015_00426.jpg,104,279,208,585,104,306,10
2015_00426.jpg,248,216,356,552,108,336,10
2015_00426.jpg,84,210,172,359,88,149,10
2015_00426.jpg,157,210,241,428,84,218,10
2015_00426.jpg,226,196,299,459,73,263,10
2015_00426.jpg,309,170,401,530,92,360,10
2015_00426.jpg,98,408,240,637,142,229,0
2015_00427.jpg,498,69,639,356,141,287,10
2015_00427.jpg,355,192,426,350,71,158,10
2015_00427.jpg,295,259,483,356,188,97,0
2015_00427.jpg,182,201,327,355,145,154,10
2015_00427.jpg,7,258,208,356,201,98,0
2015_00428.jpg,406,288,421,319,15,31,10
2015_00428.jpg,240,317,266,358,26,41,0
2015_00428.jpg,286,314,314,361,28,47,0
2015_00428.jpg,474,330,522,382,48,52,0
2015_00428.jpg,382,306,404,344,22,38,0
2015_00428.jpg,425,294,448,336,23,42,10
2015_00428.jpg,548,289,585,322,37,33,10
2015_00428.jpg,586,294,638,419,52,125,10
2015_00428.jpg,404,305,427,332,23,27,0
2015_00428.jpg,322,320,353,375,31,55,0
2015_00428.jpg,468,291,519,346,51,55,10
2015_00428.jpg,493,319,570,420,77,101,10
2015_00428.jpg,353,352,395,423,42,71,0
2015_00428.jpg,420,351,484,422,64,71,0
2015_00428.jpg,277,284,381,317,104,33,10
2015_00428.jpg,430,292,472,397,42,105,10
2015_00428.jpg,536,303,585,355,49,52,10
2015_00429.jpg,10,81,224,148,214,67,1
2015_00429.jpg,171,183,322,396,151,213,0
2015_00430.jpg,663,372,1532,2401,869,2029,10
2015_00430.jpg,594,1169,1525,2695,931,1526,0
2015_00431.jpg,124,89,454,761,330,672,10
2015_00431.jpg,746,224,970,739,224,515,10
2015_00431.jpg,493,419,1019,763,526,344,0
2015_00431.jpg,7,417,474,764,467,347,0
2015_00432.jpg,661,92,782,308,121,216,10
2015_00432.jpg,365,52,555,647,190,595,10
2015_00432.jpg,7,316,395,574,388,258,0
2015_00432.jpg,502,114,593,322,91,208,10
2015_00432.jpg,87,71,290,575,203,504,10
2015_00432.jpg,358,279,670,695,312,416,0
2015_00432.jpg,594,274,1020,565,426,291,0
2015_00432.jpg,663,36,889,543,226,507,10
2015_00433.jpg,308,305,526,622,218,317,0
2015_00433.jpg,795,318,1015,686,220,368,0
2015_00433.jpg,324,74,578,602,254,528,10
2015_00433.jpg,678,198,802,453,124,255,10
2015_00433.jpg,779,150,939,526,160,376,10
2015_00433.jpg,28,248,348,751,320,503,10
2015_00433.jpg,188,262,353,476,165,214,6
2015_00434.jpg,237,105,286,184,49,79,10
2015_00434.jpg,164,90,211,171,47,81,10
2015_00434.jpg,277,96,320,188,43,92,10
2015_00434.jpg,90,84,131,172,41,88,10
2015_00434.jpg,58,127,152,194,94,67,0
2015_00434.jpg,136,133,214,192,78,59,0
2015_00434.jpg,231,135,328,199,97,64,0
2015_00435.jpg,29,77,942,695,913,618,0
2015_00436.JPEG,36,76,108,124,72,48,10
2015_00436.JPEG,379,81,401,138,22,57,10
2015_00436.JPEG,264,138,389,223,125,85,0
2015_00436.JPEG,287,76,354,135,67,59,10
2015_00436.JPEG,8,207,498,324,490,117,0
2015_00436.JPEG,188,94,216,151,28,57,10
2015_00436.JPEG,112,78,182,137,70,59,10
2015_00436.JPEG,166,155,231,242,65,87,0
2015_00436.JPEG,11,102,56,163,45,61,10
2015_00436.JPEG,218,82,243,144,25,62,10
2015_00436.JPEG,356,78,378,140,22,62,10
2015_00436.JPEG,439,140,497,203,58,63,0
2015_00436.JPEG,243,86,268,143,25,57,10
2015_00436.JPEG,218,121,268,211,50,90,10
2015_00436.JPEG,428,82,447,147,19,65,10
2015_00436.JPEG,109,165,145,246,36,81,0
2015_00436.JPEG,447,85,472,136,25,51,10
2015_00436.JPEG,478,87,497,131,19,44,10
2015_00436.JPEG,78,129,116,199,38,70,0
2015_00436.JPEG,11,146,93,218,82,72,0
2015_00436.JPEG,386,127,440,227,54,100,10
2015_00436.JPEG,402,82,426,140,24,58,10
2015_00437.JPEG,227,257,302,322,75,65,0
2015_00437.JPEG,317,250,387,302,70,52,0
2015_00437.JPEG,393,255,502,330,109,75,0
2015_00438.JPEG,386,194,398,227,12,33,10
2015_00438.JPEG,424,197,470,244,46,47,4
2015_00438.JPEG,403,198,431,233,28,35,4
2015_00438.JPEG,452,223,497,283,45,60,0
2015_00439.JPEG,288,215,375,348,87,133,0
2015_00440.JPEG,122,137,195,272,73,135,10
2015_00440.JPEG,78,258,374,496,296,238,0
2015_00440.JPEG,15,207,75,324,60,117,0
2015_00440.JPEG,139,77,369,477,230,400,10
2015_00440.JPEG,101,207,249,303,148,96,0
2015_00440.JPEG,89,150,116,215,27,65,10
2015_00440.JPEG,5,145,41,257,36,112,10
2015_00440.JPEG,17,142,81,294,64,152,10
2015_00440.JPEG,2,196,23,256,21,60,0
2015_00440.JPEG,78,184,140,226,62,42,0
2015_00441.JPEG,198,187,283,401,85,214,10
2015_00441.JPEG,302,166,322,193,20,27,10
2015_00441.JPEG,270,162,293,193,23,31,10
2015_00441.JPEG,239,162,253,189,14,27,10
2015_00441.JPEG,300,179,372,390,72,211,0
2015_00442.JPEG,29,208,48,264,19,56,10
2015_00442.JPEG,60,381,227,498,167,117,0
2015_00443.JPEG,408,141,459,228,51,87,10
2015_00443.JPEG,172,171,262,333,90,162,0
2015_00443.JPEG,122,130,152,204,30,74,10
2015_00444.jpg,84,76,241,159,157,83,0
2015_00444.jpg,1,50,89,157,88,107,0
2015_00444.jpg,193,32,313,185,120,153,0
2015_00445.JPEG,163,125,177,155,14,30,10
2015_00445.JPEG,372,171,493,296,121,125,9
2015_00445.JPEG,246,165,349,239,103,74,9
2015_00445.JPEG,415,135,490,317,75,182,10
2015_00445.JPEG,45,128,80,152,35,24,4
2015_00445.JPEG,376,136,443,204,67,68,10
2015_00445.JPEG,232,160,302,276,70,116,10
2015_00445.JPEG,278,129,326,201,48,72,10
2015_00445.JPEG,15,126,40,147,25,21,4
2015_00445.JPEG,58,120,163,313,105,193,10
2015_00445.JPEG,60,183,180,333,120,150,0
2015_00445.JPEG,353,164,398,227,45,63,9
2015_00446.jpg,80,190,244,427,164,237,0
2015_00446.jpg,303,160,374,267,71,107,0
2015_00446.jpg,317,114,371,249,54,135,10
2015_00446.jpg,255,118,305,257,50,139,10
2015_00446.jpg,111,71,261,375,150,304,10
2015_00446.jpg,240,170,291,264,51,94,0
2015_00447.jpg,571,357,849,574,278,217,10
2015_00447.jpg,190,221,522,568,332,347,0
2015_00448.jpg,440,186,711,743,271,557,10
2015_00448.jpg,166,364,539,700,373,336,0
2015_00449.JPG,701,668,878,964,177,296,10
2015_00449.JPG,597,778,931,1028,334,250,0
2015_00450.jpg,377,21,594,427,217,406,10
2015_00450.jpg,192,190,267,313,75,123,0
2015_00450.jpg,360,188,595,493,235,305,0
2015_00451.JPG,1277,804,2178,1213,901,409,4
2015_00451.JPG,1814,804,2434,1105,620,301,4
2015_00451.JPG,1097,859,1732,1731,635,872,0
2015_00451.JPG,151,755,1575,1358,1424,603,4
2015_00452.JPG,2611,734,3183,1579,572,845,0
2015_00452.JPG,432,1233,643,1659,211,426,10
2015_00452.JPG,938,686,1385,856,447,170,4
2015_00452.JPG,1218,753,1783,1507,565,754,0
2015_00453.JPG,1118,585,1343,796,225,211,4
2015_00453.JPG,983,728,1631,1220,648,492,0
2015_00453.JPG,1419,786,2057,1512,638,726,0
2015_00453.JPG,1551,616,1832,782,281,166,4
2015_00453.JPG,1766,620,2092,824,326,204,4
2015_00453.JPG,2383,578,2487,803,104,225,10
2015_00453.JPG,2497,561,2594,814,97,253,10
2015_00454.JPG,1364,793,1489,1101,125,308,10
2015_00454.JPG,1260,807,1354,1126,94,319,10
2015_00454.JPG,1846,851,2307,1562,461,711,0
2015_00454.JPG,103,901,477,1119,374,218,4
2015_00454.JPG,460,869,772,1098,312,229,4
2015_00455.JPG,1714,682,2604,1042,890,360,4
2015_00455.JPG,363,609,2019,1250,1656,641,4
2015_00455.JPG,44,651,948,1386,904,735,4
2015_00455.JPG,1188,763,1849,1852,661,1089,0
2015_00456.JPG,1405,655,1929,1570,524,915,0
2015_00456.JPG,457,438,574,721,117,283,10
2015_00456.JPG,150,483,249,795,99,312,10
2015_00457.JPG,938,745,1702,1501,764,756,0
2015_00457.JPG,854,613,997,746,143,133,9
2015_00457.JPG,995,579,1286,745,291,166,4
2015_00457.JPG,1189,579,1519,761,330,182,5
2015_00457.JPG,98,1340,311,1592,213,252,5
2015_00457.JPG,407,1091,776,1785,369,694,10
2015_00458.JPG,1779,813,2114,1062,335,249,4
2015_00458.JPG,1486,833,1839,1012,353,179,4
2015_00458.JPG,1231,846,1371,979,140,133,4
2015_00458.JPG,901,962,1849,1791,948,829,0
2015_00459.JPG,831,820,912,1049,81,229,10
2015_00459.JPG,810,894,1329,2018,519,1124,0
2015_00459.JPG,971,768,1080,1002,109,234,10
2015_00460.JPG,2161,774,2442,997,281,223,4
2015_00460.JPG,858,942,1546,1666,688,724,0
2015_00461.jpg,246,512,459,656,213,144,0
2015_00461.jpg,315,469,406,635,91,166,10
2015_00461.jpg,587,492,623,524,36,32,4
2015_00462.jpg,1528,1075,1813,1516,285,441,0
2015_00462.jpg,1006,857,1152,961,146,104,10
2015_00462.jpg,934,900,1151,1041,217,141,4
2015_00462.jpg,1186,880,1297,971,111,91,4
2015_00462.jpg,1721,872,1769,968,48,96,10
2015_00462.jpg,1330,887,1519,1030,189,143,4
2015_00462.jpg,1547,857,1804,1437,257,580,10
2015_00462.jpg,1591,872,1650,970,59,98,10
2015_00463.jpg,268,160,341,248,73,88,0
2015_00463.jpg,171,178,204,220,33,42,0
2015_00463.jpg,125,180,150,216,25,36,0
2015_00463.jpg,176,162,196,208,20,46,10
2015_00463.jpg,130,161,150,209,20,48,10
2015_00463.jpg,277,118,335,225,58,107,10
2015_00464.jpg,291,115,334,141,43,26,4
2015_00464.jpg,199,144,281,239,82,95,0
2015_00464.jpg,219,94,279,218,60,124,10
2015_00464.jpg,335,112,370,141,35,29,4
2015_00464.jpg,382,95,419,220,37,125,10
2015_00465.jpeg,197,194,471,405,274,211,0
2015_00465.jpeg,460,167,634,297,174,130,0
2015_00465.jpeg,271,61,436,367,165,306,10
2015_00465.jpeg,490,73,623,291,133,218,10
2015_00466.jpg,312,189,339,254,27,65,10
2015_00466.jpg,155,233,266,416,111,183,0
2015_00466.jpg,254,216,347,307,93,91,0
2015_00466.jpg,32,140,86,236,54,96,10
2015_00466.jpg,116,173,248,422,132,249,10
2015_00466.jpg,362,176,397,224,35,48,10
2015_00466.jpg,258,178,292,249,34,71,10
2015_00466.jpg,285,173,313,302,28,129,10
2015_00467.jpg,1100,247,1336,921,236,674,10
2015_00467.jpg,81,119,458,1041,377,922,10
2015_00467.jpg,148,537,823,1089,675,552,0
2015_00467.jpg,873,515,1363,940,490,425,0
2015_00468.jpg,29,21,894,623,865,602,0
2015_00468.jpg,295,5,659,646,364,641,10
2015_00469.jpg,457,203,573,397,116,194,0
2015_00469.jpg,49,256,226,426,177,170,0
2015_00469.jpg,222,127,340,332,118,205,10
2015_00469.jpg,56,104,212,412,156,308,10
2015_00469.jpg,481,104,573,357,92,253,10
2015_00470.jpg,12,122,156,425,144,303,10
2015_00470.jpg,468,134,532,229,64,95,10
2015_00470.jpg,461,113,575,414,114,301,10
2015_00470.jpg,344,135,423,337,79,202,10
2015_00470.jpg,8,232,153,429,145,197,0
2015_00470.jpg,237,141,304,298,67,157,10
2015_00470.jpg,332,206,436,346,104,140,0
2015_00470.jpg,214,201,313,356,99,155,0
2015_00470.jpg,412,222,574,428,162,206,0
2015_00471.jpg,197,276,263,363,66,87,0
2015_00471.jpg,246,277,284,338,38,61,0
2015_00471.jpg,254,247,281,304,27,57,10
2015_00471.jpg,213,234,254,330,41,96,10
2015_00471.jpg,300,233,389,376,89,143,10
2015_00471.jpg,293,296,403,429,110,133,0
2015_00472.jpg,354,241,441,424,87,183,10
2015_00472.jpg,10,231,45,292,35,61,10
2015_00472.jpg,237,218,359,432,122,214,10
2015_00472.jpg,219,310,365,477,146,167,0
2015_00472.jpg,343,303,451,468,108,165,0
2015_00473.jpg,514,282,550,352,36,70,10
2015_00473.jpg,475,294,499,352,24,58,10
2015_00473.jpg,435,286,470,333,35,47,10
2015_00473.jpg,97,339,237,480,140,141,0
2015_00473.jpg,92,273,214,472,122,199,10
2015_00473.jpg,518,310,578,358,60,48,0
2015_00473.jpg,420,307,509,369,89,62,0
2015_00474.jpg,192,311,367,476,175,165,0
2015_00474.jpg,407,300,593,440,186,140,0
2015_00474.jpg,205,222,327,461,122,239,10
2015_00474.jpg,411,244,507,434,96,190,10
2015_00475.jpg,228,315,809,695,581,380,0
2015_00476.jpg,285,476,1031,894,746,418,0
2015_00476.jpg,341,257,644,821,303,564,10
2015_00476.jpg,11,621,194,787,183,166,0
2015_00476.jpg,647,226,943,859,296,633,10
2015_00477.jpg,852,283,1002,390,150,107,4
2015_00477.jpg,343,360,756,737,413,377,0
2015_00477.jpg,499,187,681,626,182,439,10
2015_00478.jpg,63,522,419,736,356,214,0
2015_00479.jpg,268,291,557,423,289,132,4
2015_00479.jpg,281,234,782,624,501,390,0
2015_00479.jpg,164,291,317,410,153,119,4
2015_00479.jpg,7,278,179,385,172,107,4
2015_00480.jpg,153,175,450,793,297,618,10
2015_00480.jpg,111,339,545,807,434,468,0
2015_00481.jpg,294,88,677,575,383,487,0
2015_00482.jpg,292,361,338,395,46,34,4
2015_00482.jpg,23,322,212,666,189,344,0
2015_00482.jpg,335,14,846,759,511,745,0
2015_00482.jpg,199,343,291,433,92,90,10
2015_00483.jpg,275,182,363,307,88,125,0
2015_00483.jpg,84,107,266,459,182,352,0
2015_00484.jpg,787,307,847,454,60,147,10
2015_00484.jpg,157,361,314,502,157,141,0
2015_00485.jpg,192,323,240,360,48,37,4
2015_00485.jpg,39,377,319,567,280,190,0
2015_00485.jpg,337,349,373,388,36,39,6
2015_00486.jpg,838,259,1021,558,183,299,0
2015_00486.jpg,33,259,247,537,214,278,0
2015_00486.jpg,581,235,655,324,74,89,0
2015_00487.jpg,275,148,421,381,146,233,6
2015_00487.jpg,42,67,297,280,255,213,0
2015_00488.jpg,430,213,604,430,174,217,0
2015_00488.jpg,176,204,342,466,166,262,0
2015_00488.jpg,682,228,826,446,144,218,0
2015_00489.jpg,253,687,764,1023,511,336,0
2015_00490.jpg,183,359,283,445,100,86,0
2015_00490.jpg,385,335,488,406,103,71,4
2015_00490.jpg,360,338,410,410,50,72,10
2015_00490.jpg,489,331,530,422,41,91,10
2015_00490.jpg,209,326,263,429,54,103,10
2015_00491.jpg,106,245,190,337,84,92,0
2015_00491.jpg,29,130,79,172,50,42,9
2015_00491.jpg,88,147,128,198,40,51,9
2015_00491.jpg,83,111,148,151,65,40,4
2015_00492.jpg,181,313,406,663,225,350,0
2015_00493.jpg,28,471,676,900,648,429,0
2015_00494.jpg,5,725,329,1017,324,292,0
2015_00495.jpg,151,96,301,245,150,149,0
2015_00496.jpg,101,357,392,935,291,578,0
2015_00497.jpg,212,48,679,353,467,305,0
2015_00498.jpg,254,604,292,655,38,51,0
2015_00498.jpg,458,595,530,633,72,38,0
2015_00498.jpg,151,691,563,959,412,268,0
2015_00499.jpg,87,310,559,606,472,296,0
2015_00499.jpg,447,274,813,503,366,229,0
2015_00499.jpg,73,145,371,325,298,180,4
2015_00499.jpg,573,106,752,517,179,411,10
2015_00499.jpg,3,96,219,589,216,493,10
2015_00500.jpg,315,190,572,352,257,162,0
2015_00500.jpg,381,91,497,344,116,253,10
2015_00501.jpg,152,243,736,641,584,398,0
2015_00501.jpg,284,200,431,395,147,195,10
2015_00501.jpg,661,198,738,322,77,124,10
2015_00502.jpg,317,245,487,405,170,160,0
2015_00503.png,151,86,343,545,192,459,0
2015_00504.png,131,104,361,558,230,454,0
2015_00505.png,92,132,491,396,399,264,0
2015_00506.png,98,70,522,430,424,360,0
2015_00507.png,95,64,509,430,414,366,0
2015_00508.jpg,3,278,356,476,353,198,0
2015_00508.jpg,424,63,641,190,217,127,0
2015_00508.jpg,264,109,529,266,265,157,0
2015_00508.jpg,111,131,542,403,431,272,0
2015_00509.jpg,4,41,270,249,266,208,0
2015_00509.jpg,106,84,540,446,434,362,0
2015_00510.png,219,106,447,420,228,314,0
2015_00511.jpg,137,52,427,425,290,373,0
2015_00512.jpg,302,194,578,853,276,659,10
2015_00512.jpg,80,458,735,946,655,488,0
2015_00513.jpg,221,687,675,1006,454,319,0
2015_00514.jpg,412,81,700,422,288,341,0
2015_00515.jpg,300,627,644,884,344,257,0
2015_00516.jpg,76,512,336,857,260,345,0
2015_00517.jpg,158,14,515,572,357,558,0
2015_00518.jpg,12,295,471,1086,459,791,0
2015_00519.jpg,51,4,894,580,843,576,0
2015_00520.jpg,176,215,884,648,708,433,0
2015_00520.jpg,287,316,528,387,241,71,4
2015_00520.jpg,70,303,197,402,127,99,4
2015_00521.jpg,274,211,574,397,300,186,0
2015_00522.jpg,133,173,495,382,362,209,0
2015_00522.jpg,9,53,186,133,177,80,4
2015_00522.jpg,228,16,408,385,180,369,10
2015_00523.jpg,142,171,766,564,624,393,0
2015_00524.jpg,385,124,566,305,181,181,4
2015_00524.jpg,202,21,441,556,239,535,0
2015_00525.jpg,571,263,742,506,171,243,0
2015_00525.jpg,416,295,621,574,205,279,0
2015_00525.jpg,121,313,442,629,321,316,0
2015_00526.jpg,261,209,418,349,157,140,0
2015_00526.jpg,351,206,482,323,131,117,0
2015_00527.jpg,108,77,242,351,134,274,10
2015_00527.jpg,60,197,314,388,254,191,0
2015_00527.jpg,220,185,473,346,253,161,0
2015_00527.jpg,261,51,370,337,109,286,10
2015_00528.jpg,174,478,216,541,42,63,6
2015_00528.jpg,167,567,436,890,269,323,0
2015_00528.jpg,213,474,243,532,30,58,6
2015_00529.jpg,102,3,390,419,288,416,10
2015_00529.jpg,60,121,410,463,350,342,0
2015_00530.jpg,817,292,860,355,43,63,10
2015_00530.jpg,611,233,709,532,98,299,10
2015_00530.jpg,897,296,998,378,101,82,0
2015_00530.jpg,499,330,644,549,145,219,0
2015_00531.jpg,429,8,756,541,327,533,10
2015_00531.jpg,10,9,248,303,238,294,9
2015_00531.jpg,485,71,681,580,196,509,0
2015_00532.jpg,470,175,551,243,81,68,0
2015_00532.jpg,354,180,450,276,96,96,0
2015_00532.jpg,471,202,625,310,154,108,0
2015_00532.jpg,373,200,560,358,187,158,0
2015_00532.jpg,203,200,322,334,119,134,0
2015_00533.jpg,13,499,167,629,154,130,0
2015_00533.jpg,620,520,800,614,180,94,6
2015_00533.jpg,85,433,147,618,62,185,10
2015_00534.jpg,7,312,407,598,400,286,0
2015_00534.jpg,517,149,621,497,104,348,10
2015_00535.jpg,368,171,560,266,192,95,4
2015_00535.jpg,90,206,336,306,246,100,4
2015_00535.jpg,338,184,367,246,29,62,10
2015_00535.jpg,294,191,332,233,38,42,10
2015_00535.jpg,261,191,288,227,27,36,10
2015_00535.jpg,465,211,642,433,177,222,0
2015_00536.jpg,134,181,192,213,58,32,4
2015_00536.jpg,294,173,342,203,48,30,4
2015_00536.jpg,360,168,410,204,50,36,4
2015_00536.jpg,427,152,497,204,70,52,4
2015_00536.jpg,444,154,590,273,146,119,4
2015_00536.jpg,94,191,113,210,19,19,10
2015_00536.jpg,176,167,224,257,48,90,10
2015_00536.jpg,42,170,99,349,57,179,10
2015_00536.jpg,218,119,295,323,77,204,10
2015_00536.jpg,526,84,675,446,149,362,10
2015_00536.jpg,176,206,225,278,49,72,9
2015_00536.jpg,22,215,167,364,145,149,0
2015_00536.jpg,403,157,445,205,42,48,4
2015_00536.jpg,191,211,321,377,130,166,0
2015_00537.jpg,68,309,298,548,230,239,0
2015_00538.jpg,50,229,262,394,212,165,4
2015_00538.jpg,241,262,315,362,74,100,4
2015_00538.jpg,542,148,676,410,134,262,0
2015_00538.jpg,602,3,856,426,254,423,0
2015_00539.jpg,550,104,896,402,346,298,0
2015_00539.jpg,6,268,76,420,70,152,0
2015_00540.jpg,623,579,1230,1590,607,1011,10
2015_00540.jpg,344,932,1434,1682,1090,750,0
2015_00541.jpg,246,488,367,774,121,286,0
2015_00541.jpg,142,466,274,661,132,195,0
2015_00541.jpg,434,508,572,628,138,120,0
2015_00541.jpg,548,528,676,643,128,115,0
2015_00541.jpg,102,686,728,1082,626,396,0
2015_00541.jpg,359,497,433,574,74,77,0
2015_00542.jpg,289,229,488,702,199,473,10
2015_00542.jpg,45,224,187,699,142,475,10
2015_00542.jpg,691,200,933,702,242,502,10
2015_00542.jpg,701,371,843,728,142,357,0
2015_00542.jpg,653,267,744,564,91,297,10
2015_00542.jpg,610,377,744,542,134,165,0
2015_00542.jpg,328,402,488,687,160,285,0
2015_00542.jpg,115,419,280,671,165,252,0
2015_00542.jpg,468,244,572,585,104,341,10
2015_00542.jpg,437,369,581,594,144,225,0
2015_00543.jpg,250,152,631,445,381,293,0
2015_00544.jpg,39,316,646,784,607,468,0
2015_00545.jpg,93,122,502,414,409,292,0
2015_00545.jpg,459,98,762,434,303,336,0
2015_00546.jpg,326,287,352,344,26,57,10
2015_00546.jpg,21,256,262,507,241,251,0
2015_00546.jpg,181,282,378,447,197,165,0
2015_00547.jpg,5,351,201,599,196,248,0
2015_00547.jpg,269,314,495,524,226,210,0
2015_00547.jpg,649,260,800,359,151,99,0
2015_00547.jpg,104,304,334,567,230,263,0
2015_00548.jpg,172,300,308,416,136,116,0
2015_00548.jpg,4,191,66,299,62,108,4
2015_00549.jpg,373,427,485,668,112,241,0
2015_00549.jpg,436,387,548,481,112,94,4
2015_00550.jpg,116,44,169,152,53,108,10
2015_00550.jpg,89,94,189,159,100,65,0
2015_00551.jpg,354,256,2591,2358,2237,2102,0
2015_00552.jpg,727,30,1450,1116,723,1086,0
2015_00553.jpg,638,455,939,720,301,265,0
2015_00554.jpg,2135,581,2729,1930,594,1349,10
2015_00554.jpg,969,354,1570,2093,601,1739,10
2015_00554.jpg,1528,650,2156,1961,628,1311,10
2015_00554.jpg,1163,1005,1734,2076,571,1071,0
2015_00554.jpg,1910,994,2856,2031,946,1037,0
2015_00554.jpg,761,768,992,1800,231,1032,10
2015_00554.jpg,589,602,813,1165,224,563,10
2015_00554.jpg,146,1019,826,2137,680,1118,0
2015_00554.jpg,1935,681,2287,1150,352,469,10
2015_00554.jpg,71,316,889,2048,818,1732,10
2015_00554.jpg,2667,385,3219,2066,552,1681,10
2015_00555.jpg,329,278,755,710,426,432,0
2015_00556.jpg,347,396,436,610,89,214,10
2015_00556.jpg,513,274,561,333,48,59,10
2015_00556.jpg,613,241,714,382,101,141,10
2015_00556.jpg,375,265,465,571,90,306,10
2015_00556.jpg,4,356,336,747,332,391,0
2015_00556.jpg,436,405,519,605,83,200,10
2015_00556.jpg,804,235,995,742,191,507,10
2015_00557.jpg,717,516,889,624,172,108,0
2015_00558.jpg,413,174,832,556,419,382,0
2015_00558.jpg,175,190,428,533,253,343,0
2015_00558.jpg,3,260,221,502,218,242,0
2015_00559.jpg,19,707,871,1333,852,626,0
2015_00560.jpg,44,44,196,180,152,136,0
2015_00560.jpg,94,4,199,168,105,164,10
2015_00561.jpg,107,57,157,166,50,109,10
2015_00561.jpg,103,100,158,179,55,79,0
2015_00562.jpg,869,1784,1252,2137,383,353,6
2015_00562.jpg,2837,1535,2900,1714,63,179,10
2015_00562.jpg,2960,1539,3031,1714,71,175,10
2015_00562.jpg,3027,1513,3105,1703,78,190,10
2015_00562.jpg,2666,1531,2781,1847,115,316,10
2015_00562.jpg,2450,1509,2584,1948,134,439,10
2015_00562.jpg,2216,1509,2428,2126,212,617,10
2015_00562.jpg,1398,1688,1766,1926,368,238,0
2015_00562.jpg,2041,1565,2275,2138,234,573,10
2015_00562.jpg,1832,1572,2074,2137,242,565,10
2015_00562.jpg,1788,1661,1933,1918,145,257,6
2015_00562.jpg,1178,1747,1505,2071,327,324,6
2015_00562.jpg,2547,1535,2636,1851,89,316,10
2015_00562.jpg,765,1553,1289,1769,524,216,4
2015_00562.jpg,2889,1516,2956,1713,67,197,10
2015_00563.jpg,437,978,968,1725,531,747,0
2015_00563.jpg,364,600,920,1661,556,1061,10
2015_00564.jpg,140,179,673,586,533,407,0
2015_00565.jpg,4,150,138,254,134,104,4
2015_00565.jpg,99,140,324,242,225,102,4
2015_00565.jpg,300,172,369,224,69,52,4
2015_00565.jpg,459,156,550,232,91,76,4
2015_00565.jpg,340,116,596,458,256,342,0
2015_00565.jpg,357,152,447,227,90,75,4
2015_00566.jpg,225,165,591,527,366,362,0
2015_00566.jpg,260,55,366,238,106,183,10
2015_00566.jpg,105,67,174,241,69,174,10
2015_00567.jpg,84,49,140,77,56,28,4
2015_00567.jpg,292,55,414,115,122,60,4
2015_00567.jpg,141,6,326,373,185,367,10
2015_00567.jpg,123,43,166,75,43,32,4
2015_00567.jpg,162,45,209,79,47,34,4
2015_00567.jpg,124,137,362,430,238,293,0
2015_00568.jpg,269,579,432,829,163,250,0
2015_00569.jpg,659,397,741,634,82,237,10
2015_00569.jpg,156,468,339,613,183,145,0
2015_00569.jpg,526,352,673,573,147,221,6
2015_00569.jpg,848,417,962,491,114,74,6
2015_00570.jpg,96,119,356,285,260,166,0
2015_00571.jpg,697,250,717,288,20,38,10
2015_00571.jpg,117,316,300,499,183,183,0
2015_00572.jpg,464,240,726,576,262,336,0
2015_00573.jpg,71,517,265,738,194,221,0
2015_00573.jpg,256,501,425,736,169,235,0
2015_00574.jpg,91,101,203,254,112,153,0
2015_00574.jpg,108,10,208,214,100,204,10
2015_00575.jpg,93,133,160,196,67,63,4
2015_00575.jpg,208,5,564,372,356,367,3
2015_00575.jpg,30,211,110,327,80,116,0
2015_00575.jpg,26,146,100,308,74,162,10
2015_00576.jpg,213,174,656,521,443,347,0
2015_00576.jpg,138,147,268,284,130,137,6
2015_00577.jpg,400,206,604,551,204,345,0
2015_00578.jpg,618,89,774,179,156,90,4
2015_00578.jpg,377,221,533,526,156,305,0
2015_00578.jpg,519,195,684,500,165,305,0
2015_00579.jpg,96,652,359,841,263,189,0
2015_00579.jpg,22,675,226,935,204,260,0
2015_00579.jpg,416,531,598,954,182,423,10
2015_00580.jpg,436,636,752,1103,316,467,10
2015_00580.jpg,152,395,217,668,65,273,10
2015_00580.jpg,335,520,662,836,327,316,0
2015_00580.jpg,84,383,199,711,115,328,10
2015_00580.jpg,15,414,129,781,114,367,10
2015_00580.jpg,550,378,662,595,112,217,10
2015_00580.jpg,298,389,374,706,76,317,10
2015_00580.jpg,373,365,470,592,97,227,10
2015_00580.jpg,203,399,289,685,86,286,10
2015_00581.jpg,305,241,336,320,31,79,2
2015_00581.jpg,225,279,546,488,321,209,0
2015_00582.jpg,125,228,273,520,148,292,0
2015_00582.jpg,296,399,402,539,106,140,0
2015_00583.jpg,90,385,574,727,484,342,0
2015_00583.jpg,564,238,694,676,130,438,10
2015_00584.jpg,527,148,821,478,294,330,0
2015_00584.jpg,79,194,279,392,200,198,0
2015_00585.jpg,90,13,169,236,79,223,10
2015_00585.jpg,342,89,366,119,24,30,0
2015_00585.jpg,343,57,368,102,25,45,10
2015_00585.jpg,14,104,173,247,159,143,0
2015_00586.jpg,294,721,408,852,114,131,0
2015_00586.jpg,385,636,420,739,35,103,10
2015_00586.jpg,349,645,376,732,27,87,10
2015_00586.jpg,317,645,345,726,28,81,10
2015_00586.jpg,515,636,593,867,78,231,10
2015_00587.JPEG,52,118,442,284,390,166,8
2015_00587.JPEG,208,1,452,153,244,152,0
2015_00587.JPEG,3,40,493,373,490,333,6
2015_00588.JPEG,12,7,261,214,249,207,0
2015_00588.JPEG,396,66,433,146,37,80,8
2015_00588.JPEG,263,1,394,145,131,144,0
2015_00588.JPEG,260,137,439,338,179,201,8
2015_00588.JPEG,34,177,178,323,144,146,8
2015_00589.JPEG,59,42,120,178,61,136,10
2015_00589.JPEG,37,65,65,175,28,110,10
2015_00589.JPEG,42,103,123,178,81,75,0
2015_00590.JPEG,70,172,337,298,267,126,0
2015_00590.JPEG,182,141,272,258,90,117,10
2015_00590.JPEG,108,163,171,255,63,92,10
2015_00591.JPEG,384,171,500,276,116,105,0
2015_00591.JPEG,453,143,489,269,36,126,10
2015_00591.JPEG,336,119,390,279,54,160,10
2015_00591.JPEG,185,82,318,369,133,287,10
2015_00591.JPEG,1,164,69,231,68,67,0
2015_00591.JPEG,76,102,134,220,58,118,10
2015_00591.JPEG,58,110,212,361,154,251,10
2015_00591.JPEG,284,120,339,282,55,162,10
2015_00591.JPEG,62,112,92,193,30,81,10
2015_00591.JPEG,27,219,416,373,389,154,0
2015_00592.jpg,187,63,235,156,48,93,10
2015_00592.jpg,186,98,246,167,60,69,0
2015_00593.JPEG,84,104,171,330,87,226,10
2015_00593.JPEG,95,103,272,450,177,347,10
2015_00593.JPEG,67,215,256,500,189,285,0
2015_00594.jpg,259,108,363,271,104,163,10
2015_00594.jpg,236,170,399,302,163,132,0
2015_00595.jpg,345,250,393,335,48,85,10
2015_00595.jpg,300,258,334,344,34,86,10
2015_00595.jpg,449,269,476,331,27,62,10
2015_00595.jpg,478,258,507,331,29,73,10
2015_00595.jpg,574,272,702,436,128,164,0
2015_00595.jpg,18,268,131,382,113,114,0
2015_00596.jpg,722,340,896,525,174,185,0
2015_00597.jpg,1015,369,1153,454,138,85,4
2015_00597.jpg,947,370,1049,452,102,82,4
2015_00597.jpg,1121,365,1187,450,66,85,4
2015_00597.jpg,399,129,897,492,498,363,0
2015_00597.jpg,262,488,356,545,94,57,1
2015_00597.jpg,123,498,236,579,113,81,1
2015_00598.jpg,97,42,749,538,652,496,0
2015_00598.jpg,789,374,960,490,171,116,4
2015_00598.jpg,905,373,1102,493,197,120,4
2015_00598.jpg,1058,364,1188,490,130,126,4
2015_00599.jpg,93,25,350,271,257,246,0
2015_00600.jpg,381,43,800,530,419,487,0
2015_00601.jpg,445,374,461,413,16,39,10
2015_00601.jpg,473,378,492,411,19,33,10
2015_00601.jpg,442,388,461,419,19,31,0
2015_00601.jpg,623,383,663,423,40,40,9
2015_00601.jpg,314,365,336,431,22,66,10
2015_00601.jpg,339,379,365,429,26,50,10
2015_00601.jpg,183,341,263,488,80,147,10
2015_00601.jpg,518,376,539,413,21,37,10
2015_00601.jpg,339,396,359,431,20,35,0
2015_00601.jpg,175,404,286,516,111,112,0
2015_00602.jpg,727,407,876,547,149,140,10
2015_00602.jpg,745,267,857,567,112,300,10
2015_00602.jpg,555,388,672,543,117,155,10
2015_00602.jpg,4,372,183,527,179,155,0
2015_00602.jpg,188,367,432,534,244,167,0
2015_00602.jpg,474,408,573,558,99,150,10
2015_00602.jpg,454,388,528,530,74,142,10
2015_00603.jpg,414,594,673,923,259,329,0
2015_00604.jpg,569,188,599,245,30,57,10
2015_00604.jpg,19,190,232,331,213,141,4
2015_00604.jpg,568,221,600,268,32,47,9
2015_00604.jpg,262,251,320,319,58,68,0
2015_00604.jpg,380,207,459,258,79,51,4
2015_00604.jpg,264,215,311,307,47,92,10
2015_00604.jpg,412,224,442,263,30,39,9
2015_00605.jpg,223,307,293,446,70,139,0
2015_00605.jpg,238,243,289,429,51,186,10
2015_00606.jpg,171,63,970,596,799,533,0
2015_00607.jpg,41,50,502,340,461,290,0
2015_00607.jpg,117,3,417,330,300,327,10
2015_00608.png,254,314,271,351,17,37,10
2015_00608.png,355,369,426,417,71,48,4
2015_00608.png,257,335,293,363,36,28,0
2015_00608.png,303,356,373,399,70,43,4
2015_00608.png,199,309,251,336,52,27,0
2015_00608.png,165,274,209,302,44,28,0
2015_00608.png,279,311,295,346,16,35,10
2015_00608.png,302,336,326,358,24,22,0
2015_00608.png,52,270,87,301,35,31,4
2015_00609.jpg,67,17,820,542,753,525,0
2015_00610.jpg,254,135,282,173,28,38,10
2015_00610.jpg,234,40,554,446,320,406,0
2015_00611.jpg,495,209,675,731,180,522,10
2015_00611.jpg,364,352,872,709,508,357,0
2015_00612.jpg,620,487,656,576,36,89,10
2015_00612.jpg,575,491,623,575,48,84,0
2015_00612.jpg,8,598,407,1185,399,587,0
2015_00613.jpg,71,59,664,527,593,468,0
2015_00613.jpg,421,201,1011,638,590,437,0
2015_00614.jpg,269,73,510,465,241,392,0
2015_00615.jpg,210,604,702,947,492,343,0
2015_00616.jpg,539,304,764,631,225,327,0
2015_00616.jpg,562,116,773,516,211,400,10
2015_00616.jpg,861,222,1028,557,167,335,10
2015_00616.jpg,863,337,1036,630,173,293,0
2015_00617.jpg,183,405,318,494,135,89,4
2015_00617.jpg,6,421,200,517,194,96,4
2015_00617.jpg,824,345,894,396,70,51,9
2015_00617.jpg,688,420,897,576,209,156,4
2015_00617.jpg,42,496,300,717,258,221,0
2015_00617.jpg,320,214,416,501,96,287,10
2015_00617.jpg,281,349,381,690,100,341,10
2015_00617.jpg,382,434,802,644,420,210,4
2015_00618.jpg,382,247,469,347,87,100,0
2015_00618.jpg,143,243,198,305,55,62,6
2015_00618.jpg,259,265,387,385,128,120,0
2015_00619.png,34,75,953,652,919,577,0
2015_00620.jpg,8,364,133,487,125,123,0
2015_00620.jpg,175,357,222,426,47,69,0
2015_00621.jpg,796,393,888,508,92,115,0
2015_00622.jpg,442,399,686,867,244,468,0
2015_00623.jpg,106,432,469,995,363,563,0
2015_00624.jpg,318,335,650,768,332,433,0
2015_00625.jpg,6,105,353,361,347,256,0
2015_00626.jpg,341,366,686,796,345,430,0
2015_00627.jpg,637,346,827,489,190,143,0
2015_00627.jpg,771,317,1015,657,244,340,0
2015_00627.jpg,157,365,283,467,126,102,0
2015_00627.jpg,322,363,401,447,79,84,0
2015_00627.jpg,4,331,149,489,145,158,9
2015_00628.jpg,623,512,798,658,175,146,0
2015_00629.jpg,411,509,500,719,89,210,10
2015_00629.jpg,399,595,510,763,111,168,0
2015_00630.jpg,350,347,397,422,47,75,9
2015_00630.jpg,63,320,196,534,133,214,0
2015_00631.jpg,336,264,735,523,399,259,0
2015_00632.jpg,546,29,686,256,140,227,10
2015_00632.jpg,419,106,718,315,299,209,0
2015_00633.jpg,882,264,1006,360,124,96,4
2015_00633.jpg,778,271,906,344,128,73,4
2015_00633.jpg,738,280,803,337,65,57,4
2015_00633.jpg,260,220,463,648,203,428,10
2015_00633.jpg,610,259,697,321,87,62,4
2015_00633.jpg,983,278,1089,373,106,95,4
2015_00633.jpg,436,248,505,303,69,55,4
2015_00633.jpg,293,362,562,667,269,305,0
2015_00633.jpg,701,273,761,332,60,59,4
2015_00633.jpg,428,241,595,623,167,382,10
2015_00634.jpg,346,513,594,731,248,218,0
2015_00635.jpg,273,226,709,761,436,535,0
2015_00636.jpg,246,312,425,507,179,195,0
2015_00636.jpg,117,303,247,450,130,147,0
2015_00636.jpg,8,309,88,403,80,94,0
2015_00636.jpg,392,268,626,543,234,275,0
2015_00636.jpg,543,287,873,669,330,382,0
2015_00637.jpg,232,278,264,356,32,78,10
2015_00637.jpg,207,308,302,372,95,64,0
2015_00637.jpg,46,283,77,353,31,70,10
2015_00637.jpg,19,285,47,351,28,66,10
2015_00637.jpg,183,277,202,318,19,41,10
2015_00638.jpg,486,435,547,466,61,31,1
2015_00638.jpg,6,446,107,688,101,242,0
2015_00638.jpg,86,438,596,835,510,397,0
2015_00639.jpg,251,277,271,321,20,44,10
2015_00639.jpg,677,306,788,403,111,97,0
2015_00639.jpg,19,419,230,578,211,159,0
2015_00639.jpg,379,279,486,345,107,66,4
2015_00640.jpg,511,297,793,518,282,221,0
2015_00641.jpg,218,290,265,433,47,143,10
2015_00641.jpg,357,352,495,468,138,116,0
2015_00641.jpg,82,356,242,459,160,103,0
2015_00642.jpg,268,327,380,460,112,133,0
2015_00642.jpg,70,274,136,332,66,58,4
2015_00642.jpg,4,280,84,357,80,77,4
2015_00642.jpg,112,275,162,319,50,44,4
2015_00643.jpg,92,98,390,559,298,461,0
2015_00644.jpg,408,288,488,370,80,82,10
2015_00644.jpg,490,282,522,344,32,62,10
2015_00644.jpg,31,305,267,389,236,84,4
2015_00644.jpg,213,347,424,475,211,128,0
2015_00644.jpg,503,351,713,480,210,129,0
2015_00644.jpg,2,346,127,472,125,126,0
2015_00645.png,1105,215,1155,263,50,48,0
2015_00645.png,1051,227,1095,273,44,46,0
2015_00645.png,1056,207,1091,255,35,48,10
2015_00645.png,1117,199,1156,242,39,43,10
2015_00646.png,1008,172,1047,244,39,72,10
2015_00646.png,1004,191,1045,273,41,82,0
2015_00646.png,1066,208,1109,284,43,76,0
2015_00646.png,1072,182,1107,268,35,86,10
2015_00647.png,1107,284,1177,397,70,113,0
2015_00647.png,864,299,952,454,88,155,10
2015_00647.png,1049,108,1133,253,84,145,10
2015_00647.png,826,361,981,478,155,117,0
2015_00647.png,1115,202,1190,353,75,151,10
2015_00647.png,1042,177,1123,278,81,101,0
2015_00648.png,638,183,737,331,99,148,10
2015_00648.png,71,303,352,560,281,257,0
2015_00648.png,558,149,1040,616,482,467,10
2015_00649.png,407,318,577,422,170,104,0
2015_00649.png,831,301,1177,497,346,196,0
2015_00650.jpg,54,493,372,871,318,378,0
2015_00650.jpg,453,569,484,641,31,72,10
2015_00650.jpg,428,571,456,617,28,46,10
2015_00650.jpg,480,568,505,628,25,60,10
2015_00651.jpg,252,93,365,292,113,199,0
2015_00651.jpg,264,13,378,227,114,214,10
2015_00652.jpg,210,313,410,441,200,128,0
2015_00652.jpg,139,253,191,368,52,115,10
2015_00652.jpg,250,252,283,336,33,84,10
2015_00652.jpg,401,240,461,367,60,127,10
2015_00652.jpg,269,233,368,439,99,206,10
2015_00652.jpg,86,266,138,403,52,137,10
2015_00652.jpg,276,250,313,297,37,47,10
2015_00652.jpg,357,233,411,406,54,173,10
2015_00653.jpg,94,141,251,196,157,55,1
2015_00654.jpg,28,50,257,266,229,216,1
2015_00654.jpg,162,17,390,152,228,135,1
2015_00655.jpg,10,10,297,306,287,296,1
2015_00656.jpg,112,16,466,242,354,226,1
2015_00657.jpg,141,200,354,257,213,57,1
2015_00657.jpg,368,196,488,249,120,53,1
2015_00658.jpg,152,332,202,382,50,50,10
2015_00658.jpg,53,341,222,436,169,95,1
2015_00659.jpg,240,202,333,241,93,39,1
2015_00659.jpg,277,198,299,229,22,31,10
2015_00660.jpg,227,269,387,332,160,63,1
2015_00660.jpg,67,201,436,317,369,116,1
2015_00661.jpg,222,71,500,541,278,470,1
2015_00662.jpg,131,528,313,627,182,99,10
2015_00662.jpg,426,427,515,469,89,42,10
2015_00662.jpg,425,479,595,599,170,120,1
2015_00662.jpg,517,420,604,485,87,65,1
2015_00662.jpg,332,453,445,512,113,59,10
2015_00662.jpg,244,478,390,566,146,88,10
2015_00663.jpg,150,375,233,447,83,72,1
2015_00663.jpg,360,307,465,368,105,61,1
2015_00663.jpg,196,331,270,401,74,70,1
2015_00664.jpg,80,310,355,416,275,106,1
2015_00664.jpg,644,291,755,350,111,59,1
2015_00665.jpg,32,287,320,424,288,137,1
2015_00665.jpg,203,265,277,341,74,76,10
2015_00666.jpg,102,181,275,332,173,151,1
2015_00666.jpg,198,117,259,246,61,129,10
2015_00667.jpg,8,22,566,338,558,316,1
2015_00668.jpg,58,294,211,446,153,152,1
2015_00668.jpg,270,278,398,386,128,108,1
2015_00669.jpg,306,50,465,304,159,254,1
2015_00669.jpg,99,164,258,246,159,82,1
2015_00670.jpg,493,294,614,384,121,90,1
2015_00670.jpg,138,279,163,317,25,38,10
2015_00670.jpg,582,270,596,301,14,31,10
2015_00670.jpg,459,264,546,322,87,58,1
2015_00671.jpg,14,162,424,333,410,171,1
2015_00672.jpg,757,462,1433,1050,676,588,1
2015_00673.jpg,81,5,243,283,162,278,1
2015_00674.jpg,234,200,387,247,153,47,1
2015_00675.jpg,296,86,378,193,82,107,1
2015_00676.jpg,40,288,222,397,182,109,1
2015_00676.jpg,363,250,468,341,105,91,1
2015_00677.jpg,424,219,546,305,122,86,1
2015_00678.jpg,282,178,431,253,149,75,1
2015_00679.jpg,581,103,638,259,57,156,1
2015_00679.jpg,259,72,460,296,201,224,1
2015_00679.jpg,208,66,292,290,84,224,1
2015_00680.jpg,234,34,480,269,246,235,1
2015_00681.jpg,523,215,571,239,48,24,10
2015_00681.jpg,507,306,524,341,17,35,10
2015_00681.jpg,505,274,521,305,16,31,10
2015_00681.jpg,579,276,591,310,12,34,10
2015_00681.jpg,555,256,569,306,14,50,10
2015_00681.jpg,376,170,457,234,81,64,1
2015_00681.jpg,527,272,552,310,25,38,10
2015_00681.jpg,589,291,612,328,23,37,10
2015_00681.jpg,528,238,557,256,29,18,10
2015_00682.jpg,50,256,76,280,26,24,10
2015_00682.jpg,39,260,91,288,52,28,1
2015_00683.jpg,103,272,350,343,247,71,1
2015_00683.jpg,8,284,125,360,117,76,1
2015_00683.jpg,92,188,130,225,38,37,1
2015_00683.jpg,273,202,365,249,92,47,1
2015_00683.jpg,544,230,567,256,23,26,10
2015_00683.jpg,620,241,632,267,12,26,10
2015_00684.jpg,16,49,168,281,152,232,1
2015_00684.jpg,218,41,395,282,177,241,1
2015_00685.jpg,6,183,163,296,157,113,1
2015_00685.jpg,348,218,898,377,550,159,1
2015_00686.jpg,11,240,94,323,83,83,1
2015_00686.jpg,507,272,628,363,121,91,1
2015_00686.jpg,407,255,495,312,88,57,1
2015_00687.jpg,255,234,388,327,133,93,1
2015_00688.jpg,131,227,234,299,103,72,1
2015_00689.jpg,83,221,269,267,186,46,1
2015_00689.jpg,377,267,555,398,178,131,1
2015_00690.jpg,364,224,420,244,56,20,1
2015_00690.jpg,194,228,233,252,39,24,1
2015_00690.jpg,13,215,540,371,527,156,1
2015_00691.jpg,258,238,567,321,309,83,1
2015_00692.jpg,143,83,250,232,107,149,1
2015_00692.jpg,332,163,393,209,61,46,1
2015_00692.jpg,382,190,453,279,71,89,1
2015_00692.jpg,59,98,152,217,93,119,1
2015_00693.jpg,191,218,302,278,111,60,1
2015_00694.jpg,421,269,472,312,51,43,1
2015_00694.jpg,493,309,591,367,98,58,1
2015_00694.jpg,534,256,577,306,43,50,4
2015_00694.jpg,560,276,589,319,29,43,0
2015_00694.jpg,446,287,531,342,85,55,1
2015_00694.jpg,171,267,216,294,45,27,0
2015_00694.jpg,10,288,108,370,98,82,4
2015_00694.jpg,101,280,151,323,50,43,0
2015_00694.jpg,378,249,433,289,55,40,1
2015_00694.jpg,583,278,636,336,53,58,4
2015_00694.jpg,96,323,214,407,118,84,1
2015_00694.jpg,173,280,259,355,86,75,1
2015_00694.jpg,129,267,168,313,39,46,4
2015_00694.jpg,231,242,294,290,63,48,1
2015_00695.jpg,361,215,396,235,35,20,1
2015_00695.jpg,196,273,231,300,35,27,1
2015_00695.jpg,175,296,230,329,55,33,1
2015_00695.jpg,538,272,623,314,85,42,1
2015_00695.jpg,128,318,210,389,82,71,1
2015_00695.jpg,246,229,263,248,17,19,1
2015_00695.jpg,405,216,443,249,38,33,1
2015_00695.jpg,213,245,259,285,46,40,1
2015_00696.jpg,12,121,330,400,318,279,1
2015_00697.jpg,42,265,281,397,239,132,1
2015_00697.jpg,246,183,305,209,59,26,1
2015_00697.jpg,355,157,445,213,90,56,1
2015_00698.jpg,73,237,166,311,93,74,1
2015_00699.jpg,12,55,167,395,155,340,1
2015_00700.jpg,333,255,417,305,84,50,1
2015_00700.jpg,280,232,300,255,20,23,1
2015_00700.jpg,122,272,184,317,62,45,1
2015_00700.jpg,306,310,537,419,231,109,1
2015_00700.jpg,171,248,228,302,57,54,1
2015_00700.jpg,17,315,113,409,96,94,1
2015_00701.jpg,550,210,619,247,69,37,4
2015_00701.jpg,455,237,525,268,70,31,1
2015_00701.jpg,405,211,452,238,47,27,1
2015_00701.jpg,495,240,639,317,144,77,1
2015_00701.jpg,434,221,492,246,58,25,1
2015_00701.jpg,85,187,244,323,159,136,1
2015_00701.jpg,374,202,420,230,46,28,1
2015_00702.jpg,192,276,260,311,68,35,1
2015_00703.jpg,137,170,291,273,154,103,1
2015_00703.jpg,209,4,300,171,91,167,1
2015_00704.jpg,375,155,395,201,20,46,10
2015_00704.jpg,168,190,495,291,327,101,1
2015_00704.jpg,306,163,427,221,121,58,1
2015_00704.jpg,440,150,479,233,39,83,10
2015_00705.jpg,438,149,577,336,139,187,1
2015_00705.jpg,322,256,401,289,79,33,1
2015_00706.jpg,250,280,323,385,73,105,10
2015_00706.jpg,413,214,534,269,121,55,1
2015_00706.jpg,357,278,415,360,58,82,10
2015_00707.jpg,167,234,196,251,29,17,1
2015_00707.jpg,304,240,331,254,27,14,1
2015_00707.jpg,353,255,455,310,102,55,1
2015_00707.jpg,208,246,252,260,44,14,1
2015_00707.jpg,520,242,564,258,44,16,1
2015_00708.jpg,209,462,324,554,115,92,1
2015_00708.jpg,259,368,330,429,71,61,1
2015_00709.jpg,88,342,189,401,101,59,1
2015_00709.jpg,9,361,93,444,84,83,1
2015_00709.jpg,166,463,396,634,230,171,1
2015_00709.jpg,234,336,271,363,37,27,1
2015_00710.jpg,368,283,498,381,130,98,1
2015_00710.jpg,321,269,355,295,34,26,1
2015_00710.jpg,300,255,331,280,31,25,1
2015_00710.jpg,243,268,282,297,39,29,1
2015_00710.jpg,195,286,252,337,57,51,1
2015_00710.jpg,345,281,378,311,33,30,1
2015_00711.jpg,9,83,80,215,71,132,1
2015_00711.jpg,207,240,344,316,137,76,1
2015_00711.jpg,84,209,136,245,52,36,1
2015_00711.jpg,427,156,457,174,30,18,1
2015_00711.jpg,389,171,433,194,44,23,1
2015_00711.jpg,422,200,478,231,56,31,1
2015_00711.jpg,300,160,371,194,71,34,1
2015_00711.jpg,438,190,502,218,64,28,1
2015_00711.jpg,351,159,390,175,39,16,1
2015_00711.jpg,137,235,198,285,61,50,1
2015_00711.jpg,354,195,405,229,51,34,1
2015_00711.jpg,446,167,504,188,58,21,1
2015_00712.jpg,106,227,171,251,65,24,1
2015_00712.jpg,259,232,312,250,53,18,1
2015_00712.jpg,227,228,419,308,192,80,1
2015_00713.jpg,108,223,201,259,93,36,1
2015_00713.jpg,216,94,365,277,149,183,1
2015_00714.jpg,360,24,497,113,137,89,1
2015_00714.jpg,8,128,184,239,176,111,1
2015_00715.jpg,309,238,339,282,30,44,6
2015_00715.jpg,305,157,501,235,196,78,1
2015_00715.jpg,351,238,397,310,46,72,6
2015_00715.jpg,395,238,438,301,43,63,6
2015_00715.jpg,429,234,458,292,29,58,6
2015_00715.jpg,460,229,498,287,38,58,6
2015_00715.jpg,2,217,69,265,67,48,1
2015_00715.jpg,236,234,279,298,43,64,10
2015_00715.jpg,273,232,315,290,42,58,10
2015_00715.jpg,395,214,430,289,35,75,10
2015_00715.jpg,137,139,273,243,136,104,1
2015_00715.jpg,284,206,311,256,27,50,10
2015_00715.jpg,228,245,273,307,45,62,6
2015_00715.jpg,269,250,321,313,52,63,6
2015_00716.jpg,370,206,467,259,97,53,1
2015_00716.jpg,237,32,368,235,131,203,1
2015_00716.jpg,60,64,178,232,118,168,1
2015_00717.jpg,326,83,389,204,63,121,10
2015_00717.jpg,282,137,503,269,221,132,1
2015_00717.jpg,415,77,488,219,73,142,10
2015_00718.jpg,7,154,98,232,91,78,0
2015_00718.jpg,63,153,175,203,112,50,4
2015_00718.jpg,339,168,385,193,46,25,1
2015_00718.jpg,151,189,251,286,100,97,1
2015_00719.jpg,222,171,333,208,111,37,1
2015_00719.jpg,29,188,110,241,81,53,1
2015_00719.jpg,331,35,503,332,172,297,1
2015_00719.jpg,95,191,328,333,233,142,1
2015_00720.jpg,172,170,215,243,43,73,10
2015_00720.jpg,306,177,326,209,20,32,10
2015_00720.jpg,479,171,506,254,27,83,10
2015_00720.jpg,121,212,325,274,204,62,1
2015_00720.jpg,261,173,277,210,16,37,10
2015_00721.jpg,829,172,1015,418,186,246,1
2015_00721.jpg,199,309,334,377,135,68,1
2015_00721.jpg,484,356,702,566,218,210,1
2015_00722.jpg,270,218,339,259,69,41,1
2015_00722.jpg,173,334,206,353,33,19,4
2015_00722.jpg,223,202,264,229,41,27,1
2015_00722.jpg,307,281,342,305,35,24,4
2015_00722.jpg,186,343,214,363,28,20,4
2015_00722.jpg,391,188,577,247,186,59,1
2015_00722.jpg,371,316,393,335,22,19,4
2015_00722.jpg,354,294,387,312,33,18,4
2015_00722.jpg,380,307,401,323,21,16,4
2015_00722.jpg,452,342,475,360,23,18,4
2015_00723.jpg,122,25,520,372,398,347,1
2015_00724.jpg,193,258,355,316,162,58,1
2015_00724.jpg,123,323,333,423,210,100,1
2015_00724.jpg,324,196,353,215,29,19,1
2015_00724.jpg,117,200,173,224,56,24,1
2015_00724.jpg,427,190,483,216,56,26,1
2015_00724.jpg,492,195,527,213,35,18,1
2015_00725.jpg,299,166,640,308,341,142,1
2015_00725.jpg,208,205,370,252,162,47,1
2015_00725.jpg,0,182,199,259,199,77,1
2015_00726.jpg,3,209,258,364,255,155,1
2015_00727.jpg,245,161,390,378,145,217,1
2015_00727.jpg,365,261,637,391,272,130,1
2015_00728.jpg,307,356,489,475,182,119,1
2015_00728.jpg,393,284,513,369,120,85,1
2015_00729.jpg,50,213,221,300,171,87,1
2015_00729.jpg,239,243,636,399,397,156,1
2015_00729.jpg,249,203,403,256,154,53,1
2015_00729.jpg,394,195,465,228,71,33,1
2015_00729.jpg,536,195,638,268,102,73,1
2015_00730.jpg,260,306,495,358,235,52,1
2015_00730.jpg,132,313,221,345,89,32,1
2015_00731.jpg,483,202,501,236,18,34,10
2015_00731.jpg,440,205,456,236,16,31,10
2015_00731.jpg,426,314,532,408,106,94,1
2015_00731.jpg,403,252,472,318,69,66,1
2015_00731.jpg,308,224,341,256,33,32,1
2015_00731.jpg,464,207,480,246,16,39,10
2015_00731.jpg,124,293,257,388,133,95,1
2015_00731.jpg,232,261,298,305,66,44,1
2015_00731.jpg,368,204,416,247,48,43,1
2015_00732.jpg,469,261,553,293,84,32,1
2015_00732.jpg,302,256,368,307,66,51,1
2015_00732.jpg,164,246,285,362,121,116,1
2015_00733.jpg,265,161,441,298,176,137,1
2015_00734.jpg,27,284,124,353,97,69,1
2015_00734.jpg,72,273,190,310,118,37,1
2015_00735.jpg,187,71,481,283,294,212,1
2015_00735.jpg,72,137,289,207,217,70,1
2015_00736.jpg,299,357,352,418,53,61,1
2015_00736.jpg,211,370,271,416,60,46,1
2015_00736.jpg,82,310,171,347,89,37,1
2015_00737.jpg,230,245,309,362,79,117,1
2015_00737.jpg,295,258,367,359,72,101,1
2015_00737.jpg,155,341,262,390,107,49,1
2015_00738.jpg,253,18,360,274,107,256,1
2015_00739.jpg,356,383,534,516,178,133,1
2015_00740.jpg,545,321,594,363,49,42,1
2015_00741.jpg,107,213,256,305,149,92,1
2015_00742.jpg,91,107,185,202,94,95,1
2015_00743.jpg,199,227,297,286,98,59,1
2015_00743.jpg,362,187,417,224,55,37,1
2015_00744.jpg,108,137,321,256,213,119,1
2015_00745.jpg,40,322,163,398,123,76,1
2015_00746.jpg,194,334,266,397,72,63,1
2015_00747.jpg,506,230,530,283,24,53,10
2015_00747.jpg,357,231,381,276,24,45,10
2015_00747.jpg,583,233,609,289,26,56,10
2015_00747.jpg,537,233,580,287,43,54,10
2015_00747.jpg,158,229,359,309,201,80,1
2015_00748.jpg,197,212,571,423,374,211,1
2015_00749.jpg,105,31,380,234,275,203,1
2015_00750.jpg,409,262,436,283,27,21,1
2015_00750.jpg,446,269,505,304,59,35,1
2015_00751.jpg,207,244,227,274,20,30,10
2015_00751.jpg,458,267,516,317,58,50,1
2015_00751.jpg,325,252,399,295,74,43,1
2015_00752.jpg,131,230,258,283,127,53,1
2015_00752.jpg,186,239,205,266,19,27,10
2015_00753.jpg,17,156,167,253,150,97,1
2015_00754.jpg,3,270,119,419,116,149,1
2015_00754.jpg,461,291,585,346,124,55,1
2015_00754.jpg,252,241,304,293,52,52,1
2015_00754.jpg,329,234,369,264,40,30,1
2015_00754.jpg,82,225,156,286,74,61,1
2015_00755.jpg,296,236,402,301,106,65,1
2015_00755.jpg,353,266,535,383,182,117,1
2015_00756.jpg,326,244,365,282,39,38,10
2015_00756.jpg,227,207,252,279,25,72,10
2015_00756.jpg,209,135,382,305,173,170,1
2015_00757.jpg,318,181,397,202,79,21,1
2015_00757.jpg,234,181,313,213,79,32,1
2015_00757.jpg,307,261,560,397,253,136,1
2015_00757.jpg,439,189,589,293,150,104,1
2015_00758.jpg,192,236,228,249,36,13,1
2015_00758.jpg,533,235,571,248,38,13,1
2015_00758.jpg,285,266,410,308,125,42,1
2015_00759.jpg,106,387,436,494,330,107,1
2015_00759.jpg,135,372,182,434,47,62,10
2015_00759.jpg,309,388,351,449,42,61,10
2015_00759.jpg,377,405,426,450,49,45,10
2015_00760.jpg,307,281,387,316,80,35,1
2015_00760.jpg,5,267,95,306,90,39,1
2015_00760.jpg,133,287,252,324,119,37,1
2015_00760.jpg,166,264,197,298,31,34,10
2015_00761.jpg,102,320,138,350,36,30,1
2015_00762.jpg,155,279,191,311,36,32,1
2015_00763.jpg,181,124,197,167,16,43,10
2015_00763.jpg,146,249,214,334,68,85,6
2015_00763.jpg,329,121,491,239,162,118,1
2015_00763.jpg,159,176,202,234,43,58,11
2015_00763.jpg,176,192,209,238,33,46,6
2015_00764.jpg,26,256,133,319,107,63,1
2015_00764.jpg,148,244,226,283,78,39,1
2015_00764.jpg,340,242,390,282,50,40,1
2015_00764.jpg,262,226,297,250,35,24,1
2015_00765.jpg,370,304,535,406,165,102,1
2015_00766.jpg,52,241,192,314,140,73,1
2015_00767.jpg,4,367,93,420,89,53,1
2015_00768.jpg,222,214,428,296,206,82,1
2015_00768.jpg,129,205,181,227,52,22,1
2015_00768.jpg,245,228,275,256,30,28,10
2015_00768.jpg,290,231,309,253,19,22,10
2015_00768.jpg,324,210,345,247,21,37,10
2015_00768.jpg,307,218,327,246,20,28,10
2015_00769.jpg,107,305,192,349,85,44,1
2015_00770.jpg,214,228,226,254,12,26,10
2015_00770.jpg,153,235,167,267,14,32,10
2015_00770.jpg,257,233,298,277,41,44,1
2015_00770.jpg,30,313,169,407,139,94,1
2015_00770.jpg,202,283,259,323,57,40,1
2015_00771.jpg,74,234,106,267,32,33,1
2015_00771.jpg,23,209,35,226,12,17,10
2015_00771.jpg,131,205,180,247,49,42,1
2015_00771.jpg,7,314,77,383,70,69,1
2015_00772.jpg,122,398,174,458,52,60,10
2015_00772.jpg,66,383,192,468,126,85,1
2015_00772.jpg,92,372,136,438,44,66,10
2015_00773.jpg,62,217,188,255,126,38,1
2015_00774.jpg,105,249,175,324,70,75,1
2015_00774.jpg,373,272,425,308,52,36,1
2015_00775.jpg,281,388,476,546,195,158,1
2015_00776.jpg,273,200,309,231,36,31,10
2015_00776.jpg,253,197,338,260,85,63,1
2015_00777.jpg,154,90,314,265,160,175,1
2015_00778.jpg,176,186,348,302,172,116,1
2015_00779.jpg,371,17,492,280,121,263,1
2015_00779.jpg,254,34,380,259,126,225,1
2015_00779.jpg,3,167,259,295,256,128,1
2015_00780.jpg,22,274,1013,636,991,362,1
2015_00781.jpg,348,190,382,213,34,23,1
2015_00781.jpg,112,149,260,238,148,89,1
2015_00782.jpg,206,282,344,343,138,61,1
2015_00783.jpg,34,86,261,389,227,303,1
2015_00784.jpg,395,123,534,462,139,339,1
2015_00785.jpg,27,0,284,316,257,316,1
2015_00786.jpg,360,303,374,316,14,13,10
2015_00786.jpg,266,298,284,343,18,45,10
2015_00786.jpg,390,298,416,345,26,47,10
2015_00786.jpg,46,316,60,348,14,32,10
2015_00786.jpg,58,309,72,349,14,40,10
2015_00786.jpg,6,35,179,292,173,257,1
2015_00786.jpg,3,301,23,349,20,48,10
2015_00786.jpg,445,299,465,346,20,47,10
2015_00787.jpg,178,522,1591,919,1413,397,1
2015_00787.jpg,339,400,562,713,223,313,10
2015_00787.jpg,550,562,730,817,180,255,10
2015_00787.jpg,747,567,942,837,195,270,10
2015_00788.jpg,271,113,310,200,39,87,1
2015_00788.jpg,220,239,305,299,85,60,1
2015_00788.jpg,270,238,298,275,28,37,10
2015_00788.jpg,233,235,261,272,28,37,10
2015_00789.jpg,138,82,246,267,108,185,1
2015_00790.jpg,238,220,292,253,54,33,1
2015_00790.jpg,273,164,362,237,89,73,1
2015_00790.jpg,4,212,76,251,72,39,1
2015_00791.jpg,52,266,355,373,303,107,6
2015_00791.jpg,3,253,142,371,139,118,11
2015_00791.jpg,9,84,108,180,99,96,1
2015_00792.jpg,32,90,477,246,445,156,1
2015_00793.jpg,147,31,487,231,340,200,1
2015_00794.jpg,102,99,400,183,298,84,1
2015_00794.jpg,253,155,332,181,79,26,1
2015_00794.jpg,160,155,244,189,84,34,1
2015_00795.jpg,416,221,462,249,46,28,1
2015_00795.jpg,431,242,500,270,69,28,1
2015_00795.jpg,333,194,404,305,71,111,10
2015_00795.jpg,94,216,156,240,62,24,1
2015_00795.jpg,264,212,323,234,59,22,1
2015_00795.jpg,154,199,206,283,52,84,10
2015_00795.jpg,18,214,69,239,51,25,1
2015_00795.jpg,205,203,244,290,39,87,10
2015_00795.jpg,241,213,265,289,24,76,10
2015_00796.jpg,51,164,149,279,98,115,10
2015_00796.jpg,243,159,337,224,94,65,1
2015_00796.jpg,73,94,248,281,175,187,10
2015_00797.jpg,2920,2068,3145,2422,225,354,10
2015_00797.jpg,2563,1968,2816,2443,253,475,10
2015_00797.jpg,2476,2155,2725,2436,249,281,10
2015_00797.jpg,2248,2075,2449,2370,201,295,10
2015_00797.jpg,2216,2248,2479,2428,263,180,10
2015_00797.jpg,40,1140,633,2405,593,1265,10
2015_00797.jpg,446,1555,1101,2425,655,870,10
2015_00797.jpg,1156,1320,2095,2436,939,1116,10
2015_00797.jpg,1049,1262,1324,1457,275,195,1
2015_00798.jpg,279,148,378,198,99,50,1
2015_00798.jpg,325,210,442,289,117,79,1
2015_00798.jpg,471,199,543,244,72,45,1
2015_00798.jpg,170,209,269,258,99,49,1
2015_00799.jpg,260,201,513,311,253,110,1
2015_00799.jpg,279,225,310,262,31,37,10
2015_00799.jpg,307,238,331,264,24,26,10
2015_00799.jpg,336,242,358,266,22,24,10
2015_00799.jpg,400,225,426,266,26,41,10
2015_00799.jpg,360,243,391,269,31,26,10
2015_00800.jpg,314,258,569,398,255,140,1
2015_00801.jpg,106,210,184,271,78,61,1
2015_00802.jpg,495,371,550,396,55,25,1
2015_00802.jpg,647,375,747,468,100,93,1
2015_00802.jpg,13,421,662,601,649,180,1
2015_00803.jpg,239,252,450,325,211,73,1
2015_00804.jpg,113,255,229,327,116,72,1
2015_00805.jpg,180,33,201,106,21,73,10
2015_00805.jpg,145,39,176,94,31,55,10
2015_00805.jpg,3,121,97,192,94,71,1
2015_00805.jpg,404,168,519,197,115,29,11
2015_00805.jpg,353,146,421,182,68,36,11
2015_00805.jpg,277,132,344,160,67,28,11
2015_00805.jpg,490,76,534,173,44,97,10
2015_00805.jpg,70,158,400,371,330,213,1
2015_00805.jpg,359,161,397,217,38,56,6
2015_00806.jpg,140,396,215,463,75,67,1
2015_00807.jpg,50,177,671,516,621,339,1
2015_00808.jpg,31,20,359,598,328,578,1
2015_00809.jpg,557,182,617,258,60,76,10
2015_00809.jpg,339,207,761,305,422,98,1
2015_00810.jpg,374,283,480,334,106,51,1
2015_00811.jpg,80,30,547,282,467,252,1
2015_00812.jpg,430,433,1020,598,590,165,1
2015_00813.jpg,5,437,571,895,566,458,1
2015_00814.jpg,326,189,443,225,117,36,1
2015_00814.jpg,114,135,270,193,156,58,1
2015_00815.jpg,213,90,755,472,542,382,1
2015_00816.jpg,119,335,299,396,180,61,1
2015_00817.jpg,262,281,635,391,373,110,1
2015_00818.jpg,305,249,368,303,63,54,1
2015_00818.jpg,43,226,95,254,52,28,1
2015_00819.jpg,146,563,268,620,122,57,1
2015_00820.jpg,302,132,410,248,108,116,1
2015_00820.jpg,200,142,300,218,100,76,1
2015_00821.jpg,202,251,585,400,383,149,1
2015_00822.jpg,2,365,131,432,129,67,1
2015_00822.jpg,150,368,383,485,233,117,1
2015_00823.jpg,9,184,802,544,793,360,1
2015_00824.jpg,414,316,505,337,91,21,1
2015_00824.jpg,184,283,245,371,61,88,1
2015_00824.jpg,543,339,585,359,42,20,1
2015_00824.jpg,202,355,272,401,70,46,1
2015_00824.jpg,405,351,475,378,70,27,1
2015_00824.jpg,434,337,491,355,57,18,1
2015_00824.jpg,498,353,556,381,58,28,1
2015_00824.jpg,563,357,641,400,78,43,1
2015_00824.jpg,365,365,439,405,74,40,1
2015_00824.jpg,312,332,391,363,79,31,1
2015_00824.jpg,273,355,351,388,78,33,1
2015_00824.jpg,246,380,333,422,87,42,1
2015_00824.jpg,37,358,122,402,85,44,1
2015_00824.jpg,58,370,140,416,82,46,1
2015_00824.jpg,504,326,545,352,41,26,1
2015_00824.jpg,547,308,637,338,90,30,1
2015_00825.jpg,73,69,563,374,490,305,1
2015_00825.jpg,21,183,98,226,77,43,4
2015_00826.jpg,429,314,497,349,68,35,1
2015_00827.jpg,110,159,157,187,47,28,1
2015_00827.jpg,159,157,205,182,46,25,1
2015_00827.jpg,215,162,248,179,33,17,1
2015_00827.jpg,249,157,291,181,42,24,1
2015_00827.jpg,507,214,637,272,130,58,1
2015_00827.jpg,443,241,626,336,183,95,1
2015_00827.jpg,414,169,630,223,216,54,1
2015_00827.jpg,391,208,493,256,102,48,1
2015_00827.jpg,322,186,417,215,95,29,1
2015_00827.jpg,268,229,433,269,165,40,1
2015_00827.jpg,262,280,570,422,308,142,1
2015_00827.jpg,123,230,277,321,154,91,1
2015_00827.jpg,53,209,173,267,120,58,1
2015_00827.jpg,4,163,66,190,62,27,1
2015_00827.jpg,81,176,121,194,40,18,1
2015_00828.jpg,179,171,323,311,144,140,1
2015_00828.jpg,568,228,637,282,69,54,1
2015_00829.jpg,273,174,529,295,256,121,1
2015_00829.jpg,540,158,618,275,78,117,1
2015_00829.jpg,177,269,511,368,334,99,1
2015_00830.jpg,528,226,739,339,211,113,1
2015_00831.jpg,434,197,555,260,121,63,1
2015_00832.jpg,76,204,483,470,407,266,1
2015_00833.jpg,319,185,376,293,57,108,1
2015_00833.jpg,185,269,253,315,68,46,1
2015_00833.jpg,215,240,251,257,36,17,1
2015_00833.jpg,9,245,55,267,46,22,1
2015_00833.jpg,149,245,177,257,28,12,1
2015_00834.jpg,358,256,438,306,80,50,1
2015_00834.jpg,118,244,217,299,99,55,1
2015_00835.jpg,68,258,235,320,167,62,1
2015_00836.jpg,284,281,326,326,42,45,1
2015_00836.jpg,457,253,507,291,50,38,1
2015_00836.jpg,8,337,134,419,126,82,1
2015_00837.jpg,90,232,126,269,36,37,1
2015_00837.jpg,139,204,204,252,65,48,1
2015_00837.jpg,273,135,382,219,109,84,1
2015_00838.jpg,149,174,461,280,312,106,1
2015_00839.jpg,89,157,106,180,17,23,10
2015_00839.jpg,231,227,263,263,32,36,10
2015_00839.jpg,145,227,276,283,131,56,1
2015_00840.jpg,43,189,397,302,354,113,1
2015_00841.jpg,220,267,362,405,142,138,1
2015_00842.jpg,117,251,238,289,121,38,1
2015_00843.jpg,210,190,251,220,41,30,4
2015_00843.jpg,234,183,267,216,33,33,4
2015_00843.jpg,384,208,416,225,32,17,1
2015_00843.jpg,267,206,302,230,35,24,1
2015_00843.jpg,410,215,452,241,42,26,1
2015_00843.jpg,228,227,290,264,62,37,1
2015_00843.jpg,5,191,219,268,214,77,0
2015_00844.jpg,321,163,421,245,100,82,1
2015_00844.jpg,405,176,450,210,45,34,4
2015_00844.jpg,454,174,506,223,52,49,4
2015_00844.jpg,65,171,139,223,74,52,4
2015_00844.jpg,57,192,84,233,27,41,0
2015_00844.jpg,17,254,153,306,136,52,1
2015_00844.jpg,107,179,245,284,138,105,1
2015_00844.jpg,416,218,504,305,88,87,1
2015_00844.jpg,278,169,333,209,55,40,1
2015_00845.jpg,189,148,485,284,296,136,1
2015_00845.jpg,52,250,313,321,261,71,1
2015_00846.jpg,10,203,299,275,289,72,1
2015_00847.jpg,34,221,175,278,141,57,1
2015_00847.jpg,249,212,503,329,254,117,1
2015_00848.jpg,370,253,435,290,65,37,1
2015_00849.jpg,216,234,311,287,95,53,1
2015_00850.jpg,20,453,719,821,699,368,1
2015_00851.jpg,115,191,302,328,187,137,1
2015_00851.jpg,216,177,432,323,216,146,1
2015_00851.jpg,3,218,169,328,166,110,1
2015_00852.jpg,59,213,309,333,250,120,1
2015_00853.jpg,233,238,262,264,29,26,1
2015_00853.jpg,71,85,251,318,180,233,1
2015_00854.jpg,204,224,270,282,66,58,1
2015_00855.jpg,149,196,492,332,343,136,1
2015_00855.jpg,100,228,162,253,62,25,1
2015_00856.jpg,41,128,63,181,22,53,10
2015_00856.jpg,169,172,239,216,70,44,1
2015_00856.jpg,92,199,172,257,80,58,1
2015_00857.jpg,265,250,347,276,82,26,1
2015_00857.jpg,52,250,172,283,120,33,1
2015_00857.jpg,326,236,367,256,41,20,4
2015_00858.jpg,113,356,135,393,22,37,10
2015_00858.jpg,106,373,155,423,49,50,1
2015_00859.jpg,368,159,423,212,55,53,1
2015_00859.jpg,21,3,182,225,161,222,1
2015_00859.jpg,180,100,338,250,158,150,1
2015_00860.jpg,11,214,430,355,419,141,1
2015_00861.jpg,244,84,332,160,88,76,10
2015_00861.jpg,163,50,382,218,219,168,1
2015_00862.jpg,74,65,616,306,542,241,1
2015_00863.jpg,407,70,629,240,222,170,1
2015_00864.jpg,4,257,40,292,36,35,10
2015_00864.jpg,2,343,57,420,55,77,1
2015_00864.jpg,20,305,124,382,104,77,1
2015_00864.jpg,417,268,470,322,53,54,1
2015_00865.jpg,374,190,429,215,55,25,1
2015_00866.jpg,374,191,428,215,54,24,1
2015_00867.jpg,471,41,623,91,152,50,1
2015_00867.jpg,41,78,570,328,529,250,1
2015_00867.jpg,58,21,82,65,24,44,10
2015_00867.jpg,114,107,182,281,68,174,10
2015_00867.jpg,281,38,510,92,229,54,1
2015_00868.jpg,224,116,297,203,73,87,10
2015_00868.jpg,85,110,411,265,326,155,1
2015_00868.jpg,111,124,187,195,76,71,10
2015_00869.jpg,329,276,454,339,125,63,1
2015_00869.jpg,357,309,448,404,91,95,1
2015_00869.jpg,436,305,547,397,111,92,1
2015_00870.jpg,95,265,128,291,33,26,1
2015_00870.jpg,137,288,192,346,55,58,1
2015_00871.jpg,5,107,190,246,185,139,1
2015_00871.jpg,305,168,505,316,200,148,1
2015_00871.jpg,401,151,508,244,107,93,1
2015_00871.jpg,168,163,357,334,189,171,1
2015_00872.jpg,57,248,190,303,133,55,1
2015_00873.jpg,248,249,374,302,126,53,1
2015_00873.jpg,269,251,281,280,12,29,10
2015_00874.jpg,467,250,550,332,83,82,1
2015_00874.jpg,517,311,609,399,92,88,1
2015_00874.jpg,299,242,349,284,50,42,1
2015_00874.jpg,177,277,286,362,109,85,1
2015_00875.jpg,85,285,193,328,108,43,1
2015_00875.jpg,30,317,158,403,128,86,1
2015_00875.jpg,3,356,86,423,83,67,1
2015_00876.jpg,443,184,515,243,72,59,1
2015_00876.jpg,202,230,279,316,77,86,1
2015_00876.jpg,267,196,334,261,67,65,1
2015_00876.jpg,309,183,364,219,55,36,1
2015_00876.jpg,539,254,636,367,97,113,1
2015_00877.jpg,308,225,340,271,32,46,10
2015_00877.jpg,262,224,577,298,315,74,1
2015_00878.jpg,1,242,225,307,224,65,1
2015_00879.jpg,8,167,49,184,41,17,4
2015_00879.jpg,456,173,492,191,36,18,4
2015_00879.jpg,133,183,175,211,42,28,1
2015_00879.jpg,51,201,123,246,72,45,1
2015_00880.jpg,367,149,397,172,30,23,1
2015_00880.jpg,472,178,536,242,64,64,1
2015_00880.jpg,93,164,223,213,130,49,1
2015_00881.jpg,620,352,768,488,148,136,1
2015_00881.jpg,886,393,1019,444,133,51,1
2015_00881.jpg,230,329,334,439,104,110,1
2015_00882.jpg,39,245,207,292,168,47,1
2015_00882.jpg,3,259,116,331,113,72,1
2015_00882.jpg,89,215,148,244,59,29,4
2015_00882.jpg,241,225,330,297,89,72,1
2015_00883.jpg,147,32,430,189,283,157,1
2015_00884.jpg,364,515,429,586,65,71,10
2015_00884.jpg,290,503,675,669,385,166,1
2015_00885.jpg,529,312,573,328,44,16,11
2015_00885.jpg,549,334,603,375,54,41,11
2015_00885.jpg,563,336,598,387,35,51,6
2015_00885.jpg,92,288,222,366,130,78,1
2015_00885.jpg,189,264,260,310,71,46,1
2015_00885.jpg,270,238,318,296,48,58,1
2015_00886.jpg,95,292,248,462,153,170,1
2015_00887.jpg,20,236,210,329,190,93,1
2015_00887.jpg,514,241,573,347,59,106,10
2015_00887.jpg,378,240,636,379,258,139,1
2015_00888.jpg,53,312,234,466,181,154,1
2015_00889.jpg,204,144,297,164,93,20,1
2015_00889.jpg,16,140,221,230,205,90,1
2015_00890.jpg,27,329,211,433,184,104,1
2015_00890.jpg,180,318,324,429,144,111,1
2015_00891.jpg,22,149,224,222,202,73,1
2015_00892.jpg,9,292,121,404,112,112,1
2015_00893.jpg,34,192,192,348,158,156,1
2015_00894.jpg,103,227,239,299,136,72,1
2015_00895.jpg,262,247,511,328,249,81,1
2015_00896.jpg,159,189,498,327,339,138,1
2015_00897.jpg,106,219,252,290,146,71,1
2015_00898.jpg,223,282,385,358,162,76,1
2015_00898.jpg,511,262,575,305,64,43,1
2015_00899.jpg,456,347,565,396,109,49,1
2015_00900.jpg,294,316,377,421,83,105,1
2015_00900.jpg,97,256,255,414,158,158,1
2015_00900.jpg,233,209,281,293,48,84,1
2015_00900.jpg,297,221,336,260,39,39,1
2015_00901.jpg,53,367,282,541,229,174,1
2015_00902.jpg,5,299,216,413,211,114,1
2015_00902.jpg,203,295,268,347,65,52,1
2015_00902.jpg,447,276,620,394,173,118,1
2015_00903.jpg,100,259,278,350,178,91,1
2015_00904.jpg,461,297,586,364,125,67,1
2015_00904.jpg,503,346,636,419,133,73,1
2015_00904.jpg,421,279,491,338,70,59,1
2015_00905.jpg,271,222,346,270,75,48,1
2015_00905.jpg,284,258,393,375,109,117,1
2015_00905.jpg,467,220,491,285,24,65,10
2015_00905.jpg,188,210,231,243,43,33,1
2015_00905.jpg,435,218,463,286,28,68,10
2015_00905.jpg,416,200,438,243,22,43,10
2015_00905.jpg,376,197,401,248,25,51,10
2015_00906.jpg,59,294,140,354,81,60,1
2015_00906.jpg,168,253,211,313,43,60,1
2015_00907.jpg,70,222,327,374,257,152,1
2015_00907.jpg,337,232,595,451,258,219,1
2015_00908.jpg,328,213,436,253,108,40,1
2015_00908.jpg,154,190,268,249,114,59,1
2015_00908.jpg,252,198,358,260,106,62,1
2015_00908.jpg,3,189,429,315,426,126,1
2015_00909.jpg,129,224,189,264,60,40,1
2015_00909.jpg,222,242,362,329,140,87,1
2015_00909.jpg,513,413,638,474,125,61,1
2015_00910.jpg,482,274,544,306,62,32,1
2015_00910.jpg,212,275,265,313,53,38,1
2015_00910.jpg,548,304,621,344,73,40,1
2015_00910.jpg,518,288,576,319,58,31,1
2015_00910.jpg,247,272,290,302,43,30,1
2015_00910.jpg,143,289,223,337,80,48,1
2015_00911.jpg,169,208,214,279,45,71,10
2015_00911.jpg,231,216,253,253,22,37,10
2015_00911.jpg,324,223,397,281,73,58,1
2015_00911.jpg,387,222,432,251,45,29,1
2015_00911.jpg,412,205,457,234,45,29,1
2015_00911.jpg,211,197,242,274,31,77,10
2015_00912.jpg,237,332,347,493,110,161,1
2015_00912.jpg,6,532,122,634,116,102,1
2015_00913.jpg,415,226,453,259,38,33,1
2015_00914.jpg,137,516,467,666,330,150,1
2015_00915.jpg,413,339,627,504,214,165,1
2015_00916.jpg,571,510,637,556,66,46,1
2015_00916.jpg,240,405,343,498,103,93,1
2015_00916.jpg,386,442,457,518,71,76,1
2015_00917.jpg,682,286,888,638,206,352,1
2015_00918.jpg,409,274,429,299,20,25,10
2015_00918.jpg,339,276,397,322,58,46,1
2015_00918.jpg,287,344,404,413,117,69,1
2015_00918.jpg,223,272,256,316,33,44,10
2015_00918.jpg,203,273,238,300,35,27,10
2015_00919.jpg,312,413,579,712,267,299,1
2015_00919.jpg,561,480,921,691,360,211,1
2015_00919.jpg,5,327,377,751,372,424,1
2015_00920.jpg,244,167,392,396,148,229,1
2015_00920.jpg,419,339,475,410,56,71,1
2015_00921.jpg,93,325,147,369,54,44,1
2015_00921.jpg,192,309,273,373,81,64,1
2015_00921.jpg,338,307,402,348,64,41,1
2015_00922.jpg,208,429,282,481,74,52,1
2015_00922.jpg,343,339,430,414,87,75,1
2015_00923.jpg,286,216,333,245,47,29,1
2015_00923.jpg,182,163,216,239,34,76,1
2015_00923.jpg,307,225,366,252,59,27,1
2015_00923.jpg,225,170,283,247,58,77,1
2015_00923.jpg,266,275,290,320,24,45,10
2015_00923.jpg,250,278,268,319,18,41,10
2015_00923.jpg,293,279,314,331,21,52,10
2015_00923.jpg,309,293,327,346,18,53,10
2015_00923.jpg,323,292,339,344,16,52,10
2015_00923.jpg,336,271,350,298,14,27,10
2015_00923.jpg,337,295,359,349,22,54,10
2015_00923.jpg,381,267,396,306,15,39,10
2015_00923.jpg,366,288,386,334,20,46,10
2015_00923.jpg,407,290,434,336,27,46,10
2015_00923.jpg,113,208,185,245,72,37,1
2015_00923.jpg,529,287,551,332,22,45,10
2015_00923.jpg,160,315,190,382,30,67,10
2015_00924.jpg,314,222,374,246,60,24,4
2015_00924.jpg,375,217,402,245,27,28,10
2015_00924.jpg,237,238,550,398,313,160,1
2015_00924.jpg,585,212,661,244,76,32,4
2015_00924.jpg,129,237,246,282,117,45,1
2015_00924.jpg,427,220,485,247,58,27,4
2015_00924.jpg,367,223,423,245,56,22,4
2015_00924.jpg,500,214,568,248,68,34,4
2015_00925.jpg,55,9,309,230,254,221,1
2015_00926.jpg,37,357,303,432,266,75,1
2015_00927.jpg,383,258,430,276,47,18,1
2015_00927.jpg,340,226,373,247,33,21,1
2015_00927.jpg,375,246,413,269,38,23,1
2015_00927.jpg,355,233,391,257,36,24,1
2015_00927.jpg,348,287,424,344,76,57,1
2015_00928.jpg,334,234,358,258,24,24,10
2015_00928.jpg,15,226,243,331,228,105,1
2015_00928.jpg,474,135,496,176,22,41,10
2015_00928.jpg,461,136,477,176,16,40,10
2015_00928.jpg,314,135,340,174,26,39,10
2015_00928.jpg,254,144,276,182,22,38,10
2015_00928.jpg,405,227,637,359,232,132,1
2015_00929.jpg,518,433,701,535,183,102,1
2015_00929.jpg,3,437,148,519,145,82,1
2015_00930.jpg,787,540,935,631,148,91,1
2015_00930.jpg,30,454,507,766,477,312,1
2015_00931.jpg,83,107,370,316,287,209,1
2015_00931.jpg,16,272,106,348,90,76,1
2015_00932.jpg,265,202,346,260,81,58,1
2015_00933.jpg,295,220,413,308,118,88,1
2015_00933.jpg,48,297,187,407,139,110,1
2015_00933.jpg,99,250,189,302,90,52,1
2015_00933.jpg,335,267,460,379,125,112,1
2015_00934.jpg,916,454,934,492,18,38,10
2015_00934.jpg,933,453,953,495,20,42,10
2015_00934.jpg,6,390,555,541,549,151,1
2015_00934.jpg,205,176,449,568,244,392,1
2015_00935.jpg,1110,373,1308,511,198,138,1
2015_00936.jpg,453,314,550,404,97,90,1
2015_00936.jpg,447,248,518,321,71,73,1
2015_00936.jpg,367,244,455,309,88,65,1
2015_00936.jpg,348,302,455,401,107,99,1
2015_00937.jpg,867,308,1297,764,430,456,1
2015_00938.jpg,108,177,324,226,216,49,1
2015_00939.jpg,465,137,845,288,380,151,1
2015_00940.jpg,365,198,455,260,90,62,1
2015_00941.jpg,339,177,450,202,111,25,1
2015_00941.jpg,360,213,428,274,68,61,1
2015_00941.jpg,560,207,625,248,65,41,1
2015_00942.jpg,257,243,445,328,188,85,1
2015_00942.jpg,186,189,229,227,43,38,1
2015_00942.jpg,215,204,311,252,96,48,1
2015_00942.jpg,370,317,638,436,268,119,1
2015_00943.jpg,246,169,330,211,84,42,1
2015_00944.jpg,139,392,546,585,407,193,1
2015_00944.jpg,560,407,876,703,316,296,1
2015_00945.jpg,108,236,240,360,132,124,1
2015_00946.jpg,414,162,500,235,86,73,1
2015_00947.jpg,352,142,442,363,90,221,10
2015_00947.jpg,228,164,300,218,72,54,1
2015_00947.jpg,500,190,530,224,30,34,6
2015_00947.jpg,478,186,511,223,33,37,6
2015_00948.jpg,63,690,670,921,607,231,1
2015_00949.jpg,8,198,301,346,293,148,1
2015_00949.jpg,355,198,632,365,277,167,1
2015_00950.jpg,547,255,612,312,65,57,1
2015_00950.jpg,88,250,187,299,99,49,1
2015_00950.jpg,259,265,367,316,108,51,1
2015_00951.jpg,437,254,536,324,99,70,1
2015_00951.jpg,186,240,289,307,103,67,1
2015_00951.jpg,341,253,438,315,97,62,1
2015_00952.jpg,98,183,261,280,163,97,1
2015_00953.jpg,193,148,249,224,56,76,10
2015_00953.jpg,126,144,334,275,208,131,1
2015_00954.jpg,339,210,496,332,157,122,1
2015_00954.jpg,205,232,330,328,125,96,1
2015_00954.jpg,68,217,201,298,133,81,1
2015_00955.jpg,508,208,599,303,91,95,1
2015_00955.jpg,248,178,390,265,142,87,1
2015_00956.jpg,612,553,819,747,207,194,1
2015_00957.jpg,349,162,396,213,47,51,1
2015_00957.jpg,471,153,503,220,32,67,10
2015_00957.jpg,262,201,288,233,26,32,10
2015_00957.jpg,367,282,513,417,146,135,1
2015_00957.jpg,506,157,534,216,28,59,10
2015_00957.jpg,256,199,323,257,67,58,1
2015_00957.jpg,526,165,560,259,34,94,10
2015_00957.jpg,555,172,588,261,33,89,10
2015_00957.jpg,291,201,319,233,28,32,10
2015_00957.jpg,113,197,226,269,113,72,1
2015_00958.jpg,410,183,612,246,202,63,1
2015_00958.jpg,126,182,372,274,246,92,1
2015_00959.jpg,129,255,185,292,56,37,1
2015_00959.jpg,261,278,396,383,135,105,1
2015_00959.jpg,11,291,94,358,83,67,1
2015_00959.jpg,315,365,425,542,110,177,1
2015_00959.jpg,136,240,203,285,67,45,1
2015_00959.jpg,90,266,159,327,69,61,1
2015_00960.jpg,374,139,597,222,223,83,1
2015_00960.jpg,42,126,280,212,238,86,1
2015_00961.jpg,215,133,269,190,54,57,1
2015_00961.jpg,401,224,518,321,117,97,1
2015_00961.jpg,6,231,108,280,102,49,1
2015_00962.jpg,244,284,333,364,89,80,1
2015_00962.jpg,352,273,469,349,117,76,1
2015_00962.jpg,393,196,463,266,70,70,1
2015_00963.jpg,241,250,322,335,81,85,1
2015_00964.jpg,259,252,311,293,52,41,1
2015_00964.jpg,180,281,272,360,92,79,1
2015_00965.jpg,177,316,386,416,209,100,1
2015_00965.jpg,67,333,161,379,94,46,1
2015_00966.jpg,364,228,518,343,154,115,1
2015_00966.jpg,92,265,265,313,173,48,1
2015_00967.jpg,333,433,720,679,387,246,1
2015_00967.jpg,348,350,498,420,150,70,1
2015_00968.jpg,378,287,529,401,151,114,1
2015_00969.jpg,528,192,637,269,109,77,1
2015_00969.jpg,345,220,523,296,178,76,1
2015_00969.jpg,213,232,341,311,128,79,1
2015_00969.jpg,17,12,173,363,156,351,1
2015_00969.jpg,281,164,330,221,49,57,1
2015_00969.jpg,215,163,272,223,57,60,1
2015_00970.jpg,16,333,245,501,229,168,1
2015_00971.jpg,32,125,295,298,263,173,1
2015_00972.jpg,15,136,317,301,302,165,1
2015_00973.jpg,421,272,487,316,66,44,1
2015_00974.jpg,60,224,215,302,155,78,1
2015_00974.jpg,82,302,121,330,39,28,1
2015_00974.jpg,195,290,255,345,60,55,1
2015_00974.jpg,271,311,356,380,85,69,1
2015_00975.jpg,85,206,276,283,191,77,1
2015_00975.jpg,378,227,469,253,91,26,1
2015_00976.jpg,1513,506,1583,600,70,94,10
2015_00976.jpg,421,34,1581,706,1160,672,1
2015_00976.jpg,1338,484,1391,618,53,134,10
2015_00977.jpg,122,277,182,311,60,34,1
2015_00977.jpg,314,308,465,388,151,80,1
2015_00977.jpg,171,285,240,324,69,39,1
2015_00977.jpg,222,295,315,340,93,45,1
2015_00978.jpg,495,248,513,296,18,48,10
2015_00978.jpg,477,241,495,291,18,50,10
2015_00978.jpg,142,297,236,373,94,76,1
2015_00978.jpg,313,219,334,261,21,42,10
2015_00979.jpg,196,248,232,270,36,22,1
2015_00979.jpg,456,250,539,308,83,58,1
2015_00979.jpg,116,283,194,334,78,51,1
2015_00979.jpg,171,265,226,294,55,29,1
2015_00980.jpg,87,228,185,262,98,34,1
2015_00981.jpg,41,257,369,322,328,65,1
2015_00982.jpg,43,219,187,287,144,68,1
2015_00982.jpg,83,181,303,285,220,104,1
2015_00982.jpg,309,208,417,273,108,65,1
2015_00982.jpg,236,195,366,277,130,82,1
2015_00983.jpg,258,173,278,212,20,39,10
2015_00983.jpg,427,201,541,244,114,43,1
2015_00983.jpg,356,206,635,317,279,111,1
2015_00983.jpg,287,207,344,257,57,50,1
2015_00983.jpg,238,208,290,255,52,47,1
2015_00983.jpg,180,203,241,249,61,46,1
2015_00983.jpg,290,183,314,211,24,28,10
2015_00984.jpg,16,230,88,319,72,89,1
2015_00984.jpg,266,211,333,229,67,18,1
2015_00984.jpg,204,200,241,234,37,34,1
2015_00984.jpg,16,183,131,219,115,36,1
2015_00984.jpg,357,204,395,227,38,23,1
2015_00984.jpg,153,208,199,245,46,37,1
2015_00985.jpg,198,320,348,397,150,77,1
2015_00985.jpg,410,326,638,392,228,66,1
2015_00986.jpg,264,196,337,244,73,48,1
2015_00986.jpg,160,181,239,252,79,71,1
2015_00987.jpg,211,40,287,352,76,312,1
2015_00988.jpg,72,205,169,244,97,39,1
2015_00988.jpg,221,208,305,273,84,65,1
2015_00989.jpg,95,209,111,245,16,36,10
2015_00989.jpg,10,262,115,345,105,83,1
2015_00989.jpg,221,286,333,356,112,70,1
2015_00989.jpg,158,271,221,309,63,38,1
2015_00989.jpg,78,205,91,239,13,34,10
2015_00989.jpg,63,209,78,237,15,28,10
2015_00990.jpg,8,292,90,332,82,40,11
2015_00990.jpg,337,154,366,175,29,21,1
2015_00990.jpg,61,255,114,294,53,39,6
2015_00990.jpg,253,173,291,199,38,26,1
2015_00990.jpg,152,266,271,397,119,131,1
2015_00990.jpg,205,212,300,286,95,74,1
2015_00990.jpg,234,195,284,228,50,33,1
2015_00990.jpg,139,222,159,251,20,29,6
2015_00990.jpg,436,191,502,230,66,39,1
2015_00990.jpg,384,169,446,202,62,33,1
2015_00990.jpg,360,159,393,185,33,26,1
2015_00991.jpg,512,577,1293,1048,781,471,1
2015_00991.jpg,954,613,1107,849,153,236,10
2015_00991.jpg,380,371,557,509,177,138,10
2015_00991.jpg,190,371,657,632,467,261,1
2015_00991.jpg,598,597,817,891,219,294,10
2015_00992.jpg,149,86,300,497,151,411,1
2015_00993.jpg,115,379,205,446,90,67,1
2015_00994.jpg,83,379,158,419,75,40,1
2015_00994.jpg,147,380,201,442,54,62,1
2015_00995.jpg,12,277,186,536,174,259,1
2015_00995.jpg,189,100,802,605,613,505,1
2015_00995.jpg,802,237,1017,477,215,240,1
2015_00996.jpg,346,228,514,296,168,68,1
2015_00997.jpg,112,86,255,238,143,152,1
2015_00997.jpg,200,74,361,258,161,184,1
2015_00998.jpg,195,209,360,278,165,69,1
2015_00999.jpg,129,251,175,336,46,85,10
2015_00999.jpg,107,177,364,395,257,218,1
2015_01000.jpg,9,86,558,362,549,276,1
2015_01001.jpg,12,270,392,555,380,285,1
2015_01002.jpg,69,0,427,492,358,492,1
2015_01003.jpg,7,28,101,267,94,239,1
2015_01003.jpg,78,27,181,273,103,246,1
2015_01003.jpg,250,26,338,266,88,240,1
2015_01003.jpg,162,22,266,263,104,241,1
2015_01003.jpg,410,28,473,266,63,238,1
2015_01003.jpg,333,29,409,262,76,233,1
2015_01004.jpg,469,42,603,203,134,161,1
2015_01004.jpg,316,154,397,188,81,34,1
2015_01004.jpg,154,160,234,197,80,37,1
2015_01005.jpg,94,142,237,278,143,136,1
2015_01006.jpg,49,107,405,318,356,211,1
2015_01007.jpg,468,42,568,235,100,193,1
2015_01007.jpg,85,125,135,207,50,82,1
2015_01007.jpg,7,128,34,205,27,77,1
2015_01008.jpg,382,266,605,393,223,127,1
2015_01008.jpg,331,180,384,302,53,122,10
2015_01009.jpg,75,159,548,283,473,124,1
2015_01010.jpg,529,236,572,258,43,22,1
2015_01010.jpg,590,245,637,268,47,23,1
2015_01010.jpg,316,213,361,228,45,15,1
2015_01010.jpg,389,256,451,289,62,33,1
2015_01010.jpg,451,265,566,309,115,44,1
2015_01010.jpg,192,211,290,240,98,29,1
2015_01010.jpg,125,272,244,314,119,42,1
2015_01010.jpg,34,192,173,241,139,49,1
2015_01010.jpg,451,244,517,270,66,26,1
2015_01010.jpg,544,194,571,231,27,37,1
2015_01010.jpg,593,265,637,287,44,22,1
2015_01010.jpg,358,208,402,231,44,23,1
2015_01010.jpg,308,247,366,270,58,23,1
2015_01011.jpg,97,194,397,313,300,119,1
2015_01011.jpg,128,204,195,273,67,69,10
2015_01012.jpg,244,373,272,396,28,23,1
2015_01012.jpg,56,422,284,538,228,116,1
2015_01012.jpg,186,429,449,566,263,137,1
2015_01012.jpg,391,438,619,588,228,150,1
2015_01012.jpg,176,368,252,403,76,35,1
2015_01013.jpg,86,291,441,595,355,304,1
2015_01014.jpg,104,62,479,300,375,238,1
2015_01015.jpg,355,369,546,405,191,36,1
2015_01015.jpg,32,308,48,333,16,25,10
2015_01015.jpg,410,310,439,359,29,49,10
2015_01015.jpg,385,370,402,391,17,21,10
2015_01015.jpg,455,372,476,392,21,20,10
2015_01015.jpg,431,368,451,396,20,28,10
2015_01015.jpg,115,325,165,356,50,31,1
2015_01016.jpg,284,365,323,422,39,57,1
2015_01016.jpg,220,203,344,502,124,299,1
2015_01016.jpg,336,298,374,427,38,129,1
2015_01016.jpg,378,174,461,453,83,279,1
2015_01016.jpg,33,410,96,448,63,38,1
2015_01016.jpg,34,261,95,415,61,154,1
2015_01016.jpg,199,293,240,435,41,142,1
2015_01016.jpg,110,231,167,459,57,228,1
2015_01017.jpg,268,197,371,369,103,172,1
2015_01017.jpg,108,340,229,424,121,84,1
2015_01017.jpg,75,254,127,378,52,124,1
2015_01017.jpg,218,138,285,381,67,243,1
2015_01018.jpg,369,218,391,259,22,41,10
2015_01018.jpg,329,205,440,280,111,75,1
2015_01019.jpg,61,211,124,227,63,16,1
2015_01019.jpg,295,155,343,222,48,67,1
2015_01019.jpg,253,192,289,218,36,26,1
2015_01020.jpg,2,129,78,198,76,69,1
2015_01020.jpg,160,156,304,201,144,45,1
2015_01020.jpg,292,152,394,200,102,48,1
2015_01021.jpg,200,50,370,343,170,293,1
2015_01021.jpg,43,362,448,615,405,253,1
2015_01021.jpg,370,314,472,558,102,244,10
2015_01021.jpg,6,203,252,332,246,129,1
2015_01022.jpg,335,263,359,307,24,44,8
2015_01022.jpg,4,31,270,356,266,325,1
2015_01022.jpg,367,95,634,336,267,241,1
2015_01023.jpg,590,399,652,509,62,110,10
2015_01023.jpg,710,347,756,445,46,98,10
2015_01023.jpg,543,429,585,542,42,113,10
2015_01023.jpg,354,235,630,490,276,255,1
2015_01023.jpg,641,368,704,477,63,109,10
2015_01023.jpg,409,474,472,544,63,70,10
2015_01023.jpg,486,437,537,542,51,105,10
2015_01024.JPEG,8,303,283,497,275,194,1
2015_01025.JPEG,361,192,494,285,133,93,1
2015_01025.JPEG,43,247,162,371,119,124,1
2015_01025.JPEG,271,200,363,287,92,87,1
2015_01025.JPEG,172,91,259,305,87,214,1
2015_01026.JPEG,90,21,404,241,314,220,1
2015_01026.JPEG,348,140,482,185,134,45,4
2015_01027.JPEG,267,226,571,327,304,101,1
2015_01028.JPEG,202,194,235,229,33,35,1
2015_01028.JPEG,255,199,301,225,46,26,1
2015_01028.JPEG,170,197,205,225,35,28,1
2015_01029.png,524,673,676,894,152,221,1
2015_01030.png,540,697,660,894,120,197,1
2015_01031.png,1056,688,1215,846,159,158,10
2015_01031.png,753,266,1310,895,557,629,1
2015_01032.jpg,563,368,695,478,132,110,1
2015_01032.jpg,42,372,107,410,65,38,1
2015_01032.jpg,143,366,221,405,78,39,1
2015_01032.jpg,703,379,805,415,102,36,1
2015_01033.jpg,361,19,998,601,637,582,1
2015_01033.jpg,35,363,130,394,95,31,1
2015_01033.jpg,241,362,360,394,119,32,1
2015_01033.jpg,14,192,134,364,120,172,1
2015_01033.jpg,153,244,251,372,98,128,1
2015_01034.jpg,503,49,1016,612,513,563,1
2015_01035.jpg,4,136,151,335,147,199,1
2015_01036.jpg,352,462,609,552,257,90,1
2015_01036.jpg,443,465,502,512,59,47,10
2015_01037.jpg,203,152,388,290,185,138,1
2015_01038.jpg,149,11,771,922,622,911,1
2015_01039.jpg,308,120,558,464,250,344,1
2015_01039.jpg,319,393,340,432,21,39,10
2015_01040.jpg,191,292,515,584,324,292,1
2015_01040.jpg,180,226,278,296,98,70,1
2015_01040.jpg,288,248,425,333,137,85,1
2015_01041.jpg,384,324,701,547,317,223,1
2015_01042.jpg,525,375,748,568,223,193,1
2015_01043.jpg,293,283,823,561,530,278,1
2015_01044.jpg,324,344,530,503,206,159,1
2015_01045.jpg,246,22,413,237,167,215,1
2015_01045.jpg,99,143,240,263,141,120,1
2015_01045.jpg,452,202,506,257,54,55,1
2015_01046.jpg,112,513,231,634,119,121,1
2015_01047.jpg,536,454,720,612,184,158,1
2015_01047.jpg,731,477,973,682,242,205,1
2015_01047.jpg,664,463,815,636,151,173,1
2015_01048.jpg,40,442,471,809,431,367,1
2015_01049.jpg,102,469,402,602,300,133,1
2015_01050.jpg,223,311,564,477,341,166,1
2015_01050.jpg,493,252,949,497,456,245,1
2015_01051.jpg,546,340,631,401,85,61,1
2015_01051.jpg,282,188,349,349,67,161,1
2015_01051.jpg,566,177,610,347,44,170,1
2015_01051.jpg,59,325,135,374,76,49,1
2015_01052.jpg,345,418,695,600,350,182,1
2015_01052.jpg,439,364,654,473,215,109,1
2015_01052.jpg,826,317,916,377,90,60,1
2015_01053.jpg,449,349,724,497,275,148,1
2015_01054.jpg,162,25,294,283,132,258,1
2015_01055.jpg,54,186,614,319,560,133,1
2015_01055.jpg,185,188,281,253,96,65,10
2015_01055.jpg,335,203,385,266,50,63,10
2015_01055.jpg,414,201,494,257,80,56,10
2015_01055.jpg,519,197,598,264,79,67,10
2015_01056.jpg,377,113,568,253,191,140,1
2015_01057.jpg,473,490,1455,1241,982,751,1
2015_01057.jpg,1253,1145,1661,1325,408,180,1
2015_01057.jpg,132,920,480,1009,348,89,1
2015_01058.jpg,166,158,687,481,521,323,1
2015_01059.jpg,412,122,530,309,118,187,1
2015_01060.jpg,8,11,543,313,535,302,1
2015_01061.jpg,8,293,522,761,514,468,1
2015_01062.jpg,344,417,455,508,111,91,1
2015_01063.jpg,467,201,544,230,77,29,1
2015_01063.jpg,277,2,429,235,152,233,1
2015_01064.jpg,281,242,895,624,614,382,1
2015_01065.jpg,410,154,798,455,388,301,1
2015_01065.jpg,542,212,785,368,243,156,10
2015_01065.jpg,519,155,630,334,111,179,10
2015_01066.jpg,118,71,433,331,315,260,1
2015_01066.jpg,185,76,329,127,144,51,1
2015_01067.png,232,332,660,488,428,156,1
2015_01068.jpg,138,20,457,586,319,566,1
2015_01069.jpg,376,178,969,676,593,498,1
2015_01070.jpg,571,272,694,331,123,59,4
2015_01070.jpg,267,356,833,532,566,176,1
2015_01070.jpg,933,288,1000,331,67,43,9
2015_01070.jpg,5,272,255,529,250,257,1
2015_01070.jpg,745,287,796,336,51,49,0
2015_01070.jpg,459,274,569,320,110,46,4
2015_01070.jpg,534,270,568,313,34,43,10
2015_01070.jpg,495,284,544,324,49,40,10
2015_01071.jpg,104,5,245,245,141,240,1
2015_01072.jpg,283,4,505,401,222,397,1
2015_01072.jpg,97,108,163,363,66,255,1
2015_01073.jpg,103,384,586,545,483,161,1
2015_01074.jpg,171,448,1026,697,855,249,1
2015_01075.jpg,347,232,586,419,239,187,1
2015_01076.jpg,237,146,528,366,291,220,1
2015_01077.jpg,694,397,730,455,36,58,10
2015_01077.jpg,802,386,834,462,32,76,10
2015_01077.jpg,530,403,558,458,28,55,10
2015_01077.jpg,574,401,600,460,26,59,10
2015_01077.jpg,766,391,798,459,32,68,10
2015_01077.jpg,88,192,560,571,472,379,1
2015_01077.jpg,606,403,632,457,26,54,10
2015_01077.jpg,663,401,688,463,25,62,10
2015_01078.jpg,126,158,822,387,696,229,1
2015_01079.jpg,785,448,991,522,206,74,1
2015_01080.jpg,208,278,240,303,32,25,1
2015_01080.jpg,264,315,349,397,85,82,1
2015_01080.jpg,182,289,212,318,30,29,1
2015_01081.jpg,175,106,231,152,56,46,1
2015_01081.jpg,351,367,511,484,160,117,1
2015_01081.jpg,385,396,582,518,197,122,1
2015_01081.jpg,201,154,391,274,190,120,1
2015_01081.jpg,256,266,368,350,112,84,1
2015_01081.jpg,333,296,564,371,231,75,1
2015_01081.jpg,458,455,644,620,186,165,1
2015_01082.jpg,147,726,704,879,557,153,1
2015_01083.jpg,286,352,524,416,238,64,1
2015_01084.jpg,5,77,430,670,425,593,1
2015_01085.jpg,350,190,518,692,168,502,1
2015_01085.jpg,113,597,250,666,137,69,1
2015_01085.jpg,238,347,397,639,159,292,1
2015_01086.jpg,82,20,183,175,101,155,1
2015_01087.jpg,264,313,393,368,129,55,1
2015_01087.jpg,343,313,370,343,27,30,10
2015_01088.jpg,475,656,552,744,77,88,10
2015_01088.jpg,328,649,413,728,85,79,10
2015_01088.jpg,212,619,615,805,403,186,1
2015_01089.jpg,197,257,336,378,139,121,1
2015_01089.jpg,80,261,135,310,55,49,1
2015_01090.jpg,66,258,139,278,73,20,1
2015_01090.jpg,10,221,59,294,49,73,1
2015_01090.jpg,461,273,527,296,66,23,1
2015_01090.jpg,624,272,681,299,57,27,1
2015_01090.jpg,370,235,397,270,27,35,1
2015_01090.jpg,298,224,363,273,65,49,1
2015_01090.jpg,354,287,429,317,75,30,1
2015_01090.jpg,269,277,344,300,75,23,1
2015_01091.jpg,497,451,1088,726,591,275,1
2015_01092.png,733,223,937,376,204,153,1
2015_01092.png,480,202,775,400,295,198,1
2015_01093.jpg,88,246,500,546,412,300,1
2015_01094.jpg,582,338,1018,589,436,251,1
2015_01095.jpg,592,553,717,601,125,48,4
2015_01095.jpg,484,600,617,664,133,64,1
2015_01095.jpg,397,599,497,662,100,63,1
2015_01095.jpg,26,609,111,652,85,43,1
2015_01095.jpg,425,557,550,602,125,45,4
2015_01095.jpg,144,605,239,668,95,63,1
2015_01095.jpg,189,707,484,906,295,199,1
2015_01096.jpg,276,510,669,618,393,108,1
2015_01097.jpg,324,350,503,453,179,103,1
2015_01098.jpg,73,7,858,496,785,489,1
2015_01099.jpg,326,321,681,486,355,165,1
2015_01099.jpg,593,298,706,356,113,58,1
2015_01099.jpg,396,291,478,323,82,32,1
2015_01100.jpg,21,716,767,1020,746,304,1
2015_01100.jpg,53,573,450,861,397,288,1
2015_01101.jpg,73,147,334,312,261,165,1
2015_01102.jpg,389,331,630,436,241,105,1
2015_01103.jpg,608,59,959,573,351,514,1
2015_01103.jpg,490,379,537,399,47,20,1
2015_01103.jpg,221,384,258,403,37,19,1
2015_01103.jpg,34,433,145,593,111,160,10
2015_01104.jpg,184,205,205,254,21,49,10
2015_01104.jpg,131,111,244,287,113,176,1
2015_01105.jpg,371,197,507,351,136,154,1
2015_01106.jpg,120,258,240,330,120,72,1
2015_01106.jpg,396,272,648,432,252,160,1
2015_01107.jpg,925,323,1021,369,96,46,1
2015_01107.jpg,693,294,959,342,266,48,1
2015_01107.jpg,370,321,913,673,543,352,1
2015_01107.jpg,438,268,518,308,80,40,1
2015_01108.jpg,635,145,895,344,260,199,1
2015_01109.jpg,194,301,692,440,498,139,1
2015_01110.jpg,4,5,848,635,844,630,1
2015_01110.jpg,524,366,584,420,60,54,10
2015_01111.jpg,287,375,359,462,72,87,1
2015_01112.jpg,473,342,510,371,37,29,1
2015_01112.jpg,404,337,459,383,55,46,1
2015_01112.jpg,744,224,973,386,229,162,1
2015_01113.jpg,97,259,151,296,54,37,4
2015_01113.jpg,24,230,356,384,332,154,1
2015_01113.jpg,573,238,704,321,131,83,1
2015_01113.jpg,711,245,822,315,111,70,1
2015_01113.jpg,57,265,95,287,38,22,4
2015_01113.jpg,373,239,568,334,195,95,1
2015_01114.jpg,233,109,893,682,660,573,1
2015_01115.jpg,98,79,297,146,199,67,1
2015_01115.jpg,166,80,179,114,13,34,10
2015_01116.jpg,177,110,199,133,22,23,10
2015_01116.jpg,11,94,98,126,87,32,1
2015_01116.jpg,76,80,274,165,198,85,1
2015_01116.jpg,99,83,120,130,21,47,10
2015_01116.jpg,22,98,37,114,15,16,10
2015_01116.jpg,218,112,239,136,21,24,10
2015_01116.jpg,198,110,218,135,20,25,10
2015_01116.jpg,141,101,178,131,37,30,10
2015_01117.jpg,163,418,247,497,84,79,1
2015_01117.jpg,182,424,226,448,44,24,10
2015_01118.jpg,174,428,417,580,243,152,1
2015_01119.jpg,459,320,576,367,117,47,1
2015_01120.jpg,114,363,420,565,306,202,1
2015_01121.jpg,545,280,713,340,168,60,1
2015_01121.jpg,242,260,532,361,290,101,1
2015_01121.jpg,54,321,354,426,300,105,1
2015_01121.jpg,563,241,632,287,69,46,1
2015_01122.png,414,455,563,637,149,182,1
2015_01122.png,214,631,433,903,219,272,1
2015_01123.jpg,330,252,414,347,84,95,1
2015_01124.jpg,36,302,375,428,339,126,1
2015_01125.jpg,384,200,553,306,169,106,1
2015_01126.jpg,329,285,697,417,368,132,1
2015_01127.jpg,179,381,360,446,181,65,1
2015_01128.jpg,129,165,649,491,520,326,1
2015_01129.jpg,676,263,1009,432,333,169,1
2015_01129.jpg,491,285,760,428,269,143,1
2015_01129.jpg,18,11,497,680,479,669,1
2015_01130.jpg,5,210,364,444,359,234,1
2015_01131.jpg,143,64,360,261,217,197,1
2015_01131.jpg,39,47,135,133,96,86,1
2015_01132.jpg,311,116,1004,635,693,519,1
2015_01132.jpg,37,16,548,456,511,440,1
2015_01133.jpg,190,474,463,629,273,155,1
2015_01134.jpg,47,356,248,466,201,110,1
2015_01134.jpg,145,375,208,423,63,48,10
2015_01135.jpg,277,61,467,242,190,181,1
2015_01135.jpg,146,236,166,253,20,17,10
2015_01135.jpg,114,232,172,269,58,37,1
2015_01136.jpg,124,284,308,424,184,140,1
2015_01136.jpg,468,295,563,325,95,30,1
2015_01136.jpg,535,264,582,283,47,19,1
2015_01137.jpg,6,9,566,561,560,552,1
2015_01137.jpg,786,8,941,298,155,290,1
2015_01138.jpg,50,260,590,503,540,243,1
2015_01139.jpg,51,2,354,343,303,341,1
2015_01140.jpg,380,46,591,430,211,384,1
2015_01141.jpg,502,402,851,553,349,151,1
2015_01142.jpg,2,89,196,254,194,165,1
2015_01142.jpg,408,136,605,216,197,80,1
2015_01142.jpg,121,210,468,359,347,149,1
2015_01143.jpg,323,364,349,406,26,42,10
2015_01143.jpg,183,341,374,442,191,101,1
2015_01143.jpg,242,365,272,401,30,36,10
2015_01143.jpg,284,346,307,400,23,54,10
2015_01144.jpg,193,574,271,601,78,27,1
2015_01144.jpg,169,636,449,812,280,176,1
2015_01144.jpg,666,512,731,540,65,28,1
2015_01145.jpg,579,164,853,466,274,302,1
2015_01145.jpg,55,211,220,457,165,246,1
2015_01146.jpg,730,629,799,732,69,103,10
2015_01146.jpg,171,518,491,645,320,127,1
2015_01146.jpg,555,553,665,590,110,37,1
2015_01146.jpg,662,556,711,582,49,26,1
2015_01146.jpg,366,650,422,713,56,63,10
2015_01146.jpg,448,629,508,697,60,68,10
2015_01146.jpg,555,643,616,712,61,69,10
2015_01146.jpg,27,573,193,666,166,93,1
2015_01147.jpg,291,162,527,377,236,215,1
2015_01147.jpg,7,170,156,347,149,177,1
2015_01148.jpg,135,305,1420,1148,1285,843,1
2015_01148.jpg,1323,919,1905,1151,582,232,1
2015_01149.jpg,679,497,982,627,303,130,1
2015_01149.jpg,393,405,546,588,153,183,1
2015_01149.jpg,820,460,997,559,177,99,1
2015_01149.jpg,20,27,326,507,306,480,1
2015_01150.JPEG,92,178,369,317,277,139,1
2015_01151.JPEG,158,173,471,316,313,143,1
2015_01152.JPEG,131,270,331,496,200,226,1
2015_01153.JPEG,14,15,481,374,467,359,1
2015_01153.JPEG,49,13,185,188,136,175,10
2015_01154.JPEG,40,249,192,470,152,221,1
2015_01155.JPEG,259,120,304,174,45,54,10
2015_01155.JPEG,130,125,176,179,46,54,10
2015_01155.JPEG,58,118,351,200,293,82,1
2015_01156.JPEG,4,172,349,333,345,161,1
2015_01157.JPEG,169,49,286,332,117,283,1
2015_01158.JPEG,144,77,307,389,163,312,1
2015_01159.JPEG,214,208,241,229,27,21,10
2015_01159.JPEG,250,204,276,225,26,21,10
2015_01159.JPEG,191,208,209,228,18,20,10
2015_01159.JPEG,147,32,359,248,212,216,1
2015_01160.JPEG,73,17,245,429,172,412,1
2015_01160.JPEG,13,303,67,355,54,52,1
2015_01161.JPEG,137,9,451,372,314,363,1
2015_01162.JPEG,17,6,321,320,304,314,1
2015_01162.JPEG,323,1,475,331,152,330,1
2015_01163.JPEG,138,207,287,327,149,120,1
2015_01163.JPEG,38,305,140,344,102,39,1
2015_01164.JPEG,271,219,384,302,113,83,1
2015_01164.JPEG,187,220,295,304,108,84,1
2015_01164.JPEG,90,215,199,300,109,85,1
2015_01165.JPEG,214,263,363,342,149,79,1
2015_01165.JPEG,390,217,416,270,26,53,10
2015_01165.JPEG,357,204,394,234,37,30,1
2015_01165.JPEG,191,251,244,288,53,37,1
2015_01166.JPEG,48,81,491,317,443,236,1
2015_01167.JPEG,11,81,329,434,318,353,1
2015_01168.JPEG,95,11,457,308,362,297,1
2015_01169.JPEG,86,275,108,333,22,58,10
2015_01169.JPEG,44,299,59,346,15,47,10
2015_01169.JPEG,214,171,280,248,66,77,1
2015_01170.JPEG,202,213,297,276,95,63,1
2015_01170.JPEG,339,238,438,275,99,37,1
2015_01170.JPEG,64,253,88,270,24,17,1
2015_01171.JPEG,216,104,377,222,161,118,1
2015_01172.JPEG,33,80,397,230,364,150,1
2015_01173.JPEG,27,130,431,306,404,176,1
2015_01174.JPEG,117,130,245,262,128,132,1
2015_01174.JPEG,107,202,146,222,39,20,1
2015_01175.JPEG,246,305,330,383,84,78,1
2015_01175.JPEG,75,203,131,251,56,48,1
2015_01175.JPEG,109,293,134,339,25,46,10
2015_01175.JPEG,8,284,176,376,168,92,1
2015_01176.JPEG,358,108,404,164,46,56,1
2015_01176.JPEG,211,114,327,199,116,85,1
2015_01176.JPEG,140,75,162,135,22,60,10
2015_01176.JPEG,124,83,144,134,20,51,10
2015_01176.JPEG,336,103,349,124,13,21,10
2015_01176.JPEG,109,83,134,134,25,51,10
2015_01176.JPEG,465,107,496,128,31,21,10
2015_01176.JPEG,317,104,359,136,42,32,1
2015_01176.JPEG,264,138,302,166,38,28,10
2015_01176.JPEG,239,110,265,166,26,56,10
2015_01176.JPEG,4,78,24,124,20,46,10
2015_01176.JPEG,157,80,179,135,22,55,10
2015_01177.JPEG,66,157,490,364,424,207,1
2015_01178.JPEG,51,43,131,113,80,70,1
2015_01178.JPEG,58,43,81,89,23,46,10
2015_01179.JPEG,198,80,377,235,179,155,1
2015_01179.JPEG,244,126,275,190,31,64,10
2015_01180.JPEG,118,80,231,193,113,113,1
2015_01180.JPEG,131,83,167,149,36,66,10
2015_01181.JPEG,4,43,329,275,325,232,1
2015_01181.JPEG,6,141,101,213,95,72,10
2015_01181.JPEG,61,36,179,208,118,172,10
2015_01182.JPEG,105,118,318,279,213,161,1
2015_01182.JPEG,280,120,317,206,37,86,10
2015_01183.JPEG,138,312,207,407,69,95,1
2015_01183.JPEG,153,315,185,373,32,58,10
2015_01184.JPEG,24,26,492,290,468,264,1
2015_01184.JPEG,201,95,321,219,120,124,10
2015_01185.JPEG,206,185,250,300,44,115,10
2015_01185.JPEG,304,79,321,113,17,34,10
2015_01185.JPEG,129,189,306,373,177,184,1
2015_01186.JPEG,100,49,326,244,226,195,1
2015_01187.JPEG,157,97,337,222,180,125,1
2015_01187.JPEG,101,149,160,182,59,33,1
2015_01188.JPEG,370,269,452,305,82,36,1
2015_01188.JPEG,102,230,220,300,118,70,1
2015_01189.JPEG,37,126,187,279,150,153,1
2015_01189.JPEG,192,39,393,246,201,207,1
2015_01190.JPEG,76,11,380,374,304,363,1
2015_01190.JPEG,97,379,250,446,153,67,1
2015_01190.JPEG,154,385,193,415,39,30,10
2015_01191.JPEG,32,10,305,408,273,398,1
2015_01192.JPEG,9,3,494,299,485,296,1
2015_01193.JPEG,213,152,479,343,266,191,1
2015_01194.JPEG,198,101,334,229,136,128,1
2015_01195.JPEG,100,54,296,182,196,128,1
2015_01196.jpg,58,104,511,273,453,169,1
2015_01197.jpg,184,311,303,358,119,47,1
2015_01197.jpg,107,585,615,987,508,402,1
2015_01197.jpg,552,390,662,447,110,57,1
2015_01197.jpg,49,262,78,284,29,22,1
2015_01197.jpg,136,304,233,338,97,34,1
2015_01197.jpg,257,338,403,390,146,52,1
2015_01198.jpg,3,255,127,403,124,148,1
2015_01198.jpg,194,43,739,495,545,452,1
2015_01199.jpg,59,326,438,616,379,290,1
2015_01200.jpg,118,55,866,575,748,520,1
2015_01201.jpg,448,351,559,403,111,52,1
2015_01201.jpg,2,364,69,397,67,33,1
2015_01201.jpg,86,368,175,400,89,32,1
2015_01201.jpg,546,359,689,421,143,62,1
2015_01202.jpg,88,534,537,879,449,345,1
2015_01203.jpg,1001,305,1140,610,139,305,10
2015_01203.jpg,547,277,689,616,142,339,10
2015_01203.jpg,424,224,1290,718,866,494,1
2015_01204.jpg,61,159,123,293,62,134,10
2015_01204.jpg,177,300,319,406,142,106,1
2015_01204.jpg,532,250,655,356,123,106,1
2015_01204.jpg,286,252,391,349,105,97,1
2015_01205.jpg,203,214,384,504,181,290,1
2015_01205.jpg,408,220,678,437,270,217,1
2015_01206.jpg,196,41,716,825,520,784,1
2015_01207.jpg,656,248,855,428,199,180,1
2015_01208.jpg,142,40,351,310,209,270,1
2015_01209.jpg,380,238,722,402,342,164,1
2015_01209.jpg,818,214,1015,410,197,196,1
2015_01210.jpg,747,257,855,352,108,95,1
2015_01210.jpg,679,294,761,348,82,54,1
2015_01210.jpg,559,289,652,336,93,47,1
2015_01210.jpg,480,289,563,338,83,49,1
2015_01210.jpg,276,248,421,334,145,86,1
2015_01210.jpg,15,273,293,658,278,385,1
2015_01210.jpg,495,367,860,592,365,225,1
2015_01210.jpg,173,252,277,306,104,54,1
2015_01210.jpg,20,256,87,290,67,34,4
2015_01210.jpg,279,401,574,627,295,226,1
2015_01211.jpg,420,478,778,635,358,157,1
2015_01211.jpg,30,693,421,1108,391,415,1
2015_01211.jpg,364,534,501,584,137,50,1
2015_01211.jpg,319,661,876,893,557,232,1
2015_01212.jpg,20,587,597,807,577,220,1
2015_01213.jpg,212,451,407,558,195,107,1
2015_01214.jpg,152,266,461,642,309,376,1
2015_01215.jpg,324,260,434,320,110,60,1
2015_01215.jpg,144,269,184,285,40,16,1
2015_01215.jpg,212,264,296,286,84,22,1
2015_01215.jpg,431,260,488,284,57,24,1
2015_01216.jpg,270,149,377,318,107,169,1
2015_01216.jpg,443,184,561,291,118,107,1
2015_01216.jpg,138,198,267,313,129,115,1
2015_01217.jpg,599,330,614,354,15,24,10
2015_01217.jpg,587,323,602,356,15,33,10
2015_01217.jpg,671,421,846,530,175,109,1
2015_01217.jpg,616,383,706,446,90,63,1
2015_01217.jpg,506,331,562,371,56,40,1
2015_01217.jpg,237,386,346,447,109,61,1
2015_01217.jpg,307,352,375,398,68,46,1
2015_01218.jpg,356,349,562,434,206,85,1
2015_01218.jpg,254,416,558,537,304,121,1
2015_01219.jpg,222,228,239,250,17,22,10
2015_01219.jpg,170,227,191,245,21,18,10
2015_01219.jpg,155,225,256,259,101,34,1
2015_01220.jpg,489,200,528,220,39,20,10
2015_01220.jpg,380,191,411,209,31,18,10
2015_01220.jpg,439,193,481,220,42,27,10
2015_01220.jpg,548,202,580,227,32,25,10
2015_01220.jpg,252,353,285,420,33,67,10
2015_01220.jpg,218,354,451,461,233,107,1
2015_01221.jpg,554,281,643,332,89,51,1
2015_01221.jpg,242,113,444,389,202,276,1
2015_01222.jpg,5,6,375,485,370,479,1
2015_01223.jpg,349,349,503,422,154,73,1
2015_01224.jpg,434,431,478,501,44,70,10
2015_01224.jpg,323,308,744,572,421,264,1
2015_01225.jpg,365,301,598,443,233,142,1
2015_01225.jpg,302,270,402,347,100,77,1
2015_01225.jpg,413,433,643,524,230,91,1
2015_01225.jpg,575,419,785,526,210,107,1
2015_01226.jpg,187,125,246,163,59,38,10
2015_01226.jpg,413,151,435,210,22,59,10
2015_01226.jpg,110,117,135,206,25,89,10
2015_01226.jpg,247,345,351,443,104,98,10
2015_01226.jpg,166,237,283,460,117,223,10
2015_01226.jpg,72,227,391,552,319,325,1
2015_01226.jpg,689,212,782,305,93,93,1
2015_01227.jpg,782,353,919,453,137,100,1
2015_01227.jpg,343,310,550,396,207,86,1
2015_01227.jpg,13,414,676,697,663,283,1
2015_01227.jpg,502,409,829,689,327,280,1
2015_01228.jpg,180,410,497,507,317,97,1
2015_01228.jpg,308,419,343,470,35,51,10
2015_01229.jpg,148,843,294,897,146,54,1
2015_01229.jpg,4,826,181,887,177,61,1
2015_01230.jpg,269,824,621,962,352,138,1
2015_01231.jpg,121,603,641,843,520,240,1
2015_01232.jpg,862,783,934,907,72,124,10
2015_01232.jpg,744,809,803,899,59,90,10
2015_01232.jpg,197,553,1414,1011,1217,458,1
2015_01233.jpg,224,300,797,480,573,180,1
2015_01233.jpg,390,153,795,324,405,171,1
2015_01234.jpg,317,360,470,461,153,101,1
2015_01235.jpg,115,326,276,480,161,154,1
2015_01235.jpg,343,224,838,547,495,323,1
2015_01236.jpg,9,506,330,755,321,249,1
2015_01236.jpg,41,374,137,424,96,50,1
2015_01236.jpg,536,394,686,494,150,100,1
2015_01236.jpg,376,201,482,410,106,209,1
2015_01236.jpg,492,171,569,403,77,232,1
2015_01236.jpg,204,555,557,835,353,280,1
2015_01236.jpg,569,349,843,390,274,41,1
2015_01236.jpg,873,310,974,417,101,107,1
2015_01236.jpg,588,559,923,871,335,312,1
2015_01237.jpg,78,76,307,601,229,525,1
2015_01238.jpg,315,467,929,651,614,184,1
2015_01239.jpg,61,661,442,997,381,336,1
2015_01240.jpg,489,294,572,346,83,52,1
2015_01240.jpg,354,303,491,355,137,52,1
2015_01241.jpg,371,412,580,650,209,238,1
2015_01242.jpg,279,393,793,602,514,209,1
2015_01243.jpg,7,446,1026,747,1019,301,1
2015_01244.jpg,550,347,700,403,150,56,1
2015_01244.jpg,738,366,867,417,129,51,1
2015_01244.jpg,188,345,375,418,187,73,1
2015_01245.jpg,400,649,716,832,316,183,1
2015_01246.jpg,311,284,653,583,342,299,1
2015_01247.jpg,213,635,443,804,230,169,1
2015_01248.jpg,235,156,535,347,300,191,1
2015_01249.jpg,429,284,777,420,348,136,1
2015_01249.jpg,7,218,144,270,137,52,1
2015_01249.jpg,246,335,586,550,340,215,1
2015_01249.jpg,304,276,550,344,246,68,1
2015_01249.jpg,16,248,342,413,326,165,1
2015_01250.jpg,281,239,384,281,103,42,1
2015_01251.jpg,218,260,738,666,520,406,1
2015_01252.jpg,634,320,813,583,179,263,1
2015_01252.jpg,402,272,641,700,239,428,1
2015_01252.jpg,160,200,468,751,308,551,1
2015_01252.jpg,489,312,645,375,156,63,1
2015_01253.jpg,245,674,470,794,225,120,1
2015_01254.jpg,518,560,577,592,59,32,10
2015_01254.jpg,300,531,327,594,27,63,10
2015_01254.jpg,276,167,613,633,337,466,1
2015_01255.jpg,271,393,559,566,288,173,1
2015_01256.jpg,422,411,546,517,124,106,1
2015_01257.jpg,46,13,480,459,434,446,1
2015_01258.jpg,651,179,726,273,75,94,10
2015_01258.jpg,209,405,652,637,443,232,1
2015_01258.jpg,350,167,924,544,574,377,1
2015_01259.jpg,147,298,423,405,276,107,1
2015_01260.jpg,313,370,561,517,248,147,1
2015_01261.jpg,99,17,368,482,269,465,1
2015_01262.jpg,450,291,750,360,300,69,1
2015_01263.jpg,34,156,387,442,353,286,1
2015_01264.jpg,287,247,764,456,477,209,1
2015_01265.jpg,657,382,1246,896,589,514,1
2015_01266.jpg,95,687,434,869,339,182,1
2015_01267.jpg,243,6,714,924,471,918,1
2015_01268.jpg,28,404,196,514,168,110,1
2015_01268.jpg,88,466,703,1055,615,589,1
2015_01269.jpg,419,269,496,329,77,60,1
2015_01270.jpg,69,326,347,495,278,169,1
2015_01271.jpg,413,187,531,293,118,106,1
2015_01272.jpg,72,121,528,387,456,266,1
2015_01273.png,177,28,443,306,266,278,1
2015_01273.png,51,226,151,264,100,38,1
2015_01274.jpg,282,385,632,531,350,146,1
2015_01275.jpg,721,207,852,377,131,170,1
2015_01276.jpg,526,392,595,419,69,27,4
2015_01276.jpg,6,343,115,404,109,61,1
2015_01276.jpg,86,199,203,424,117,225,1
2015_01276.jpg,243,226,559,517,316,291,1
2015_01277.jpg,51,305,603,490,552,185,1
2015_01278.jpg,306,294,491,428,185,134,1
2015_01278.jpg,638,313,720,368,82,55,1
2015_01279.jpg,899,254,1022,333,123,79,1
2015_01279.jpg,779,227,884,264,105,37,1
2015_01279.jpg,794,255,876,295,82,40,1
2015_01279.jpg,633,220,722,291,89,71,1
2015_01279.jpg,450,218,602,319,152,101,1
2015_01280.jpg,251,330,892,635,641,305,1
2015_01281.jpg,466,567,527,605,61,38,1
2015_01281.jpg,421,581,486,626,65,45,1
2015_01281.jpg,785,714,974,909,189,195,1
2015_01281.jpg,151,755,460,978,309,223,1
2015_01281.jpg,555,548,651,626,96,78,1
2015_01281.jpg,716,665,838,761,122,96,1
2015_01281.jpg,622,625,717,699,95,74,1
2015_01281.jpg,352,587,442,662,90,75,1
2015_01281.jpg,245,650,406,800,161,150,1
2015_01282.jpg,92,234,348,408,256,174,1
2015_01282.jpg,220,223,499,503,279,280,1
2015_01282.jpg,16,244,200,343,184,99,1
2015_01283.jpg,205,168,397,329,192,161,1
2015_01284.jpg,267,138,559,558,292,420,1
2015_01285.jpg,272,548,550,658,278,110,1
2015_01286.jpg,45,358,332,442,287,84,1
2015_01287.jpg,421,225,857,432,436,207,1
2015_01287.jpg,4,129,536,527,532,398,1
2015_01288.jpg,135,305,534,492,399,187,1
2015_01289.jpg,21,132,74,165,53,33,4
2015_01289.jpg,121,109,236,143,115,34,4
2015_01289.jpg,84,130,126,166,42,36,4
2015_01289.jpg,122,129,171,171,49,42,4
2015_01289.jpg,171,134,222,167,51,33,4
2015_01289.jpg,223,137,264,165,41,28,4
2015_01289.jpg,460,287,757,582,297,295,1
2015_01289.jpg,309,132,365,166,56,34,4
2015_01289.jpg,680,124,736,158,56,34,4
2015_01289.jpg,600,139,665,181,65,42,4
2015_01289.jpg,270,132,311,163,41,31,4
2015_01290.jpg,258,412,363,459,105,47,1
2015_01290.jpg,106,420,210,470,104,50,1
2015_01290.jpg,12,438,70,485,58,47,1
2015_01290.jpg,506,93,740,555,234,462,1
2015_01290.jpg,37,30,526,710,489,680,1
2015_01291.jpg,372,161,594,711,222,550,1
2015_01292.jpg,89,18,691,879,602,861,1
2015_01293.jpg,601,306,620,334,19,28,10
2015_01293.jpg,540,310,562,335,22,25,10
2015_01293.jpg,345,430,507,479,162,49,10
2015_01293.jpg,291,244,369,276,78,32,1
2015_01293.jpg,126,278,243,314,117,36,1
2015_01293.jpg,306,432,340,473,34,41,10
2015_01293.jpg,188,281,204,298,16,17,10
2015_01293.jpg,269,427,624,518,355,91,1
2015_01293.jpg,511,300,662,355,151,55,1
2015_01293.jpg,143,281,167,300,24,19,10
2015_01293.jpg,175,281,191,303,16,22,10
2015_01293.jpg,526,448,560,486,34,38,10
2015_01293.jpg,569,308,584,331,15,23,10
2015_01294.jpg,358,209,400,229,42,20,10
2015_01294.jpg,440,209,459,236,19,27,10
2015_01294.jpg,46,393,229,573,183,180,1
2015_01294.jpg,765,241,787,268,22,27,10
2015_01294.jpg,814,247,835,271,21,24,10
2015_01294.jpg,596,228,620,248,24,20,10
2015_01295.jpg,100,231,127,256,27,25,10
2015_01295.jpg,207,201,239,229,32,28,1
2015_01295.jpg,272,196,300,223,28,27,1
2015_01295.jpg,2,255,168,408,166,153,1
2015_01296.jpg,542,426,833,520,291,94,1
2015_01296.jpg,16,504,487,670,471,166,1
2015_01297.jpg,466,443,554,531,88,88,1
2015_01297.jpg,135,560,374,829,239,269,1
2015_01297.jpg,285,525,488,675,203,150,1
2015_01298.jpg,11,653,392,948,381,295,1
2015_01298.jpg,599,463,730,556,131,93,1
2015_01298.jpg,81,480,194,684,113,204,10
2015_01298.jpg,161,454,234,614,73,160,10
2015_01298.jpg,580,582,803,788,223,206,1
2015_01298.jpg,589,513,731,619,142,106,1
2015_01299.jpg,34,182,437,466,403,284,1
2015_01300.jpg,151,536,376,665,225,129,1
2015_01301.jpg,68,171,332,372,264,201,1
2015_01302.jpg,230,395,310,474,80,79,1
2015_01302.jpg,399,404,511,462,112,58,1
2015_01302.jpg,413,436,637,579,224,143,1
2015_01303.jpg,555,339,744,532,189,193,1
2015_01303.jpg,233,346,362,425,129,79,1
2015_01303.jpg,115,391,299,500,184,109,1
2015_01303.jpg,6,464,211,678,205,214,1
2015_01304.jpg,674,324,944,475,270,151,1
2015_01305.jpg,193,573,384,820,191,247,1
2015_01305.jpg,242,474,373,562,131,88,1
2015_01306.jpg,191,492,288,555,97,63,1
2015_01306.jpg,125,520,206,579,81,59,1
2015_01306.jpg,3,590,117,698,114,108,1
2015_01306.jpg,355,495,475,586,120,91,1
2015_01306.jpg,413,576,557,710,144,134,1
2015_01306.jpg,434,677,577,842,143,165,1
2015_01306.jpg,242,458,304,518,62,60,1
2015_01307.jpg,11,564,229,765,218,201,1
2015_01307.jpg,597,461,976,724,379,263,1
2015_01308.jpg,754,297,830,531,76,234,10
2015_01308.jpg,10,469,1035,948,1025,479,1
2015_01308.jpg,1482,331,1593,470,111,139,10
2015_01308.jpg,1163,362,1302,578,139,216,10
2015_01308.jpg,1116,494,1590,1015,474,521,1
2015_01308.jpg,434,325,519,531,85,206,10
2015_01308.jpg,516,311,603,574,87,263,10
2015_01308.jpg,246,377,431,713,185,336,10
2015_01308.jpg,862,285,969,523,107,238,10
2015_01309.jpg,362,428,497,484,135,56,1
2015_01309.jpg,53,490,197,581,144,91,1
2015_01310.jpg,493,301,528,338,35,37,10
2015_01310.jpg,360,309,428,348,68,39,1
2015_01310.jpg,519,379,771,579,252,200,1
2015_01310.jpg,226,328,320,426,94,98,1
2015_01311.png,509,199,729,690,220,491,10
2015_01311.png,8,24,835,527,827,503,1
2015_01312.png,13,18,1176,654,1163,636,1
2015_01312.png,575,248,775,703,200,455,10
2015_01313.png,459,84,1102,327,643,243,1
2015_01313.png,1094,193,1272,405,178,212,1
2015_01314.png,1045,420,1112,484,67,64,10
2015_01314.png,657,147,761,228,104,81,1
2015_01314.png,982,106,1088,188,106,82,1
2015_01314.png,894,314,943,387,49,73,10
2015_01314.png,1179,487,1246,532,67,45,10
2015_01314.png,1128,345,1162,416,34,71,10
2015_01314.png,1003,412,1034,458,31,46,10
2015_01314.png,1015,322,1088,432,73,110,10
2015_01314.png,971,340,1002,385,31,45,10
2015_01314.png,959,446,997,526,38,80,10
2015_01314.png,1092,351,1133,433,41,82,10
2015_01314.png,914,405,949,478,35,73,10
2015_01315.png,549,239,644,315,95,76,10
2015_01315.png,459,76,936,530,477,454,1
2015_01315.png,765,185,882,303,117,118,10
2015_01316.png,570,9,1100,446,530,437,1
2015_01316.png,399,81,816,495,417,414,1
2015_01317.png,313,182,844,502,531,320,1
2015_01317.png,132,8,1271,498,1139,490,1
2015_01318.png,554,10,1170,383,616,373,1
2015_01318.png,393,267,463,351,70,84,10
2015_01318.png,133,96,772,450,639,354,1
2015_01319.png,473,15,1275,511,802,496,1
2015_01319.png,106,361,227,465,121,104,1
2015_01320.png,182,141,244,264,62,123,10
2015_01320.png,143,7,924,478,781,471,1
2015_01320.png,385,120,446,245,61,125,10
2015_01321.png,706,172,850,335,144,163,10
2015_01321.png,678,117,938,428,260,311,1
2015_01321.png,849,121,1041,309,192,188,1
2015_01322.png,934,101,1074,192,140,91,10
2015_01322.png,918,16,1201,414,283,398,1
2015_01322.png,228,302,329,415,101,113,10
2015_01322.png,440,281,539,389,99,108,10
2015_01322.png,216,280,566,473,350,193,1
2015_01323.png,947,16,1237,411,290,395,1
2015_01323.png,674,217,888,466,214,249,1
2015_01323.png,806,219,867,329,61,110,10
2015_01323.png,690,253,792,355,102,102,10
2015_01323.png,955,125,1122,201,167,76,10
2015_01324.png,386,123,1208,332,822,209,1
2015_01324.png,549,159,657,242,108,83,10
2015_01325.png,529,107,943,371,414,264,1
2015_01326.png,614,239,762,377,148,138,10
2015_01326.png,420,115,631,317,211,202,1
2015_01326.png,15,161,332,443,317,282,1
2015_01326.png,663,91,811,252,148,161,1
2015_01326.png,1178,233,1272,407,94,174,10
2015_01326.png,863,165,973,280,110,115,10
2015_01326.png,689,95,785,198,96,103,10
2015_01326.png,1141,193,1277,481,136,288,1
2015_01326.png,836,108,991,333,155,225,1
2015_01326.png,234,192,291,297,57,105,10
2015_01326.png,176,224,265,348,89,124,10
2015_01326.png,490,143,607,252,117,109,10
2015_01326.png,577,178,794,443,217,265,1
2015_01327.png,38,82,153,391,115,309,10
2015_01327.png,276,155,348,259,72,104,10
2015_01327.png,203,138,410,330,207,192,1
2015_01327.png,236,78,323,225,87,147,10
2015_01328.jpg,466,306,615,392,149,86,1
2015_01328.jpg,124,284,198,334,74,50,1
2015_01328.jpg,398,282,508,337,110,55,1
2015_01329.jpg,300,95,709,344,409,249,1
2015_01329.jpg,779,250,872,332,93,82,1
2015_01329.jpg,685,242,782,335,97,93,1
2015_01330.jpg,8,722,278,907,270,185,1
2015_01331.jpg,16,429,642,673,626,244,1
2015_01332.jpg,1,162,30,233,29,71,2
2015_01332.jpg,12,45,320,300,308,255,6
2015_01332.jpg,3,6,163,352,160,346,10
2015_01332.jpg,98,202,432,373,334,171,10
2015_01332.jpg,321,130,462,370,141,240,10
2015_01333.jpg,138,64,175,144,37,80,2
2015_01333.jpg,216,83,455,369,239,286,10
2015_01333.jpg,1,142,43,203,42,61,2
2015_01333.jpg,55,239,87,293,32,54,2
2015_01333.jpg,109,140,254,369,145,229,10
2015_01333.jpg,443,204,498,278,55,74,2
2015_01333.jpg,36,118,89,208,53,90,2
2015_01333.jpg,6,16,40,117,34,101,2
2015_01333.jpg,182,88,209,153,27,65,2
2015_01333.jpg,14,218,48,327,34,109,2
2015_01333.jpg,81,211,123,297,42,86,2
2015_01333.jpg,111,124,152,209,41,85,2
2015_01333.jpg,74,46,104,131,30,85,2
2015_01333.jpg,52,318,91,372,39,54,2
2015_01334.jpg,3,5,70,73,67,68,10
2015_01334.jpg,366,149,417,308,51,159,2
2015_01334.jpg,277,137,333,283,56,146,2
2015_01334.jpg,4,24,270,341,266,317,10
2015_01334.jpg,453,218,498,277,45,59,7
2015_01334.jpg,370,94,440,146,70,52,7
2015_01334.jpg,388,8,486,72,98,64,2
2015_01334.jpg,424,120,497,158,73,38,7
2015_01334.jpg,289,113,352,133,63,20,7
2015_01334.jpg,284,49,351,89,67,40,7
2015_01335.jpg,123,3,314,457,191,454,10
2015_01335.jpg,11,363,48,455,37,92,2
2015_01335.jpg,56,372,126,475,70,103,2
2015_01336.jpg,85,228,483,330,398,102,11
2015_01336.jpg,459,34,499,104,40,70,10
2015_01336.jpg,387,70,496,315,109,245,10
2015_01336.jpg,313,29,388,156,75,127,10
2015_01336.jpg,388,35,456,101,68,66,10
2015_01336.jpg,392,66,406,110,14,44,2
2015_01336.jpg,446,310,499,332,53,22,7
2015_01336.jpg,231,211,280,328,49,117,7
2015_01336.jpg,353,201,398,287,45,86,7
2015_01336.jpg,1,46,116,324,115,278,10
2015_01336.jpg,197,202,235,306,38,104,7
2015_01336.jpg,157,202,199,286,42,84,7
2015_01336.jpg,285,174,337,306,52,132,2
2015_01336.jpg,229,153,276,287,47,134,2
2015_01336.jpg,181,153,215,274,34,121,2
2015_01336.jpg,403,282,461,330,58,48,7
2015_01336.jpg,84,49,249,261,165,212,10
2015_01337.jpg,435,6,497,318,62,312,10
2015_01337.jpg,17,95,284,313,267,218,10
2015_01337.jpg,368,205,400,277,32,72,2
2015_01337.jpg,30,43,69,135,39,92,2
2015_01337.jpg,159,213,440,320,281,107,11
2015_01338.jpg,6,111,86,258,80,147,7
2015_01338.jpg,30,309,174,495,144,186,7
2015_01338.jpg,116,49,188,262,72,213,2
2015_01338.jpg,151,62,266,495,115,433,2
2015_01339.jpg,39,319,70,396,31,77,7
2015_01339.jpg,153,111,259,464,106,353,10
2015_01339.jpg,29,282,62,388,33,106,2
2015_01339.jpg,3,340,140,499,137,159,11
2015_01340.jpg,110,83,151,152,41,69,2
2015_01340.jpg,22,118,453,262,431,144,5
2015_01341.jpg,323,79,343,138,20,59,2
2015_01341.jpg,344,89,366,143,22,54,2
2015_01341.jpg,295,74,319,124,24,50,2
2015_01341.jpg,450,46,495,211,45,165,10
2015_01341.jpg,269,90,409,268,140,178,11
2015_01341.jpg,235,8,284,74,49,66,10
2015_01341.jpg,403,36,476,225,73,189,10
2015_01341.jpg,277,67,299,110,22,43,2
2015_01341.jpg,149,15,219,177,70,162,10
2015_01341.jpg,45,29,159,285,114,256,10
2015_01341.jpg,116,26,352,373,236,347,10
2015_01341.jpg,361,36,443,287,82,251,10
2015_01342.jpg,344,95,411,152,67,57,7
2015_01342.jpg,254,122,283,247,29,125,2
2015_01342.jpg,27,7,309,368,282,361,10
2015_01342.jpg,335,213,389,288,54,75,7
2015_01342.jpg,368,9,498,80,130,71,2
2015_01342.jpg,397,122,461,153,64,31,7
2015_01342.jpg,275,179,315,248,40,69,7
2015_01342.jpg,267,108,328,130,61,22,7
2015_01342.jpg,261,53,338,86,77,33,7
2015_01342.jpg,454,157,498,250,44,93,7
2015_01343.jpg,35,9,210,213,175,204,10
2015_01343.jpg,239,100,321,205,82,105,7
2015_01343.jpg,70,22,146,222,76,200,2
2015_01343.jpg,155,135,227,219,72,84,7
2015_01344.jpg,81,124,146,206,65,82,10
2015_01344.jpg,165,131,230,202,65,71,10
2015_01344.jpg,242,120,309,201,67,81,10
2015_01344.jpg,301,195,329,242,28,47,2
2015_01344.jpg,293,232,342,287,49,55,7
2015_01344.jpg,3,117,62,264,59,147,10
2015_01344.jpg,202,182,233,257,31,75,2
2015_01344.jpg,7,203,63,328,56,125,7
2015_01344.jpg,97,186,129,261,32,75,7
2015_01344.jpg,254,170,281,234,27,64,2
2015_01344.jpg,300,123,369,210,69,87,10
2015_01344.jpg,152,186,179,226,27,40,7
2015_01344.jpg,25,121,90,238,65,117,10
2015_01344.jpg,378,120,464,238,86,118,10
2015_01344.jpg,282,261,346,373,64,112,7
2015_01344.jpg,358,91,498,288,140,197,10
2015_01344.jpg,3,196,497,372,494,176,11
2015_01345.jpg,5,644,1587,1014,1582,370,11
2015_01345.jpg,127,391,882,691,755,300,6
2015_01345.jpg,377,170,581,846,204,676,2
2015_01346.jpg,345,49,513,592,168,543,2
2015_01346.jpg,43,331,658,650,615,319,11
2015_01347.jpg,10,253,633,472,623,219,11
2015_01347.jpg,24,1,124,306,100,305,2
2015_01347.jpg,358,280,514,368,156,88,6
2015_01347.jpg,527,299,638,413,111,114,6
2015_01347.jpg,452,279,635,354,183,75,11
2015_01347.jpg,139,232,197,256,58,24,11
2015_01347.jpg,506,246,626,359,120,113,6
2015_01347.jpg,416,267,536,355,120,88,6
2015_01348.jpg,591,484,731,899,140,415,2
2015_01348.jpg,361,723,517,917,156,194,7
2015_01348.jpg,497,486,635,901,138,415,2
2015_01349.jpg,127,3,265,469,138,466,2
2015_01349.jpg,314,46,448,463,134,417,2
2015_01349.jpg,404,99,555,464,151,365,2
2015_01349.jpg,532,38,634,466,102,428,2
2015_01350.jpg,26,45,169,440,143,395,2
2015_01350.jpg,317,101,439,435,122,334,7
2015_01350.jpg,413,83,547,447,134,364,2
2015_01350.jpg,181,89,314,433,133,344,7
2015_01351.jpg,153,78,270,308,117,230,2
2015_01351.jpg,286,184,387,333,101,149,7
2015_01352.jpg,261,198,307,313,46,115,2
2015_01352.jpg,191,46,435,315,244,269,10
2015_01352.jpg,7,215,477,358,470,143,11
2015_01352.jpg,365,5,439,123,74,118,10
2015_01353.jpg,28,163,147,460,119,297,2
2015_01353.jpg,297,165,413,479,116,314,2
2015_01353.jpg,152,138,272,473,120,335,2
2015_01354.jpg,304,191,387,403,83,212,2
2015_01355.jpg,16,3,121,628,105,625,2
2015_01355.jpg,131,88,338,644,207,556,2
2015_01356.jpg,301,191,353,314,52,123,2
2015_01356.jpg,381,148,439,309,58,161,2
2015_01356.jpg,12,283,561,465,549,182,11
2015_01356.jpg,347,142,390,314,43,172,2
2015_01357.jpg,8,239,638,476,630,237,11
2015_01357.jpg,546,38,636,304,90,266,10
2015_01357.jpg,355,115,465,279,110,164,10
2015_01357.jpg,264,149,309,252,45,103,2
2015_01357.jpg,163,96,270,250,107,154,10
2015_01357.jpg,4,8,128,309,124,301,2
2015_01357.jpg,174,157,215,255,41,98,2
2015_01357.jpg,294,82,364,269,70,187,2
2015_01358.jpg,301,88,379,274,78,186,2
2015_01358.jpg,287,157,377,330,90,173,7
2015_01358.jpg,3,152,46,238,43,86,7
2015_01358.jpg,4,233,96,331,92,98,7
2015_01358.jpg,6,171,478,329,472,158,11
2015_01358.jpg,75,6,372,230,297,224,10
2015_01358.jpg,161,6,268,294,107,288,2
2015_01359.jpg,236,89,368,267,132,178,7
2015_01359.jpg,3,4,112,223,109,219,2
2015_01359.jpg,97,7,217,272,120,265,2
2015_01360.jpg,193,139,226,230,33,91,2
2015_01360.jpg,435,135,505,272,70,137,6
2015_01360.jpg,379,148,483,330,104,182,6
2015_01360.jpg,169,175,190,228,21,53,2
2015_01360.jpg,312,256,432,335,120,79,6
2015_01360.jpg,236,156,342,335,106,179,6
2015_01360.jpg,241,88,305,178,64,90,6
2015_01360.jpg,21,202,181,336,160,134,6
2015_01360.jpg,43,176,348,330,305,154,11
2015_01360.jpg,16,71,261,104,245,33,11
2015_01360.jpg,458,57,503,136,45,79,6
2015_01360.jpg,29,147,149,319,120,172,6
2015_01361.jpg,507,3,637,235,130,232,10
2015_01361.jpg,113,73,240,358,127,285,2
2015_01361.jpg,15,217,635,408,620,191,11
2015_01362.jpg,224,5,635,389,411,384,10
2015_01362.jpg,183,95,294,368,111,273,2
2015_01362.jpg,417,337,473,414,56,77,7
2015_01363.jpg,133,137,521,278,388,141,2
2015_01364.jpg,54,11,815,1052,761,1041,2
2015_01365.jpg,235,192,593,305,358,113,2
2015_01366.jpg,323,84,469,455,146,371,2
2015_01366.jpg,137,515,259,878,122,363,2
2015_01366.jpg,297,537,432,907,135,370,2
2015_01366.jpg,219,151,333,451,114,300,2
2015_01366.jpg,475,524,614,948,139,424,2
2015_01366.jpg,108,174,213,465,105,291,2
2015_01366.jpg,462,47,598,467,136,420,2
2015_01367.jpg,479,190,526,292,47,102,2
2015_01367.jpg,533,190,576,287,43,97,2
2015_01367.jpg,373,182,424,298,51,116,2
2015_01367.jpg,429,187,475,295,46,108,2
2015_01367.jpg,266,182,315,292,49,110,2
2015_01367.jpg,320,184,371,295,51,111,2
2015_01367.jpg,60,181,113,294,53,113,2
2015_01367.jpg,112,185,156,293,44,108,2
2015_01367.jpg,158,178,211,294,53,116,2
2015_01367.jpg,213,184,262,291,49,107,2
2015_01368.jpg,68,62,229,416,161,354,2
2015_01368.jpg,378,101,486,367,108,266,2
2015_01368.jpg,486,97,580,345,94,248,2
2015_01368.jpg,259,97,370,387,111,290,2
2015_01369.jpg,445,25,602,400,157,375,2
2015_01369.jpg,58,35,253,395,195,360,2
2015_01369.jpg,266,10,422,400,156,390,2
2015_01370.jpg,30,8,195,344,165,336,2
2015_01370.jpg,217,10,393,353,176,343,2
2015_01370.jpg,426,7,613,379,187,372,2
2015_01371.jpg,104,179,300,755,196,576,2
2015_01372.jpg,124,169,194,333,70,164,10
2015_01372.jpg,91,216,164,334,73,118,6
2015_01372.jpg,150,222,253,325,103,103,11
2015_01372.jpg,247,217,320,332,73,115,6
2015_01372.jpg,223,209,236,231,13,22,7
2015_01372.jpg,211,161,230,193,19,32,2
2015_01372.jpg,231,174,296,326,65,152,10
2015_01372.jpg,188,195,219,244,31,49,2
2015_01373.jpg,207,203,499,345,292,142,11
2015_01373.jpg,406,177,436,238,30,61,7
2015_01373.jpg,237,176,269,242,32,66,7
2015_01373.jpg,378,162,411,254,33,92,2
2015_01373.jpg,270,155,315,249,45,94,2
2015_01373.jpg,107,107,288,337,181,230,10
2015_01374.jpg,20,371,56,469,36,98,2
2015_01374.jpg,63,369,102,468,39,99,2
2015_01375.jpg,552,121,602,167,50,46,10
2015_01375.jpg,471,131,493,181,22,50,2
2015_01375.jpg,181,187,270,281,89,94,11
2015_01375.jpg,6,150,289,317,283,167,6
2015_01375.jpg,398,162,636,422,238,260,6
2015_01375.jpg,485,155,504,184,19,29,7
2015_01375.jpg,9,309,246,424,237,115,10
2015_01375.jpg,41,161,220,364,179,203,10
2015_01375.jpg,5,219,80,333,75,114,11
2015_01375.jpg,370,201,621,426,251,225,10
2015_01375.jpg,274,87,415,423,141,336,10
2015_01376.jpg,596,6,691,302,95,296,2
2015_01376.jpg,26,123,97,313,71,190,2
2015_01376.jpg,81,142,155,333,74,191,2
2015_01376.jpg,147,7,217,377,70,370,2
2015_01376.jpg,210,8,331,345,121,337,2
2015_01376.jpg,305,15,440,520,135,505,2
2015_01376.jpg,16,208,917,729,901,521,11
2015_01376.jpg,484,7,613,439,129,432,2
2015_01377.jpg,430,328,451,385,21,57,10
2015_01377.jpg,152,445,635,633,483,188,11
2015_01377.jpg,432,481,530,528,98,47,7
2015_01377.jpg,378,375,441,529,63,154,2
2015_01377.jpg,517,323,543,390,26,67,10
2015_01377.jpg,444,330,481,388,37,58,10
2015_01378.jpg,179,113,218,201,39,88,2
2015_01378.jpg,64,142,122,279,58,137,2
2015_01378.jpg,458,92,639,413,181,321,10
2015_01378.jpg,230,135,309,388,79,253,2
2015_01378.jpg,307,92,436,330,129,238,10
2015_01378.jpg,379,143,494,424,115,281,2
2015_01379.jpg,221,263,638,419,417,156,11
2015_01379.jpg,525,61,636,279,111,218,10
2015_01379.jpg,378,164,473,360,95,196,7
2015_01379.jpg,275,67,353,342,78,275,2
2015_01380.jpg,74,103,126,257,52,154,2
2015_01380.jpg,117,130,167,260,50,130,2
2015_01380.jpg,12,103,74,257,62,154,2
2015_01381.jpg,503,25,586,315,83,290,2
2015_01381.jpg,318,17,382,262,64,245,2
2015_01381.jpg,255,17,320,293,65,276,2
2015_01381.jpg,164,16,257,307,93,291,2
2015_01381.jpg,399,21,502,324,103,303,2
2015_01382.jpg,534,39,779,682,245,643,2
2015_01382.jpg,8,426,1017,779,1009,353,11
2015_01383.jpg,89,211,210,622,121,411,2
2015_01383.jpg,303,229,426,612,123,383,2
2015_01383.jpg,373,224,506,604,133,380,2
2015_01383.jpg,216,13,325,265,109,252,2
2015_01383.jpg,215,203,325,617,110,414,2
2015_01384.jpg,88,211,1010,661,922,450,10
2015_01384.jpg,133,584,781,679,648,95,11
2015_01384.jpg,293,386,387,650,94,264,2
2015_01385.jpg,75,243,100,304,25,61,2
2015_01385.jpg,9,287,299,398,290,111,11
2015_01385.jpg,12,84,297,197,285,113,11
2015_01385.jpg,133,6,256,189,123,183,10
2015_01385.jpg,125,205,292,392,167,187,10
2015_01385.jpg,73,38,101,101,28,63,2
2015_01386.jpg,186,280,625,417,439,137,11
2015_01386.jpg,367,108,437,349,70,241,2
2015_01387.jpg,100,335,574,667,474,332,11
2015_01387.jpg,191,240,729,551,538,311,11
2015_01387.jpg,177,289,541,341,364,52,11
2015_01387.jpg,245,248,296,375,51,127,2
2015_01387.jpg,346,211,398,370,52,159,2
2015_01387.jpg,300,279,361,377,61,98,7
2015_01387.jpg,875,191,970,326,95,135,6
2015_01387.jpg,14,235,202,527,188,292,11
2015_01387.jpg,405,281,467,377,62,96,7
2015_01388.jpg,450,244,869,400,419,156,2
2015_01389.jpg,20,50,222,638,202,588,2
2015_01389.jpg,5,451,423,634,418,183,11
2015_01390.jpg,129,53,300,419,171,366,2
2015_01391.jpg,188,59,290,391,102,332,2
2015_01391.jpg,122,75,218,392,96,317,2
2015_01391.jpg,40,82,146,394,106,312,2
2015_01392.jpg,123,172,248,382,125,210,2
2015_01393.jpg,237,215,336,455,99,240,2
2015_01394.jpg,105,227,197,470,92,243,2
2015_01395.jpg,3,41,244,401,241,360,10
2015_01395.jpg,487,59,634,310,147,251,10
2015_01395.jpg,131,218,632,404,501,186,11
2015_01395.jpg,207,261,265,330,58,69,7
2015_01395.jpg,281,223,331,334,50,111,7
2015_01395.jpg,542,260,598,389,56,129,7
2015_01395.jpg,413,47,543,230,130,183,10
2015_01395.jpg,421,170,480,370,59,200,2
2015_01395.jpg,481,308,546,379,65,71,7
2015_01395.jpg,341,246,399,368,58,122,7
2015_01396.jpg,197,560,341,945,144,385,2
2015_01396.jpg,18,774,1373,1058,1355,284,11
2015_01397.jpg,112,133,282,468,170,335,7
2015_01397.jpg,322,51,456,469,134,418,2
2015_01398.jpg,386,168,475,293,89,125,10
2015_01398.jpg,44,108,136,300,92,192,10
2015_01398.jpg,118,163,190,285,72,122,10
2015_01398.jpg,254,194,275,253,21,59,2
2015_01398.jpg,225,188,244,249,19,61,2
2015_01398.jpg,204,195,224,255,20,60,2
2015_01398.jpg,188,139,268,236,80,97,10
2015_01398.jpg,266,148,359,237,93,89,10
2015_01398.jpg,151,218,369,291,218,73,11
2015_01398.jpg,329,225,345,247,16,22,7
2015_01398.jpg,1,66,48,287,47,221,10
2015_01398.jpg,318,215,333,240,15,25,7
2015_01398.jpg,192,216,206,245,14,29,7
2015_01398.jpg,172,222,188,243,16,21,7
2015_01398.jpg,293,189,318,244,25,55,2
2015_01399.jpg,3,85,39,217,36,132,10
2015_01399.jpg,7,14,462,372,455,358,10
2015_01399.jpg,53,170,91,227,38,57,7
2015_01399.jpg,12,165,57,231,45,66,7
2015_01399.jpg,38,107,72,228,34,121,2
2015_01399.jpg,93,234,180,373,87,139,7
2015_01399.jpg,423,152,443,201,20,49,2
2015_01399.jpg,323,145,352,209,29,64,2
2015_01399.jpg,86,95,109,168,23,73,2
2015_01400.jpg,250,190,284,282,34,92,2
2015_01400.jpg,224,195,253,283,29,88,2
2015_01400.jpg,446,212,478,270,32,58,2
2015_01400.jpg,93,245,116,281,23,36,7
2015_01400.jpg,166,60,279,225,113,165,10
2015_01400.jpg,426,226,459,271,33,45,7
2015_01400.jpg,14,234,494,370,480,136,11
2015_01400.jpg,263,73,373,374,110,301,10
2015_01401.jpg,431,195,462,290,31,95,2
2015_01401.jpg,158,266,203,330,45,64,7
2015_01401.jpg,219,147,269,191,50,44,10
2015_01401.jpg,4,98,184,373,180,275,10
2015_01401.jpg,464,153,491,197,27,44,10
2015_01401.jpg,266,258,311,305,45,47,7
2015_01401.jpg,345,298,410,373,65,75,7
2015_01401.jpg,359,274,407,309,48,35,7
2015_01401.jpg,421,275,473,330,52,55,7
2015_01401.jpg,468,250,499,297,31,47,7
2015_01401.jpg,62,267,500,372,438,105,11
2015_01401.jpg,120,143,156,187,36,44,10
2015_01401.jpg,301,138,332,174,31,36,10
2015_01401.jpg,6,102,57,172,51,70,10
2015_01401.jpg,264,121,426,290,162,169,10
2015_01401.jpg,116,100,281,284,165,184,10
2015_01401.jpg,439,140,469,197,30,57,10
2015_01401.jpg,373,116,434,209,61,93,10
2015_01402.jpg,335,91,497,328,162,237,10
2015_01402.jpg,7,31,298,327,291,296,10
2015_01402.jpg,97,68,200,122,103,54,2
2015_01403.jpg,204,94,224,117,20,23,7
2015_01403.jpg,297,171,318,194,21,23,7
2015_01403.jpg,17,129,298,371,281,242,6
2015_01403.jpg,198,177,238,264,40,87,2
2015_01403.jpg,294,123,326,194,32,71,2
2015_01403.jpg,40,26,403,372,363,346,10
2015_01403.jpg,354,82,498,365,144,283,10
2015_01403.jpg,254,173,378,270,124,97,11
2015_01404.jpg,145,313,250,369,105,56,7
2015_01404.jpg,106,88,137,172,31,84,2
2015_01404.jpg,377,211,403,269,26,58,2
2015_01404.jpg,286,96,349,145,63,49,2
2015_01404.jpg,214,153,394,370,180,217,10
2015_01404.jpg,354,93,400,151,46,58,2
2015_01404.jpg,6,81,390,368,384,287,10
2015_01404.jpg,184,293,275,373,91,80,2
2015_01405.jpg,351,129,500,293,149,164,10
2015_01405.jpg,201,178,250,335,49,157,2
2015_01405.jpg,174,213,218,299,44,86,7
2015_01405.jpg,132,237,179,340,47,103,7
2015_01405.jpg,67,261,135,334,68,73,7
2015_01405.jpg,301,214,347,306,46,92,7
2015_01405.jpg,341,262,430,370,89,108,7
2015_01405.jpg,256,178,297,285,41,107,2
2015_01405.jpg,178,116,335,269,157,153,10
2015_01405.jpg,2,94,91,336,89,242,10
2015_01405.jpg,3,255,498,372,495,117,11
2015_01406.jpg,223,270,253,324,30,54,2
2015_01406.jpg,321,299,365,374,44,75,2
2015_01406.jpg,131,256,229,357,98,101,10
2015_01406.jpg,366,260,414,350,48,90,2
2015_01406.jpg,457,278,485,311,28,33,7
2015_01406.jpg,101,305,215,371,114,66,10
2015_01406.jpg,215,272,497,370,282,98,11
2015_01406.jpg,381,216,497,289,116,73,10
2015_01406.jpg,328,136,409,276,81,140,10
2015_01406.jpg,5,267,66,373,61,106,10
2015_01406.jpg,376,253,401,292,25,39,7
2015_01406.jpg,276,313,317,372,41,59,7
2015_01407.jpg,233,1,320,99,87,98,10
2015_01407.jpg,443,201,498,268,55,67,10
2015_01407.jpg,406,202,452,248,46,46,10
2015_01407.jpg,111,59,497,373,386,314,10
2015_01407.jpg,50,236,79,340,29,104,2
2015_01408.jpg,65,121,325,494,260,373,10
2015_01408.jpg,72,165,202,216,130,51,2
2015_01409.jpg,17,138,278,326,261,188,11
2015_01409.jpg,290,26,330,54,40,28,7
2015_01409.jpg,94,82,218,318,124,236,6
2015_01409.jpg,365,187,499,371,134,184,6
2015_01409.jpg,355,22,385,64,30,42,7
2015_01409.jpg,161,168,181,192,20,24,7
2015_01409.jpg,189,172,209,199,20,27,7
2015_01409.jpg,69,164,93,192,24,28,7
2015_01409.jpg,448,1,478,83,30,82,2
2015_01409.jpg,389,44,411,70,22,26,7
2015_01409.jpg,140,169,159,197,19,28,7
2015_01409.jpg,268,125,446,372,178,247,6
2015_01409.jpg,127,187,191,238,64,51,7
2015_01409.jpg,60,2,136,19,76,17,7
2015_01409.jpg,413,3,451,81,38,78,2
2015_01409.jpg,384,1,414,66,30,65,2
2015_01409.jpg,118,68,161,184,43,116,2
2015_01410.jpg,61,3,191,246,130,243,2
2015_01411.jpg,207,198,239,298,32,100,2
2015_01411.jpg,266,176,301,270,35,94,2
2015_01411.jpg,236,184,269,285,33,101,2
2015_01412.jpg,359,82,416,270,57,188,2
2015_01412.jpg,122,218,586,414,464,196,11
2015_01412.jpg,417,163,473,283,56,120,7
2015_01413.jpg,41,141,315,489,274,348,10
2015_01413.jpg,3,254,129,496,126,242,6
2015_01413.jpg,218,360,372,497,154,137,11
2015_01413.jpg,285,315,323,403,38,88,2
2015_01414.jpg,282,187,334,237,52,50,10
2015_01414.jpg,93,73,148,275,55,202,2
2015_01414.jpg,51,65,115,280,64,215,2
2015_01414.jpg,180,105,236,252,56,147,2
2015_01414.jpg,8,202,373,490,365,288,11
2015_01414.jpg,85,41,206,182,121,141,10
2015_01414.jpg,223,143,275,264,52,121,7
2015_01414.jpg,136,194,194,309,58,115,7
2015_01414.jpg,77,191,138,302,61,111,7
2015_01414.jpg,5,82,64,277,59,195,2
2015_01415.jpg,5,304,228,487,223,183,11
2015_01415.jpg,4,300,43,401,39,101,2
2015_01415.jpg,160,356,190,406,30,50,7
2015_01415.jpg,149,294,190,409,41,115,2
2015_01416.jpg,119,70,157,179,38,109,2
2015_01416.jpg,383,92,441,263,58,171,2
2015_01416.jpg,200,2,394,158,194,156,10
2015_01416.jpg,98,75,138,220,40,145,2
2015_01416.jpg,5,147,492,332,487,185,11
2015_01417.jpg,342,5,477,235,135,230,10
2015_01417.jpg,192,102,297,327,105,225,2
2015_01417.jpg,40,6,462,371,422,365,10
2015_01418.jpg,375,240,415,349,40,109,2
2015_01418.jpg,372,223,393,262,21,39,7
2015_01418.jpg,302,207,326,242,24,35,7
2015_01418.jpg,122,225,144,263,22,38,7
2015_01418.jpg,191,233,209,279,18,46,7
2015_01418.jpg,153,220,188,311,35,91,2
2015_01418.jpg,63,120,199,284,136,164,10
2015_01418.jpg,206,294,235,350,29,56,7
2015_01418.jpg,335,109,420,230,85,121,10
2015_01418.jpg,247,127,352,242,105,115,10
2015_01418.jpg,79,240,313,372,234,132,11
2015_01418.jpg,244,225,455,374,211,149,11
2015_01418.jpg,392,33,454,141,62,108,10
2015_01418.jpg,157,134,259,294,102,160,10
2015_01418.jpg,394,134,487,265,93,131,10
2015_01419.jpg,90,159,117,224,27,65,2
2015_01419.jpg,113,159,135,224,22,65,2
2015_01419.jpg,135,163,157,223,22,60,2
2015_01419.jpg,429,24,499,65,70,41,7
2015_01419.jpg,161,163,178,226,17,63,2
2015_01419.jpg,181,161,201,222,20,61,2
2015_01419.jpg,441,95,501,132,60,37,7
2015_01419.jpg,38,156,58,220,20,64,2
2015_01419.jpg,67,157,90,222,23,65,2
2015_01419.jpg,218,15,498,371,280,356,10
2015_01419.jpg,9,112,41,219,32,107,2
2015_01420.jpg,178,199,220,341,42,142,2
2015_01420.jpg,255,121,299,207,44,86,10
2015_01420.jpg,19,229,405,370,386,141,11
2015_01420.jpg,197,110,279,235,82,125,10
2015_01420.jpg,317,88,497,257,180,169,10
2015_01420.jpg,127,103,254,269,127,166,10
2015_01420.jpg,2,98,152,308,150,210,10
2015_01420.jpg,4,296,77,371,73,75,7
2015_01420.jpg,261,198,296,234,35,36,7
2015_01420.jpg,301,174,326,255,25,81,2
2015_01420.jpg,133,284,208,369,75,85,7
2015_01420.jpg,227,272,302,374,75,102,7
2015_01420.jpg,207,205,248,285,41,80,7
2015_01420.jpg,144,229,188,316,44,87,7
2015_01420.jpg,316,245,342,280,26,35,7
2015_01420.jpg,63,266,117,372,54,106,7
2015_01420.jpg,262,230,300,276,38,46,7
2015_01421.jpg,336,4,481,160,145,156,10
2015_01421.jpg,235,2,340,133,105,131,10
2015_01421.jpg,385,2,464,236,79,234,2
2015_01421.jpg,175,233,270,372,95,139,7
2015_01421.jpg,143,214,227,345,84,131,7
2015_01422.jpg,432,183,472,286,40,103,2
2015_01422.jpg,71,23,456,488,385,465,5
2015_01423.jpg,325,175,496,241,171,66,10
2015_01423.jpg,240,80,498,328,258,248,6
2015_01423.jpg,3,270,129,332,126,62,11
2015_01423.jpg,56,176,101,303,45,127,2
2015_01424.jpg,285,158,338,327,53,169,2
2015_01424.jpg,159,116,283,321,124,205,5
2015_01425.jpg,191,40,323,197,132,157,10
2015_01425.jpg,157,57,263,109,106,52,2
2015_01425.jpg,206,5,498,373,292,368,10
2015_01426.jpg,68,53,103,131,35,78,10
2015_01426.jpg,372,125,385,158,13,33,2
2015_01426.jpg,378,196,460,321,82,125,6
2015_01426.jpg,165,3,437,332,272,329,10
2015_01426.jpg,26,118,169,307,143,189,10
2015_01426.jpg,2,165,214,330,212,165,6
2015_01426.jpg,60,34,84,110,24,76,10
2015_01426.jpg,2,2,60,304,58,302,10
2015_01426.jpg,92,54,117,131,25,77,10
2015_01427.jpg,179,338,218,410,39,72,7
2015_01427.jpg,127,234,151,271,24,37,7
2015_01427.jpg,110,284,152,322,42,38,7
2015_01427.jpg,121,324,155,376,34,52,7
2015_01427.jpg,300,324,338,397,38,73,7
2015_01427.jpg,252,292,285,368,33,76,7
2015_01427.jpg,253,162,285,236,32,74,2
2015_01427.jpg,242,208,287,309,45,101,2
2015_01427.jpg,174,230,220,360,46,130,2
2015_01427.jpg,3,194,74,275,71,81,6
2015_01427.jpg,3,198,370,494,367,296,11
2015_01427.jpg,217,328,249,376,32,48,7
2015_01428.jpg,57,154,104,256,47,102,2
2015_01428.jpg,238,117,282,211,44,94,2
2015_01428.jpg,273,225,309,323,36,98,2
2015_01428.jpg,2,71,28,166,26,95,2
2015_01428.jpg,51,226,122,354,71,128,2
2015_01428.jpg,9,98,322,374,313,276,10
2015_01428.jpg,290,64,403,226,113,162,6
2015_01428.jpg,312,181,499,373,187,192,10
2015_01429.jpg,405,271,497,371,92,100,11
2015_01429.jpg,388,127,400,165,12,38,2
2015_01429.jpg,371,125,388,166,17,41,2
2015_01429.jpg,40,184,186,366,146,182,10
2015_01430.jpg,317,79,447,331,130,252,10
2015_01430.jpg,203,257,247,334,44,77,2
2015_01430.jpg,210,181,298,240,88,59,4
2015_01430.jpg,54,110,244,330,190,220,10
2015_01431.jpg,8,2,437,362,429,360,10
2015_01431.jpg,133,148,197,341,64,193,2
2015_01432.jpg,103,188,212,375,109,187,10
2015_01432.jpg,78,402,110,486,32,84,2
2015_01432.jpg,186,47,329,418,143,371,10
2015_01433.jpg,146,73,244,316,98,243,2
2015_01434.jpg,349,104,443,260,94,156,10
2015_01434.jpg,252,151,475,372,223,221,10
2015_01434.jpg,6,120,41,188,35,68,10
2015_01434.jpg,4,8,471,366,467,358,10
2015_01434.jpg,46,91,121,175,75,84,10
2015_01434.jpg,448,192,484,245,36,53,2
2015_01434.jpg,228,108,294,214,66,106,10
2015_01434.jpg,269,95,332,183,63,88,10
2015_01435.jpg,81,118,105,163,24,45,7
2015_01435.jpg,233,133,275,166,42,33,7
2015_01435.jpg,198,93,225,173,27,80,2
2015_01435.jpg,269,98,293,166,24,68,2
2015_01435.jpg,99,99,125,166,26,67,2
2015_01435.jpg,2,94,20,187,18,93,2
2015_01435.jpg,372,28,470,147,98,119,10
2015_01435.jpg,25,147,299,279,274,132,11
2015_01436.jpg,107,194,494,371,387,177,11
2015_01436.jpg,455,8,500,75,45,67,10
2015_01436.jpg,4,79,304,371,300,292,10
2015_01436.jpg,192,206,239,307,47,101,2
2015_01437.jpg,665,224,764,438,99,214,7
2015_01437.jpg,670,160,757,355,87,195,7
2015_01437.jpg,458,117,532,357,74,240,2
2015_01437.jpg,17,87,758,507,741,420,11
2015_01437.jpg,413,286,512,508,99,222,7
2015_01437.jpg,516,323,644,425,128,102,7
2015_01437.jpg,424,241,471,308,47,67,7
2015_01437.jpg,227,288,287,357,60,69,7
2015_01437.jpg,571,142,642,336,71,194,7
2015_01437.jpg,7,181,60,380,53,199,7
2015_01438.jpg,23,88,330,330,307,242,10
2015_01438.jpg,278,146,322,268,44,122,2
2015_01439.jpg,146,9,450,370,304,361,10
2015_01439.jpg,4,238,167,370,163,132,11
2015_01439.jpg,76,227,116,320,40,93,2
2015_01440.jpg,262,161,281,232,19,71,2
2015_01440.jpg,282,172,309,235,27,63,7
2015_01440.jpg,244,247,277,307,33,60,7
2015_01440.jpg,203,235,233,301,30,66,7
2015_01440.jpg,180,252,220,329,40,77,7
2015_01440.jpg,97,202,380,328,283,126,11
2015_01440.jpg,25,112,181,324,156,212,10
2015_01440.jpg,297,118,480,323,183,205,10
2015_01441.jpg,2059,272,2548,772,489,500,11
2015_01441.jpg,1113,111,1580,519,467,408,11
2015_01441.jpg,1200,466,1380,923,180,457,2
2015_01441.jpg,380,95,483,326,103,231,2
2015_01441.jpg,195,236,293,361,98,125,7
2015_01441.jpg,882,859,1037,1139,155,280,7
2015_01441.jpg,358,538,2171,1834,1813,1296,11
2015_01441.jpg,1537,674,1654,902,117,228,7
2015_01441.jpg,532,261,972,786,440,525,6
2015_01441.jpg,1668,614,1782,723,114,109,7
2015_01441.jpg,714,709,842,856,128,147,7
2015_01441.jpg,861,1065,2030,1897,1169,832,6
2015_01441.jpg,1964,791,2537,1908,573,1117,6
2015_01441.jpg,1779,70,1934,361,155,291,6
2015_01441.jpg,1494,130,1817,568,323,438,6
2015_01441.jpg,855,182,1040,467,185,285,6
2015_01441.jpg,1725,215,2146,647,421,432,6
2015_01441.jpg,34,244,765,872,731,628,11
2015_01441.jpg,1002,125,1200,457,198,332,6
2015_01442.jpg,395,108,515,420,120,312,2
2015_01442.jpg,3,328,593,420,590,92,11
2015_01443.jpg,167,76,285,350,118,274,2
2015_01443.jpg,372,112,464,394,92,282,2
2015_01443.jpg,503,102,568,308,65,206,2
2015_01443.jpg,333,64,395,307,62,243,2
2015_01443.jpg,584,96,637,295,53,199,2
2015_01444.jpg,26,284,85,450,59,166,2
2015_01444.jpg,246,29,423,465,177,436,10
2015_01445.jpg,518,25,688,465,170,440,2
2015_01445.jpg,7,10,304,630,297,620,2
2015_01445.jpg,280,21,863,492,583,471,10
2015_01446.jpg,884,299,1022,711,138,412,2
2015_01447.jpg,129,88,305,526,176,438,2
2015_01448.jpg,266,170,374,334,108,164,2
2015_01449.jpg,61,230,363,384,302,154,11
2015_01449.jpg,143,202,188,322,45,120,2
2015_01449.jpg,319,189,568,417,249,228,6
2015_01449.jpg,294,132,486,286,192,154,10
2015_01450.jpg,256,205,331,406,75,201,2
2015_01450.jpg,31,337,591,476,560,139,11
2015_01450.jpg,497,163,608,350,111,187,10
2015_01450.jpg,477,270,544,423,67,153,7
2015_01450.jpg,421,269,479,384,58,115,7
2015_01450.jpg,3,170,56,273,53,103,10
2015_01450.jpg,36,172,167,275,131,103,10
2015_01451.jpg,58,77,177,422,119,345,2
2015_01451.jpg,113,21,390,594,277,573,2
2015_01452.jpg,109,156,616,361,507,205,2
2015_01453.jpg,307,18,499,214,192,196,6
2015_01453.jpg,256,4,329,230,73,226,2
2015_01453.jpg,13,167,517,387,504,220,11
2015_01454.jpg,180,49,215,95,35,46,10
2015_01454.jpg,140,191,301,315,161,124,6
2015_01454.jpg,361,156,383,217,22,61,2
2015_01454.jpg,318,53,368,98,50,45,10
2015_01454.jpg,190,101,356,318,166,217,10
2015_01454.jpg,544,90,621,184,77,94,10
2015_01454.jpg,306,159,331,220,25,61,2
2015_01454.jpg,256,130,318,157,62,27,2
2015_01454.jpg,514,150,634,318,120,168,6
2015_01454.jpg,218,45,271,101,53,56,10
2015_01454.jpg,339,156,360,215,21,59,2
2015_01454.jpg,383,176,536,318,153,142,6
2015_01454.jpg,277,200,448,310,171,110,11
2015_01455.jpg,35,135,127,290,92,155,2
2015_01455.jpg,251,221,292,256,41,35,7
2015_01455.jpg,294,219,331,256,37,37,7
2015_01455.jpg,4,244,362,468,358,224,11
2015_01455.jpg,245,7,604,464,359,457,10
2015_01456.jpg,7,265,637,423,630,158,11
2015_01456.jpg,349,119,412,267,63,148,10
2015_01456.jpg,314,134,359,279,45,145,10
2015_01456.jpg,185,321,262,424,77,103,7
2015_01456.jpg,261,234,311,400,50,166,2
2015_01456.jpg,417,117,477,265,60,148,10
2015_01457.jpg,328,69,413,285,85,216,2
2015_01458.jpg,41,14,154,373,113,359,2
2015_01459.jpg,121,126,206,376,85,250,2
2015_01459.jpg,7,294,255,386,248,92,11
2015_01459.jpg,211,261,566,385,355,124,6
2015_01459.jpg,13,131,82,338,69,207,2
2015_01460.jpg,235,54,409,583,174,529,2
2015_01460.jpg,4,438,468,636,464,198,11
2015_01460.jpg,238,69,285,117,47,48,2
2015_01460.jpg,141,75,235,123,94,48,2
2015_01460.jpg,107,6,329,53,222,47,2
2015_01460.jpg,3,119,113,316,110,197,6
2015_01461.jpg,409,26,460,168,51,142,2
2015_01461.jpg,175,26,221,178,46,152,2
2015_01461.jpg,231,26,286,173,55,147,2
2015_01461.jpg,361,24,402,169,41,145,2
2015_01461.jpg,302,24,346,173,44,149,2
2015_01462.jpg,248,368,330,634,82,266,2
2015_01462.jpg,156,361,240,631,84,270,2
2015_01462.jpg,89,25,169,247,80,222,2
2015_01462.jpg,336,366,418,635,82,269,2
2015_01462.jpg,195,12,277,249,82,237,2
2015_01462.jpg,303,11,395,256,92,245,2
2015_01462.jpg,62,364,136,635,74,271,2
2015_01462.jpg,11,30,70,246,59,216,2
2015_01463.jpg,34,166,95,337,61,171,2
2015_01463.jpg,299,302,368,495,69,193,2
2015_01463.jpg,3,4,425,296,422,292,4
2015_01463.jpg,96,160,155,323,59,163,2
2015_01464.jpg,353,204,390,297,37,93,2
2015_01464.jpg,324,255,522,417,198,162,11
2015_01464.jpg,178,116,363,340,185,224,10
2015_01465.jpg,332,211,362,276,30,65,10
2015_01465.jpg,260,266,316,411,56,145,2
2015_01465.jpg,159,223,272,498,113,275,2
2015_01465.jpg,295,203,349,300,54,97,10
2015_01465.jpg,4,95,254,428,250,333,10
2015_01466.jpg,184,61,256,297,72,236,2
2015_01467.jpg,248,85,406,606,158,521,2
2015_01468.jpg,459,193,503,242,44,49,2
2015_01468.jpg,409,193,450,244,41,51,2
2015_01468.jpg,139,402,179,477,40,75,7
2015_01468.jpg,383,242,475,474,92,232,6
2015_01468.jpg,171,206,192,268,21,62,2
2015_01468.jpg,127,206,148,272,21,66,2
2015_01468.jpg,86,207,112,276,26,69,2
2015_01468.jpg,63,200,87,280,24,80,2
2015_01468.jpg,30,199,64,283,34,84,2
2015_01468.jpg,50,348,93,477,43,129,2
2015_01468.jpg,4,369,306,479,302,110,11
2015_01468.jpg,494,212,612,329,118,117,10
2015_01468.jpg,506,193,554,239,48,46,2
2015_01468.jpg,189,205,209,262,20,57,2
2015_01468.jpg,146,208,167,267,21,59,2
2015_01469.jpg,472,110,531,200,59,90,2
2015_01470.jpg,149,252,212,316,63,64,10
2015_01470.jpg,148,303,219,381,71,78,6
2015_01470.jpg,67,296,157,397,90,101,6
2015_01470.jpg,74,245,150,333,76,88,10
2015_01470.jpg,386,5,552,402,166,397,2
2015_01470.jpg,324,263,411,376,87,113,10
2015_01471.jpg,209,154,231,179,22,25,10
2015_01471.jpg,181,369,220,448,39,79,2
2015_01471.jpg,69,217,130,294,61,77,10
2015_01471.jpg,3,252,54,312,51,60,10
2015_01471.jpg,29,296,271,436,242,140,10
2015_01472.jpg,68,5,316,638,248,633,2
2015_01473.jpg,748,96,968,705,220,609,2
2015_01474.jpg,213,40,403,455,190,415,2
2015_01475.jpg,324,283,386,469,62,186,2
2015_01475.jpg,41,206,185,427,144,221,10
2015_01475.jpg,135,7,364,631,229,624,2
2015_01475.jpg,3,350,38,417,35,67,10
2015_01475.jpg,108,336,163,440,55,104,7
2015_01476.jpg,546,126,578,160,32,34,7
2015_01476.jpg,344,4,447,132,103,128,10
2015_01476.jpg,379,71,485,406,106,335,2
2015_01476.jpg,26,135,105,354,79,219,7
2015_01476.jpg,474,161,566,374,92,213,7
2015_01477.jpg,88,211,213,389,125,178,7
2015_01477.jpg,242,14,409,558,167,544,2
2015_01478.jpg,241,12,367,430,126,418,2
2015_01479.jpg,153,122,200,191,47,69,2
2015_01479.jpg,86,118,133,198,47,80,2
2015_01479.jpg,42,116,104,205,62,89,2
2015_01479.jpg,13,115,55,199,42,84,2
2015_01479.jpg,121,124,169,190,48,66,2
2015_01479.jpg,123,200,167,262,44,62,2
2015_01479.jpg,87,204,131,266,44,62,2
2015_01479.jpg,46,207,96,274,50,67,2
2015_01479.jpg,162,204,197,264,35,60,2
2015_01480.jpg,510,561,546,649,36,88,2
2015_01480.jpg,192,798,686,1007,494,209,7
2015_01480.jpg,559,576,614,656,55,80,2
2015_01480.jpg,9,82,300,1015,291,933,2
2015_01480.jpg,387,386,705,562,318,176,2
2015_01480.jpg,299,365,363,443,64,78,2
2015_01481.jpg,13,570,515,762,502,192,6
2015_01481.jpg,666,403,713,505,47,102,7
2015_01481.jpg,604,398,647,484,43,86,7
2015_01481.jpg,502,281,648,713,146,432,10
2015_01481.jpg,598,280,948,700,350,420,10
2015_01481.jpg,685,432,1022,749,337,317,10
2015_01481.jpg,196,437,816,747,620,310,11
2015_01481.jpg,448,409,491,516,43,107,7
2015_01481.jpg,275,401,311,486,36,85,7
2015_01481.jpg,3,306,380,671,377,365,10
2015_01481.jpg,500,321,556,500,56,179,2
2015_01481.jpg,358,315,426,500,68,185,2
2015_01481.jpg,933,182,994,456,61,274,10
2015_01482.jpg,514,254,636,439,122,185,6
2015_01482.jpg,62,202,145,437,83,235,2
2015_01483.jpg,39,371,1017,747,978,376,11
2015_01483.jpg,555,164,664,248,109,84,11
2015_01483.jpg,792,98,896,198,104,100,10
2015_01483.jpg,423,60,502,272,79,212,10
2015_01483.jpg,332,103,372,153,40,50,10
2015_01483.jpg,259,108,312,170,53,62,10
2015_01483.jpg,179,122,220,180,41,58,10
2015_01483.jpg,312,150,421,274,109,124,6
2015_01483.jpg,198,163,317,498,119,335,2
2015_01483.jpg,243,146,314,263,71,117,6
2015_01483.jpg,582,200,673,476,91,276,2
2015_01483.jpg,777,180,970,762,193,582,2
2015_01483.jpg,485,143,587,278,102,135,6
2015_01483.jpg,672,149,744,307,72,158,6
2015_01483.jpg,764,151,841,258,77,107,6
2015_01484.jpg,373,272,550,675,177,403,2
2015_01484.jpg,230,219,399,629,169,410,2
2015_01484.jpg,129,269,267,656,138,387,2
2015_01485.jpg,137,455,177,536,40,81,2
2015_01486.jpg,68,59,181,165,113,106,2
2015_01486.jpg,77,91,225,477,148,386,10
2015_01486.jpg,135,242,205,420,70,178,2
2015_01486.jpg,270,202,348,383,78,181,2
2015_01486.jpg,447,117,586,472,139,355,10
2015_01486.jpg,189,192,275,400,86,208,2
2015_01486.jpg,250,122,387,370,137,248,10
2015_01486.jpg,379,100,535,185,156,85,2
2015_01486.jpg,7,352,518,470,511,118,11
2015_01487.jpg,208,368,260,477,52,109,2
2015_01487.jpg,266,131,297,188,31,57,2
2015_01487.jpg,250,90,414,320,164,230,10
2015_01487.jpg,501,88,638,450,137,362,10
2015_01487.jpg,10,303,591,477,581,174,11
2015_01487.jpg,531,335,579,467,48,132,2
2015_01487.jpg,479,339,531,448,52,109,2
2015_01487.jpg,386,283,422,398,36,115,2
2015_01487.jpg,173,256,215,360,42,104,2
2015_01487.jpg,69,278,120,394,51,116,2
2015_01487.jpg,3,332,40,451,37,119,2
2015_01487.jpg,283,278,316,337,33,59,7
2015_01487.jpg,3,51,192,331,189,280,10
2015_01488.jpg,185,172,453,1010,268,838,2
2015_01488.jpg,397,384,675,1020,278,636,2
2015_01489.jpg,486,378,518,440,32,62,2
2015_01489.jpg,77,349,165,419,88,70,2
2015_01489.jpg,206,359,245,436,39,77,2
2015_01489.jpg,249,352,281,420,32,68,2
2015_01489.jpg,330,310,347,348,17,38,2
2015_01489.jpg,353,312,371,352,18,40,2
2015_01489.jpg,406,324,428,364,22,40,2
2015_01489.jpg,419,351,457,403,38,52,2
2015_01489.jpg,292,306,314,342,22,36,2
2015_01489.jpg,462,347,498,399,36,52,2
2015_01489.jpg,515,363,545,444,30,81,2
2015_01489.jpg,542,373,572,434,30,61,2
2015_01489.jpg,589,372,618,445,29,73,2
2015_01490.jpg,2,164,508,443,506,279,6
2015_01490.jpg,366,233,410,306,44,73,2
2015_01491.jpg,388,299,431,344,43,45,10
2015_01491.jpg,204,231,295,352,91,121,7
2015_01491.jpg,70,94,400,349,330,255,10
2015_01491.jpg,3,69,98,379,95,310,2
2015_01491.jpg,7,334,544,407,537,73,11
2015_01492.jpg,746,32,915,529,169,497,2
2015_01492.jpg,178,62,352,511,174,449,2
2015_01492.jpg,453,72,596,492,143,420,2
2015_01492.jpg,10,420,1016,618,1006,198,11
2015_01492.jpg,630,56,762,491,132,435,2
2015_01493.jpg,293,85,347,143,54,58,10
2015_01493.jpg,201,142,259,262,58,120,10
2015_01493.jpg,315,155,362,264,47,109,10
2015_01493.jpg,264,130,320,237,56,107,10
2015_01493.jpg,150,140,192,209,42,69,10
2015_01493.jpg,61,134,115,214,54,80,10
2015_01493.jpg,3,133,76,229,73,96,10
2015_01493.jpg,59,143,255,428,196,285,10
2015_01493.jpg,337,97,380,149,43,52,10
2015_01493.jpg,338,201,410,363,72,162,2
2015_01494.jpg,241,269,376,330,135,61,2
2015_01495.jpg,380,59,635,648,255,589,2
2015_01495.jpg,6,12,382,673,376,661,7
2015_01495.jpg,736,448,952,674,216,226,7
2015_01496.jpg,362,79,597,890,235,811,2
2015_01497.jpg,6,45,212,356,206,311,10
2015_01497.jpg,376,56,473,204,97,148,10
2015_01497.jpg,96,227,128,330,32,103,2
2015_01497.jpg,126,22,387,347,261,325,10
2015_01498.jpg,296,279,322,354,26,75,2
2015_01498.jpg,352,278,380,351,28,73,2
2015_01498.jpg,322,293,344,355,22,62,7
2015_01498.jpg,282,286,306,332,24,46,7
2015_01498.jpg,243,320,419,411,176,91,11
2015_01498.jpg,13,246,267,410,254,164,6
2015_01498.jpg,394,243,626,412,232,169,6
2015_01499.jpg,511,146,620,257,109,111,10
2015_01499.jpg,322,154,440,248,118,94,10
2015_01499.jpg,96,79,201,386,105,307,2
2015_01500.jpg,83,14,204,415,121,401,2
2015_01500.jpg,277,92,383,419,106,327,2
2015_01501.jpg,166,109,426,398,260,289,2
2015_01501.jpg,389,163,559,354,170,191,2
2015_01502.jpg,298,252,350,366,52,114,2
2015_01503.jpg,115,432,421,889,306,457,2
2015_01504.jpg,329,235,417,393,88,158,2
2015_01504.jpg,9,257,468,422,459,165,11
2015_01504.jpg,16,3,244,184,228,181,10
2015_01504.jpg,229,213,276,293,47,80,2
2015_01504.jpg,256,40,443,285,187,245,10
2015_01504.jpg,112,276,324,410,212,134,7
2015_01504.jpg,402,28,613,428,211,400,10
2015_01505.jpg,266,286,353,579,87,293,2
2015_01505.jpg,6,138,933,739,927,601,11
2015_01505.jpg,71,329,182,495,111,166,7
2015_01505.jpg,346,61,424,287,78,226,2
2015_01505.jpg,627,3,690,190,63,187,2
2015_01505.jpg,648,63,733,312,85,249,7
2015_01505.jpg,770,152,848,293,78,141,7
2015_01505.jpg,196,120,289,419,93,299,2
2015_01505.jpg,241,82,367,274,126,192,7
2015_01505.jpg,164,254,242,383,78,129,7
2015_01506.jpg,427,266,497,427,70,161,2
2015_01506.jpg,344,222,392,345,48,123,2
2015_01507.jpg,199,99,234,217,35,118,2
2015_01507.jpg,235,139,278,220,43,81,7
2015_01507.jpg,3,187,498,321,495,134,11
2015_01508.jpg,281,6,412,297,131,291,2
2015_01508.jpg,407,123,478,325,71,202,2
2015_01509.jpg,154,27,419,635,265,608,2
2015_01510.jpg,210,36,479,296,269,260,10
2015_01510.jpg,476,179,521,346,45,167,2
2015_01510.jpg,270,137,338,342,68,205,2
2015_01510.jpg,11,234,635,424,624,190,11
2015_01511.jpg,596,4,805,675,209,671,2
2015_01511.jpg,155,8,390,674,235,666,2
2015_01511.jpg,401,275,597,676,196,401,7
2015_01512.jpg,432,34,482,121,50,87,10
2015_01512.jpg,639,10,734,110,95,100,10
2015_01512.jpg,11,445,855,762,844,317,11
2015_01512.jpg,575,135,749,459,174,324,11
2015_01512.jpg,113,86,192,170,79,84,11
2015_01512.jpg,339,429,475,691,136,262,7
2015_01512.jpg,296,356,381,551,85,195,7
2015_01512.jpg,197,282,316,578,119,296,2
2015_01512.jpg,423,6,687,404,264,398,10
2015_01512.jpg,458,321,570,628,112,307,2
2015_01512.jpg,684,10,927,638,243,628,10
2015_01513.jpg,460,260,703,694,243,434,10
2015_01513.jpg,82,303,210,598,128,295,10
2015_01513.jpg,719,362,763,417,44,55,10
2015_01513.jpg,575,366,665,428,90,62,10
2015_01513.jpg,93,237,460,737,367,500,10
2015_01513.jpg,199,496,320,847,121,351,2
2015_01513.jpg,504,534,633,927,129,393,2
2015_01513.jpg,4,362,108,483,104,121,0
2015_01513.jpg,6,728,761,1019,755,291,11
2015_01513.jpg,600,434,762,746,162,312,11
2015_01513.jpg,364,663,510,998,146,335,7
2015_01513.jpg,722,416,761,461,39,45,7
2015_01513.jpg,303,605,404,829,101,224,7
2015_01514.jpg,149,4,295,440,146,436,2
2015_01514.jpg,475,17,561,263,86,246,2
2015_01514.jpg,555,26,629,268,74,242,2
2015_01514.jpg,315,244,483,444,168,200,7
2015_01515.jpg,72,37,506,405,434,368,10
2015_01515.jpg,218,250,274,361,56,111,2
2015_01516.jpg,3,93,125,258,122,165,7
2015_01516.jpg,445,76,546,210,101,134,7
2015_01516.jpg,10,97,640,477,630,380,11
2015_01516.jpg,448,7,632,336,184,329,2
2015_01516.jpg,176,288,378,471,202,183,7
2015_01516.jpg,138,3,266,352,128,349,2
2015_01516.jpg,308,4,485,381,177,377,2
2015_01517.jpg,202,56,286,295,84,239,2
2015_01518.jpg,86,51,274,566,188,515,2
2015_01519.jpg,49,124,134,313,85,189,2
2015_01519.jpg,402,171,461,317,59,146,2
2015_01519.jpg,351,176,397,320,46,144,2
2015_01519.jpg,156,147,236,322,80,175,2
2015_01520.jpg,175,223,256,460,81,237,2
2015_01520.jpg,253,222,327,452,74,230,2
2015_01520.jpg,331,209,397,459,66,250,2
2015_01520.jpg,383,206,476,449,93,243,2
2015_01520.jpg,428,83,635,432,207,349,10
2015_01520.jpg,131,223,199,462,68,239,2
2015_01520.jpg,37,220,124,468,87,248,2
2015_01521.jpg,431,433,581,804,150,371,2
2015_01521.jpg,265,738,400,841,135,103,7
2015_01521.jpg,67,349,288,584,221,235,6
2015_01521.jpg,479,382,564,514,85,132,6
2015_01521.jpg,18,594,641,1003,623,409,11
2015_01521.jpg,574,398,678,534,104,136,6
2015_01521.jpg,301,397,520,582,219,185,6
2015_01522.jpg,266,2,495,300,229,298,10
2015_01522.jpg,9,68,99,329,90,261,2
2015_01523.jpg,326,29,487,492,161,463,2
2015_01524.jpg,470,166,523,230,53,64,7
2015_01524.jpg,304,37,663,487,359,450,10
2015_01524.jpg,337,235,660,480,323,245,6
2015_01524.jpg,720,331,764,509,44,178,7
2015_01524.jpg,378,240,481,511,103,271,2
2015_01525.jpg,185,231,258,324,73,93,7
2015_01525.jpg,577,333,636,418,59,85,7
2015_01525.jpg,104,242,631,466,527,224,11
2015_01525.jpg,269,151,342,337,73,186,2
2015_01525.jpg,327,145,391,320,64,175,2
2015_01525.jpg,414,138,490,415,76,277,2
2015_01525.jpg,18,121,53,190,35,69,2
2015_01526.jpg,325,292,414,333,89,41,2
2015_01527.jpg,285,40,479,345,194,305,10
2015_01527.jpg,150,41,436,384,286,343,10
2015_01527.jpg,6,1,86,166,80,165,10
2015_01527.jpg,371,201,433,295,62,94,2
2015_01527.jpg,0,285,65,552,65,267,2
2015_01527.jpg,73,412,204,634,131,222,2
2015_01527.jpg,63,278,161,590,98,312,2
2015_01527.jpg,4,153,238,407,234,254,6
2015_01528.jpg,12,196,372,417,360,221,11
2015_01528.jpg,283,90,623,356,340,266,0
2015_01528.jpg,306,114,377,263,71,149,2
2015_01528.jpg,248,107,316,246,68,139,2
2015_01529.jpg,493,234,585,370,92,136,6
2015_01529.jpg,8,130,610,468,602,338,11
2015_01529.jpg,237,226,316,346,79,120,6
2015_01529.jpg,182,175,243,256,61,81,6
2015_01529.jpg,52,188,142,316,90,128,6
2015_01529.jpg,14,95,62,149,48,54,6
2015_01529.jpg,278,64,324,211,46,147,2
2015_01529.jpg,266,153,328,243,62,90,6
2015_01529.jpg,434,68,472,193,38,125,2
2015_01529.jpg,527,142,583,320,56,178,2
2015_01529.jpg,490,69,531,212,41,143,2
2015_01529.jpg,455,199,538,319,83,120,6
2015_01530.jpg,53,13,218,534,165,521,2
2015_01530.jpg,18,113,84,273,66,160,10
2015_01530.jpg,212,153,440,560,228,407,7
2015_01531.jpg,139,28,239,264,100,236,2
2015_01532.jpg,2,310,86,408,84,98,7
2015_01532.jpg,116,51,330,353,214,302,10
2015_01532.jpg,3,122,114,313,111,191,10
2015_01532.jpg,113,120,211,219,98,99,10
2015_01532.jpg,289,83,397,403,108,320,2
2015_01532.jpg,130,236,213,364,83,128,7
2015_01532.jpg,265,220,318,370,53,150,7
2015_01533.jpg,132,443,511,578,379,135,11
2015_01533.jpg,121,385,430,452,309,67,11
2015_01533.jpg,410,401,482,617,72,216,2
2015_01533.jpg,330,329,392,491,62,162,2
2015_01533.jpg,259,290,313,431,54,141,2
2015_01533.jpg,194,552,507,632,313,80,11
2015_01534.jpg,139,258,289,347,150,89,6
2015_01534.jpg,12,226,202,357,190,131,11
2015_01534.jpg,195,194,594,309,399,115,11
2015_01534.jpg,369,199,408,270,39,71,2
2015_01535.jpg,505,220,562,382,57,162,2
2015_01536.jpg,366,422,521,532,155,110,7
2015_01536.jpg,305,30,489,535,184,505,2
2015_01537.jpg,202,172,265,359,63,187,2
2015_01537.jpg,123,171,178,359,55,188,2
2015_01538.jpg,278,184,367,430,89,246,2
2015_01539.jpg,368,187,580,902,212,715,2
2015_01539.jpg,521,159,715,975,194,816,2
2015_01540.jpg,313,211,356,326,43,115,2
2015_01540.jpg,283,215,319,327,36,112,2
2015_01541.jpg,87,269,360,438,273,169,2
2015_01542.jpg,451,94,525,177,74,83,7
2015_01542.jpg,406,5,485,247,79,242,2
2015_01542.jpg,148,6,250,251,102,245,7
2015_01543.jpg,6,135,406,631,400,496,10
2015_01543.jpg,7,455,251,633,244,178,6
2015_01543.jpg,181,160,350,277,169,117,2
2015_01544.jpg,250,425,692,659,442,234,11
2015_01544.jpg,329,448,364,506,35,58,7
2015_01544.jpg,311,385,344,469,33,84,2
2015_01544.jpg,355,394,404,547,49,153,2
2015_01544.jpg,114,336,297,607,183,271,10
2015_01545.jpg,106,46,448,636,342,590,2
2015_01546.jpg,125,4,303,333,178,329,2
2015_01547.jpg,206,743,470,930,264,187,7
2015_01547.jpg,78,245,303,900,225,655,2
2015_01548.jpg,438,32,571,350,133,318,2
2015_01549.jpg,195,173,425,577,230,404,7
2015_01549.jpg,9,15,200,575,191,560,2
2015_01550.jpg,170,226,249,451,79,225,2
2015_01551.jpg,531,266,591,343,60,77,7
2015_01551.jpg,563,116,631,339,68,223,2
2015_01551.jpg,477,146,539,367,62,221,2
2015_01551.jpg,430,164,494,392,64,228,2
2015_01551.jpg,196,134,321,420,125,286,2
2015_01551.jpg,496,270,569,361,73,91,7
2015_01551.jpg,36,9,186,420,150,411,2
2015_01552.jpg,815,37,1019,672,204,635,2
2015_01552.jpg,574,192,753,679,179,487,2
2015_01552.jpg,460,184,620,645,160,461,2
2015_01553.jpg,169,165,305,475,136,310,2
2015_01553.jpg,36,229,166,470,130,241,7
2015_01554.jpg,266,17,644,1009,378,992,2
2015_01555.jpg,443,24,667,722,224,698,2
2015_01556.jpg,290,214,392,472,102,258,2
2015_01556.jpg,182,216,281,482,99,266,2
2015_01556.jpg,136,359,192,441,56,82,7
2015_01556.jpg,35,49,249,375,214,326,10
2015_01556.jpg,7,353,68,432,61,79,7
2015_01556.jpg,444,429,479,579,35,150,7
2015_01556.jpg,322,324,441,534,119,210,2
2015_01557.jpg,159,18,346,626,187,608,2
2015_01558.jpg,205,188,428,615,223,427,2
2015_01559.jpg,5,423,126,755,121,332,6
2015_01559.jpg,804,361,851,435,47,74,7
2015_01559.jpg,732,369,802,457,70,88,7
2015_01559.jpg,350,334,426,493,76,159,2
2015_01559.jpg,677,374,735,452,58,78,7
2015_01560.jpg,131,47,470,420,339,373,10
2015_01560.jpg,164,167,225,334,61,167,2
2015_01561.jpg,255,73,586,1022,331,949,2
2015_01562.jpg,26,7,159,212,133,205,10
2015_01562.jpg,121,9,362,525,241,516,2
2015_01563.jpg,204,21,385,577,181,556,2
2015_01564.jpg,244,43,364,391,120,348,2
2015_01565.jpg,471,6,552,320,81,314,2
2015_01565.jpg,12,265,638,426,626,161,11
2015_01565.jpg,10,45,232,365,222,320,10
2015_01565.jpg,168,67,332,311,164,244,10
2015_01565.jpg,356,4,476,341,120,337,2
2015_01566.jpg,392,38,584,498,192,460,2
2015_01566.jpg,253,143,374,469,121,326,2
2015_01566.jpg,167,328,284,495,117,167,7
2015_01567.jpg,733,11,953,667,220,656,2
2015_01568.jpg,113,64,250,372,137,308,2
2015_01568.jpg,216,205,289,376,73,171,7
2015_01568.jpg,292,206,365,381,73,175,7
2015_01568.jpg,10,330,553,423,543,93,11
2015_01569.jpg,374,52,450,268,76,216,2
2015_01570.jpg,9,164,211,760,202,596,2
2015_01571.jpg,420,50,562,433,142,383,2
2015_01572.jpg,219,287,357,402,138,115,10
2015_01572.jpg,519,6,636,472,117,466,2
2015_01572.jpg,8,208,128,391,120,183,10
2015_01572.jpg,129,192,248,288,119,96,10
2015_01572.jpg,70,305,239,420,169,115,10
2015_01572.jpg,383,36,522,472,139,436,2
2015_01572.jpg,172,390,516,477,344,87,11
2015_01572.jpg,254,207,301,278,47,71,10
2015_01572.jpg,313,195,378,268,65,73,10
2015_01573.jpg,242,206,300,303,58,97,7
2015_01573.jpg,13,5,187,295,174,290,10
2015_01573.jpg,12,72,106,330,94,258,2
2015_01573.jpg,5,266,467,637,462,371,11
2015_01573.jpg,310,93,473,436,163,343,7
2015_01573.jpg,156,155,220,279,64,124,10
2015_01573.jpg,217,163,285,234,68,71,10
2015_01573.jpg,293,180,322,218,29,38,10
2015_01573.jpg,147,114,177,149,30,35,10
2015_01574.jpg,317,265,364,402,47,137,2
2015_01574.jpg,38,323,95,436,57,113,2
2015_01574.jpg,469,134,518,235,49,101,2
2015_01574.jpg,293,133,346,260,53,127,2
2015_01574.jpg,224,149,253,221,29,72,2
2015_01574.jpg,369,137,412,238,43,101,2
2015_01574.jpg,415,96,460,246,45,150,2
2015_01574.jpg,57,148,96,228,39,80,2
2015_01574.jpg,578,133,641,241,63,108,2
2015_01574.jpg,143,157,195,240,52,83,2
2015_01574.jpg,449,269,638,386,189,117,2
2015_01575.jpg,102,258,233,622,131,364,2
2015_01576.jpg,346,46,628,394,282,348,7
2015_01576.jpg,234,4,341,328,107,324,2
2015_01577.jpg,150,45,254,419,104,374,2
2015_01577.jpg,311,106,396,415,85,309,2
2015_01578.jpg,888,419,984,644,96,225,2
2015_01578.jpg,611,568,1019,758,408,190,11
2015_01578.jpg,47,450,668,764,621,314,6
2015_01579.jpg,145,234,326,663,181,429,2
2015_01579.jpg,38,268,172,667,134,399,2
2015_01580.jpg,220,117,310,355,90,238,2
2015_01581.jpg,13,9,226,475,213,466,2
2015_01581.jpg,296,6,628,465,332,459,7
2015_01582.jpg,407,379,628,1005,221,626,2
2015_01582.jpg,134,360,306,975,172,615,2
2015_01582.jpg,10,296,214,938,204,642,2
2015_01583.jpg,519,184,569,312,50,128,10
2015_01583.jpg,323,297,366,408,43,111,2
2015_01583.jpg,387,114,637,299,250,185,3
2015_01583.jpg,105,185,200,327,95,142,10
2015_01583.jpg,188,114,424,402,236,288,10
2015_01584.jpg,348,140,794,578,446,438,10
2015_01584.jpg,153,308,245,639,92,331,2
2015_01584.jpg,227,293,329,636,102,343,2
2015_01584.jpg,342,513,395,613,53,100,7
2015_01584.jpg,376,314,485,644,109,330,2
2015_01584.jpg,554,322,649,620,95,298,2
2015_01585.jpg,437,37,548,396,111,359,2
2015_01585.jpg,309,49,407,383,98,334,2
2015_01586.jpg,156,216,442,758,286,542,2
2015_01587.jpg,296,118,567,305,271,187,2
2015_01588.jpg,140,123,252,397,112,274,2
2015_01589.jpg,106,203,437,943,331,740,2
2015_01590.jpg,367,390,555,492,188,102,2
2015_01591.jpg,12,112,271,974,259,862,2
2015_01592.jpg,612,382,750,836,138,454,2
2015_01593.jpg,263,246,342,426,79,180,2
2015_01594.jpg,91,257,225,544,134,287,7
2015_01594.jpg,210,79,344,552,134,473,2
2015_01595.jpg,592,428,725,797,133,369,2
2015_01596.jpg,675,123,859,624,184,501,2
2015_01597.jpg,298,29,414,436,116,407,2
2015_01598.jpg,338,7,479,406,141,399,2
2015_01598.jpg,51,70,196,475,145,405,2
2015_01599.jpg,33,8,343,469,310,461,7
2015_01599.jpg,360,4,557,473,197,469,2
2015_01600.jpg,161,50,363,600,202,550,2
2015_01601.jpg,386,130,455,291,69,161,2
2015_01602.jpg,283,231,399,554,116,323,7
2015_01602.jpg,23,266,135,488,112,222,7
2015_01602.jpg,158,143,287,524,129,381,2
2015_01603.jpg,349,149,507,444,158,295,7
2015_01603.jpg,169,133,316,418,147,285,7
2015_01603.jpg,293,6,419,313,126,307,2
2015_01604.jpg,630,11,780,464,150,453,2
2015_01604.jpg,12,328,1013,669,1001,341,11
2015_01604.jpg,76,262,191,482,115,220,7
2015_01605.jpg,326,181,592,475,266,294,10
2015_01605.jpg,14,254,173,472,159,218,10
2015_01605.jpg,141,282,237,467,96,185,10
2015_01605.jpg,296,204,380,399,84,195,10
2015_01605.jpg,131,361,172,456,41,95,2
2015_01606.jpg,6,5,168,368,162,363,7
2015_01606.jpg,436,3,588,326,152,323,7
2015_01606.jpg,358,73,435,271,77,198,2
2015_01606.jpg,134,173,219,280,85,107,7
2015_01606.jpg,148,42,308,240,160,198,10
2015_01607.jpg,323,13,432,419,109,406,2
2015_01608.jpg,377,43,477,476,100,433,10
2015_01608.jpg,161,257,230,418,69,161,2
2015_01608.jpg,8,251,411,624,403,373,10
2015_01609.jpg,313,92,505,659,192,567,2
2015_01610.jpg,322,195,344,240,22,45,2
2015_01610.jpg,329,111,421,231,92,120,6
2015_01610.jpg,339,57,490,239,151,182,10
2015_01611.jpg,485,2,513,68,28,66,2
2015_01611.jpg,389,372,463,658,74,286,2
2015_01611.jpg,12,252,403,571,391,319,0
2015_01611.jpg,318,429,405,672,87,243,7
2015_01611.jpg,440,420,528,632,88,212,7
2015_01612.jpg,79,7,230,527,151,520,2
2015_01612.jpg,353,249,434,381,81,132,7
2015_01612.jpg,409,278,588,507,179,229,7
2015_01612.jpg,254,88,351,414,97,326,2
2015_01612.jpg,449,18,594,314,145,296,10
2015_01613.jpg,235,118,393,425,158,307,2
2015_01613.jpg,83,3,225,401,142,398,2
2015_01614.jpg,184,219,285,340,101,121,2
2015_01614.jpg,114,174,182,319,68,145,2
2015_01615.jpg,122,6,401,720,279,714,2
2015_01616.jpg,166,60,335,405,169,345,2
2015_01617.jpg,557,214,624,402,67,188,2
2015_01617.jpg,471,223,550,421,79,198,2
2015_01617.jpg,334,196,411,420,77,224,2
2015_01617.jpg,2,316,55,382,53,66,7
2015_01617.jpg,16,130,206,400,190,270,10
2015_01617.jpg,161,271,243,408,82,137,7
2015_01617.jpg,61,265,136,380,75,115,7
2015_01618.jpg,31,12,218,602,187,590,2
2015_01618.jpg,257,107,477,631,220,524,7
2015_01619.jpg,325,100,342,145,17,45,2
2015_01619.jpg,89,23,209,215,120,192,10
2015_01619.jpg,288,102,308,144,20,42,7
2015_01619.jpg,134,127,391,214,257,87,11
2015_01619.jpg,165,35,235,138,70,103,10
2015_01619.jpg,260,103,274,151,14,48,2
2015_01619.jpg,264,51,328,133,64,82,10
2015_01620.jpg,570,13,639,264,69,251,7
2015_01620.jpg,157,47,301,475,144,428,2
2015_01620.jpg,48,37,191,205,143,168,6
2015_01620.jpg,3,49,61,202,58,153,6
2015_01620.jpg,292,19,483,474,191,455,7
2015_01620.jpg,4,150,636,475,632,325,11
2015_01621.jpg,1102,489,1499,903,397,414,7
2015_01621.jpg,799,75,1108,1031,309,956,2
2015_01622.jpg,1127,347,1305,899,178,552,2
2015_01623.jpg,77,111,225,520,148,409,2
2015_01624.jpg,268,383,418,575,150,192,7
2015_01624.jpg,69,71,320,596,251,525,2
2015_01625.jpg,381,52,473,306,92,254,2
2015_01625.jpg,317,107,378,311,61,204,2
2015_01625.jpg,204,161,263,312,59,151,2
2015_01626.jpg,256,256,306,427,50,171,2
2015_01626.jpg,298,266,357,435,59,169,2
2015_01626.jpg,106,395,168,521,62,126,7
2015_01626.jpg,30,320,87,389,57,69,7
2015_01626.jpg,24,375,101,529,77,154,7
2015_01626.jpg,9,266,40,418,31,152,2
2015_01626.jpg,397,252,424,415,27,163,2
2015_01626.jpg,195,389,259,515,64,126,7
2015_01626.jpg,279,172,402,301,123,129,10
2015_01626.jpg,95,319,166,467,71,148,2
2015_01626.jpg,151,270,210,447,59,177,2
2015_01626.jpg,350,290,399,421,49,131,2
2015_01627.jpg,218,73,283,168,65,95,10
2015_01627.jpg,72,212,451,337,379,125,11
2015_01627.jpg,327,153,358,239,31,86,2
2015_01627.jpg,367,190,396,238,29,48,7
2015_01628.jpg,113,229,236,621,123,392,2
2015_01628.jpg,329,247,445,594,116,347,2
2015_01628.jpg,232,204,335,573,103,369,2
2015_01629.jpg,402,375,432,443,30,68,7
2015_01629.jpg,523,216,583,276,60,60,10
2015_01629.jpg,374,254,451,361,77,107,10
2015_01629.jpg,6,150,217,473,211,323,10
2015_01629.jpg,198,186,273,391,75,205,10
2015_01629.jpg,414,172,458,283,44,111,10
2015_01629.jpg,438,236,547,323,109,87,10
2015_01629.jpg,453,278,527,394,74,116,10
2015_01629.jpg,586,237,636,351,50,114,10
2015_01629.jpg,362,167,401,321,39,154,10
2015_01629.jpg,139,190,227,430,88,240,10
2015_01629.jpg,368,377,516,477,148,100,11
2015_01629.jpg,429,350,466,452,37,102,2
2015_01629.jpg,505,356,533,428,28,72,2
2015_01629.jpg,232,206,266,251,34,45,10
2015_01629.jpg,322,225,355,267,33,42,10
2015_01629.jpg,280,217,323,286,43,69,10
2015_01629.jpg,259,255,427,471,168,216,10
2015_01630.jpg,12,630,587,792,575,162,11
2015_01630.jpg,94,477,195,753,101,276,2
2015_01630.jpg,56,242,414,669,358,427,10
2015_01630.jpg,434,479,526,764,92,285,2
2015_01631.jpg,187,72,355,616,168,544,2
2015_01631.jpg,543,54,768,720,225,666,2
2015_01631.jpg,370,350,510,720,140,370,2
2015_01632.jpg,315,61,731,1053,416,992,2
2015_01633.jpg,169,139,290,507,121,368,2
2015_01634.jpg,236,7,416,505,180,498,2
2015_01635.jpg,275,263,369,408,94,145,7
2015_01635.jpg,317,4,638,423,321,419,10
2015_01635.jpg,127,18,426,413,299,395,10
2015_01635.jpg,30,141,135,422,105,281,2
2015_01636.jpg,130,66,388,603,258,537,2
2015_01637.jpg,55,373,161,618,106,245,2
2015_01638.jpg,339,138,369,220,30,82,2
2015_01638.jpg,263,32,504,337,241,305,10
2015_01638.jpg,296,200,504,335,208,135,6
2015_01639.jpg,264,171,343,357,79,186,2
2015_01639.jpg,87,117,182,326,95,209,2
2015_01639.jpg,603,149,693,330,90,181,2
2015_01639.jpg,191,119,242,237,51,118,2
2015_01639.jpg,17,310,795,474,778,164,11
2015_01639.jpg,54,261,223,438,169,177,2
2015_01639.jpg,193,171,269,371,76,200,2
2015_01639.jpg,504,199,640,328,136,129,2
2015_01640.jpg,15,73,605,418,590,345,11
2015_01640.jpg,542,3,637,138,95,135,10
2015_01640.jpg,453,3,475,69,22,66,2
2015_01640.jpg,473,49,504,112,31,63,7
2015_01640.jpg,288,4,339,175,51,171,2
2015_01640.jpg,251,134,306,191,55,57,7
2015_01640.jpg,317,127,384,176,67,49,7
2015_01640.jpg,346,76,395,161,49,85,7
2015_01640.jpg,208,89,262,182,54,93,7
2015_01640.jpg,424,38,453,76,29,38,7
2015_01640.jpg,2,9,212,225,210,216,10
2015_01640.jpg,406,48,443,107,37,59,7
2015_01640.jpg,177,3,271,114,94,111,10
2015_01640.jpg,508,64,549,95,41,31,7
2015_01640.jpg,272,3,410,108,138,105,10
2015_01641.jpg,118,136,167,281,49,145,2
2015_01641.jpg,327,400,401,482,74,82,2
2015_01641.jpg,71,158,124,287,53,129,2
2015_01642.jpg,582,262,637,388,55,126,10
2015_01642.jpg,245,249,308,352,63,103,10
2015_01642.jpg,269,250,376,403,107,153,10
2015_01642.jpg,418,235,504,317,86,82,10
2015_01642.jpg,389,228,430,295,41,67,10
2015_01642.jpg,523,251,586,351,63,100,10
2015_01642.jpg,459,279,578,473,119,194,10
2015_01642.jpg,175,263,524,438,349,175,11
2015_01642.jpg,298,226,334,263,36,37,10
2015_01642.jpg,288,323,428,472,140,149,6
2015_01642.jpg,201,295,248,463,47,168,6
2015_01642.jpg,139,284,216,432,77,148,6
2015_01642.jpg,111,265,144,364,33,99,6
2015_01642.jpg,183,225,227,292,44,67,10
2015_01642.jpg,131,229,187,324,56,95,10
2015_01642.jpg,402,296,418,318,16,22,7
2015_01642.jpg,408,316,425,344,17,28,7
2015_01642.jpg,242,305,313,471,71,166,6
2015_01642.jpg,111,178,178,264,67,86,10
2015_01642.jpg,468,290,494,350,26,60,2
2015_01642.jpg,61,199,106,367,45,168,10
2015_01642.jpg,251,218,292,273,41,55,10
2015_01642.jpg,345,226,400,290,55,64,10
2015_01642.jpg,474,375,634,478,160,103,6
2015_01642.jpg,358,270,376,322,18,52,2
2015_01642.jpg,205,219,235,275,30,56,10
2015_01643.jpg,364,324,481,472,117,148,10
2015_01643.jpg,340,225,438,374,98,149,10
2015_01643.jpg,289,233,359,351,70,118,10
2015_01643.jpg,254,347,327,402,73,55,11
2015_01643.jpg,442,297,578,428,136,131,10
2015_01643.jpg,520,303,639,475,119,172,10
2015_01643.jpg,12,263,308,385,296,122,6
2015_01643.jpg,274,307,301,369,27,62,2
2015_01644.jpg,533,386,566,479,33,93,2
2015_01644.jpg,461,396,507,479,46,83,2
2015_01644.jpg,575,406,613,481,38,75,2
2015_01644.jpg,208,146,429,453,221,307,10
2015_01644.jpg,8,10,480,471,472,461,10
2015_01645.jpg,27,117,633,394,606,277,11
2015_01645.jpg,351,62,422,228,71,166,7
2015_01645.jpg,405,4,465,174,60,170,2
2015_01646.jpg,7,393,112,474,105,81,11
2015_01646.jpg,245,231,267,307,22,76,2
2015_01646.jpg,90,136,252,472,162,336,10
2015_01646.jpg,7,370,41,423,34,53,7
2015_01647.jpg,472,248,624,419,152,171,6
2015_01647.jpg,355,197,446,274,91,77,10
2015_01647.jpg,188,195,268,271,80,76,10
2015_01647.jpg,292,256,499,422,207,166,6
2015_01647.jpg,180,219,204,294,24,75,2
2015_01647.jpg,216,254,234,300,18,46,7
2015_01647.jpg,400,248,417,268,17,20,7
2015_01647.jpg,81,177,249,418,168,241,10
2015_01647.jpg,16,249,240,419,224,170,6
2015_01647.jpg,180,259,461,421,281,162,11
2015_01647.jpg,440,164,575,413,135,249,10
2015_01647.jpg,4,326,53,420,49,94,6
2015_01647.jpg,265,186,351,399,86,213,10
2015_01648.jpg,380,73,624,893,244,820,2
2015_01649.jpg,272,259,350,467,78,208,2
2015_01649.jpg,116,220,172,283,56,63,10
2015_01649.jpg,189,250,245,423,56,173,2
2015_01649.jpg,161,204,255,314,94,110,10
2015_01649.jpg,342,373,397,475,55,102,7
2015_01649.jpg,240,220,366,350,126,130,10
2015_01649.jpg,279,186,467,369,188,183,10
2015_01649.jpg,277,372,350,522,73,150,7
2015_01649.jpg,393,347,436,416,43,69,7
2015_01649.jpg,219,160,294,243,75,83,10
2015_01649.jpg,10,7,349,631,339,624,10
2015_01649.jpg,94,298,478,637,384,339,11
2015_01649.jpg,416,440,478,610,62,170,7
2015_01650.jpg,49,260,116,455,67,195,2
2015_01650.jpg,1,366,346,557,345,191,11
2015_01650.jpg,144,119,205,170,61,51,10
2015_01650.jpg,200,117,267,210,67,93,10
2015_01650.jpg,59,353,139,446,80,93,7
2015_01651.jpg,8,283,636,478,628,195,11
2015_01651.jpg,8,159,205,313,197,154,11
2015_01651.jpg,78,26,155,140,77,114,10
2015_01651.jpg,4,13,82,165,78,152,10
2015_01651.jpg,466,13,572,273,106,260,10
2015_01651.jpg,120,108,148,160,28,52,7
2015_01651.jpg,305,195,399,390,94,195,7
2015_01651.jpg,47,72,97,201,50,129,2
2015_01651.jpg,212,64,308,394,96,330,2
2015_01651.jpg,14,140,62,220,48,80,7
2015_01652.jpg,457,153,634,425,177,272,6
2015_01652.jpg,67,241,418,466,351,225,11
2015_01652.jpg,460,345,500,474,40,129,2
2015_01653.jpg,9,400,535,479,526,79,11
2015_01653.jpg,416,328,461,450,45,122,2
2015_01654.jpg,50,13,215,447,165,434,10
2015_01654.jpg,290,156,351,322,61,166,10
2015_01654.jpg,374,308,414,440,40,132,2
2015_01654.jpg,293,235,312,279,19,44,7
2015_01654.jpg,216,117,312,334,96,217,10
2015_01654.jpg,437,183,529,405,92,222,10
2015_01654.jpg,323,288,361,444,38,156,2
2015_01654.jpg,267,295,325,502,58,207,2
2015_01654.jpg,189,325,266,546,77,221,2
2015_01654.jpg,353,267,386,365,33,98,2
2015_01654.jpg,378,273,410,345,32,72,2
2015_01654.jpg,387,187,426,275,39,88,10
2015_01654.jpg,432,289,453,332,21,43,7
2015_01654.jpg,409,250,455,304,46,54,2
2015_01654.jpg,352,407,398,515,46,108,7
2015_01654.jpg,322,269,488,336,166,67,11
2015_01654.jpg,57,327,485,532,428,205,11
2015_01654.jpg,521,290,568,492,47,202,10
2015_01654.jpg,499,139,592,456,93,317,10
2015_01654.jpg,394,385,433,489,39,104,7
2015_01654.jpg,324,171,388,271,64,100,10
2015_01655.jpg,9,66,106,344,97,278,2
2015_01655.jpg,312,45,410,317,98,272,2
2015_01656.jpg,51,74,139,126,88,52,2
2015_01656.jpg,406,188,465,351,59,163,2
2015_01656.jpg,288,172,354,372,66,200,2
2015_01656.jpg,203,150,273,371,70,221,2
2015_01657.jpg,11,263,94,468,83,205,11
2015_01657.jpg,311,203,429,344,118,141,6
2015_01657.jpg,212,251,339,419,127,168,11
2015_01657.jpg,5,191,262,457,257,266,6
2015_01657.jpg,521,396,557,480,36,84,2
2015_01658.jpg,350,347,391,434,41,87,2
2015_01658.jpg,487,136,600,384,113,248,10
2015_01659.jpg,1278,798,1367,1019,89,221,2
2015_01659.jpg,1654,307,1893,437,239,130,0
2015_01659.jpg,293,350,364,516,71,166,2
2015_01659.jpg,1007,307,1349,1215,342,908,10
2015_01659.jpg,999,255,1129,538,130,283,10
2015_01659.jpg,910,266,1002,551,92,285,10
2015_01659.jpg,554,247,608,464,54,217,10
2015_01659.jpg,640,204,863,813,223,609,10
2015_01659.jpg,461,244,556,486,95,242,10
2015_01659.jpg,1877,179,2130,967,253,788,10
2015_01659.jpg,282,217,399,489,117,272,10
2015_01659.jpg,7,174,173,1057,166,883,10
2015_01659.jpg,2446,1368,2555,1667,109,299,2
2015_01659.jpg,1097,266,1181,475,84,209,10
2015_01659.jpg,1306,266,1374,470,68,204,10
2015_01659.jpg,53,185,395,1011,342,826,10
2015_01659.jpg,2059,166,2225,685,166,519,10
2015_01659.jpg,1263,649,1736,1331,473,682,10
2015_01659.jpg,2157,109,2486,913,329,804,10
2015_01659.jpg,1505,201,1638,614,133,413,10
2015_01659.jpg,1374,217,1521,742,147,525,10
2015_01659.jpg,385,239,475,486,90,247,10
2015_01659.jpg,2256,1445,2359,1664,103,219,2
2015_01659.jpg,148,868,251,1113,103,245,2
2015_01659.jpg,156,1022,243,1208,87,186,2
2015_01659.jpg,156,1202,233,1384,77,182,2
2015_01659.jpg,141,1352,254,1627,113,275,2
2015_01659.jpg,1792,1026,1875,1273,83,247,2
2015_01659.jpg,1786,1237,1881,1460,95,223,2
2015_01659.jpg,1183,976,1276,1184,93,208,2
2015_01659.jpg,2082,1055,2169,1282,87,227,2
2015_01659.jpg,2070,1257,2167,1488,97,231,2
2015_01659.jpg,2053,1447,2162,1663,109,216,2
2015_01659.jpg,819,1419,926,1678,107,259,2
2015_01659.jpg,809,1206,910,1441,101,235,2
2015_01659.jpg,811,1002,900,1247,89,245,2
2015_01659.jpg,1017,1374,1108,1597,91,223,2
2015_01659.jpg,1013,1158,1102,1409,89,251,2
2015_01659.jpg,1013,962,1100,1185,87,223,2
2015_01659.jpg,1187,1332,1274,1534,87,202,2
2015_01659.jpg,578,1330,683,1563,105,233,2
2015_01659.jpg,1179,1168,1282,1366,103,198,2
2015_01659.jpg,317,1518,428,1747,111,229,2
2015_01659.jpg,1283,990,1366,1158,83,168,2
2015_01659.jpg,1780,1435,1863,1621,83,186,2
2015_01659.jpg,1281,1119,1368,1297,87,178,2
2015_01659.jpg,1380,877,1457,1085,77,208,2
2015_01659.jpg,317,1314,398,1551,81,237,2
2015_01659.jpg,568,1154,685,1366,117,212,2
2015_01659.jpg,1378,1046,1459,1238,81,192,2
2015_01659.jpg,2276,1267,2377,1485,101,218,2
2015_01659.jpg,303,1101,398,1354,95,253,2
2015_01659.jpg,591,1522,694,1753,103,231,2
2015_01659.jpg,2294,1065,2399,1292,105,227,2
2015_01659.jpg,493,1208,580,1416,87,208,2
2015_01659.jpg,475,909,556,1083,81,174,2
2015_01659.jpg,477,1059,558,1239,81,180,2
2015_01659.jpg,1376,1196,1443,1394,67,198,2
2015_01660.jpg,235,114,270,143,35,29,4
2015_01660.jpg,305,115,349,146,44,31,4
2015_01660.jpg,356,117,392,146,36,29,4
2015_01660.jpg,583,236,639,398,56,162,2
2015_01661.jpg,455,213,525,316,70,103,10
2015_01661.jpg,378,403,489,476,111,73,2
2015_01661.jpg,542,270,560,322,18,52,7
2015_01661.jpg,572,264,590,310,18,46,7
2015_01661.jpg,15,267,628,479,613,212,11
2015_01661.jpg,197,202,226,231,29,29,2
2015_01661.jpg,86,53,270,431,184,378,10
2015_01661.jpg,586,241,610,302,24,61,2
2015_01661.jpg,71,379,129,476,58,97,7
2015_01661.jpg,408,293,438,341,30,48,7
2015_01661.jpg,214,217,270,286,56,69,10
2015_01661.jpg,233,217,384,390,151,173,10
2015_01661.jpg,306,331,346,434,40,103,7
2015_01661.jpg,522,216,587,299,65,83,10
2015_01661.jpg,504,280,530,321,26,41,7
2015_01661.jpg,352,302,383,379,31,77,7
2015_01661.jpg,335,223,462,359,127,136,10
2015_01662.jpg,406,240,440,324,34,84,2
2015_01662.jpg,448,393,466,446,18,53,2
2015_01662.jpg,375,479,443,590,68,111,7
2015_01662.jpg,15,36,428,623,413,587,10
2015_01662.jpg,346,212,366,290,20,78,2
2015_01663.jpg,151,6,337,437,186,431,2
2015_01663.jpg,3,91,57,248,54,157,7
2015_01663.jpg,56,94,118,252,62,158,7
2015_01664.jpg,171,159,331,325,160,166,10
2015_01664.jpg,480,114,612,473,132,359,10
2015_01664.jpg,307,167,361,253,54,86,10
2015_01664.jpg,55,237,102,371,47,134,2
2015_01664.jpg,95,226,137,356,42,130,2
2015_01664.jpg,16,296,295,471,279,175,11
2015_01664.jpg,470,197,509,271,39,74,10
2015_01664.jpg,184,269,216,366,32,97,7
2015_01664.jpg,212,110,489,469,277,359,10
2015_01664.jpg,582,288,638,474,56,186,6
2015_01664.jpg,206,252,239,332,33,80,7
2015_01664.jpg,3,156,49,282,46,126,10
2015_01664.jpg,148,199,183,251,35,52,10
2015_01664.jpg,136,242,161,327,25,85,2
2015_01664.jpg,61,197,147,285,86,88,10
2015_01664.jpg,152,269,195,370,43,101,7
2015_01665.jpg,4,258,262,453,258,195,11
2015_01665.jpg,231,59,412,555,181,496,10
2015_01665.jpg,551,216,582,299,31,83,2
2015_01666.jpg,25,58,88,219,63,161,2
2015_01666.jpg,83,5,169,209,86,204,2
2015_01667.jpg,2,185,498,374,496,189,11
2015_01667.jpg,339,43,498,265,159,222,10
2015_01667.jpg,292,90,381,225,89,135,10
2015_01667.jpg,373,212,416,251,43,39,7
2015_01667.jpg,287,197,302,216,15,19,7
2015_01667.jpg,370,84,396,105,26,21,7
2015_01667.jpg,66,230,129,317,63,87,7
2015_01667.jpg,185,130,232,212,47,82,10
2015_01667.jpg,149,212,181,254,32,42,7
2015_01667.jpg,313,206,335,237,22,31,7
2015_01667.jpg,297,138,318,166,21,28,7
2015_01667.jpg,301,136,365,210,64,74,10
2015_01667.jpg,79,100,203,253,124,153,10
2015_01667.jpg,271,162,304,206,33,44,10
2015_01667.jpg,225,113,263,242,38,129,2
2015_01667.jpg,157,154,219,231,62,77,10
2015_01667.jpg,197,205,219,231,22,26,7
2015_01668.jpg,112,176,172,389,60,213,2
2015_01668.jpg,12,343,392,467,380,124,11
2015_01668.jpg,349,91,626,477,277,386,10
2015_01669.jpg,105,195,125,234,20,39,2
2015_01669.jpg,403,223,637,472,234,249,6
2015_01669.jpg,22,329,49,371,27,42,7
2015_01669.jpg,41,204,136,324,95,120,11
2015_01669.jpg,374,151,600,396,226,245,10
2015_01669.jpg,5,312,271,474,266,162,11
2015_01669.jpg,105,128,297,348,192,220,10
2015_01669.jpg,342,246,637,457,295,211,10
2015_01669.jpg,118,147,581,355,463,208,6
2015_01669.jpg,93,271,135,363,42,92,2
2015_01670.jpg,368,50,450,255,82,205,2
2015_01670.jpg,280,8,337,128,57,120,2
2015_01671.jpg,94,121,194,265,100,144,10
2015_01671.jpg,4,82,149,314,145,232,10
2015_01671.jpg,246,224,273,297,27,73,2
2015_01671.jpg,276,69,637,420,361,351,10
2015_01671.jpg,131,245,176,346,45,101,7
2015_01671.jpg,153,226,181,323,28,97,2
2015_01671.jpg,183,226,209,307,26,81,2
2015_01671.jpg,169,145,256,254,87,109,10
2015_01671.jpg,186,249,229,348,43,99,7
2015_01671.jpg,4,233,331,421,327,188,11
2015_01671.jpg,240,171,308,254,68,83,10
2015_01672.jpg,205,225,259,396,54,171,2
2015_01672.jpg,54,299,377,474,323,175,11
2015_01673.jpg,24,338,385,446,361,108,11
2015_01673.jpg,485,162,557,379,72,217,10
2015_01673.jpg,90,165,150,259,60,94,10
2015_01673.jpg,148,310,184,404,36,94,2
2015_01674.jpg,389,87,411,134,22,47,2
2015_01674.jpg,263,15,293,107,30,92,2
2015_01674.jpg,288,44,308,114,20,70,2
2015_01674.jpg,347,223,375,252,28,29,7
2015_01674.jpg,80,3,105,64,25,61,2
2015_01674.jpg,126,18,149,75,23,57,2
2015_01674.jpg,414,91,434,135,20,44,2
2015_01674.jpg,149,3,168,65,19,62,2
2015_01674.jpg,165,5,193,70,28,65,2
2015_01674.jpg,251,140,278,203,27,63,2
2015_01674.jpg,229,18,259,105,30,87,2
2015_01674.jpg,294,135,320,195,26,60,2
2015_01674.jpg,41,4,75,63,34,59,2
2015_01674.jpg,324,258,379,302,55,44,7
2015_01674.jpg,27,115,74,195,47,80,2
2015_01674.jpg,357,85,375,127,18,42,2
2015_01674.jpg,346,406,425,578,79,172,7
2015_01674.jpg,31,133,291,555,260,422,10
2015_01674.jpg,311,65,331,116,20,51,2
2015_01674.jpg,332,69,354,123,22,54,2
2015_01674.jpg,297,222,341,255,44,33,7
2015_01674.jpg,205,38,229,91,24,53,2
2015_01674.jpg,460,208,480,259,20,51,2
2015_01674.jpg,395,272,414,328,19,56,2
2015_01674.jpg,442,370,477,460,35,90,2
2015_01674.jpg,216,363,264,472,48,109,2
2015_01674.jpg,38,196,115,269,77,73,2
2015_01675.jpg,24,241,61,332,37,91,2
2015_01675.jpg,331,236,412,485,81,249,10
2015_01675.jpg,404,226,476,334,72,108,10
2015_01675.jpg,31,75,364,636,333,561,10
2015_01676.jpg,168,243,227,330,59,87,7
2015_01676.jpg,451,101,465,145,14,44,2
2015_01676.jpg,324,188,423,308,99,120,7
2015_01676.jpg,11,209,42,244,31,35,2
2015_01676.jpg,6,61,258,370,252,309,10
2015_01676.jpg,150,49,178,89,28,40,7
2015_01676.jpg,429,147,466,191,37,44,2
2015_01676.jpg,264,68,499,373,235,305,10
2015_01676.jpg,472,113,498,149,26,36,2
2015_01676.jpg,177,149,221,204,44,55,2
2015_01676.jpg,238,206,320,250,82,44,2
2015_01676.jpg,366,47,409,78,43,31,2
2015_01676.jpg,223,151,351,191,128,40,2
2015_01676.jpg,9,145,47,204,38,59,2
2015_01676.jpg,11,88,52,139,41,51,2
2015_01676.jpg,172,98,216,146,44,48,2
2015_01676.jpg,197,40,216,88,19,48,2
2015_01676.jpg,226,96,283,142,57,46,2
2015_01676.jpg,181,38,200,87,19,49,2
2015_01676.jpg,242,39,267,87,25,48,2
2015_01676.jpg,290,101,356,144,66,43,2
2015_01677.jpg,127,275,345,477,218,202,6
2015_01677.jpg,343,283,370,341,27,58,2
2015_01677.jpg,133,270,581,475,448,205,11
2015_01678.jpg,59,176,116,277,57,101,10
2015_01678.jpg,358,270,401,396,43,126,7
2015_01678.jpg,5,316,68,603,63,287,7
2015_01678.jpg,5,60,148,371,143,311,10
2015_01678.jpg,72,282,149,458,77,176,7
2015_01678.jpg,132,241,155,271,23,30,7
2015_01678.jpg,51,306,149,555,98,249,7
2015_01678.jpg,5,336,477,636,472,300,11
2015_01678.jpg,298,205,372,464,74,259,2
2015_01679.jpg,3,187,42,247,39,60,2
2015_01679.jpg,317,278,403,341,86,63,7
2015_01679.jpg,413,158,639,416,226,258,10
2015_01679.jpg,53,176,235,250,182,74,2
2015_01679.jpg,52,80,238,170,186,90,2
2015_01679.jpg,152,262,215,342,63,80,2
2015_01679.jpg,4,260,39,323,35,63,2
2015_01679.jpg,3,76,40,157,37,81,2
2015_01679.jpg,246,139,456,179,210,40,2
2015_01679.jpg,260,87,453,140,193,53,2
2015_01680.jpg,133,265,597,425,464,160,11
2015_01680.jpg,497,319,538,377,41,58,7
2015_01680.jpg,538,266,582,381,44,115,2
2015_01680.jpg,277,105,481,338,204,233,10
2015_01680.jpg,379,246,411,333,32,87,2
2015_01680.jpg,180,226,219,307,39,81,2
2015_01680.jpg,268,154,637,424,369,270,6
2015_01680.jpg,4,155,250,379,246,224,6
2015_01680.jpg,99,110,258,406,159,296,10
2015_01681.jpg,322,202,353,240,31,38,7
2015_01681.jpg,283,187,315,246,32,59,2
2015_01681.jpg,21,171,57,284,36,113,2
2015_01681.jpg,93,66,199,237,106,171,10
2015_01682.jpg,324,40,541,327,217,287,10
2015_01682.jpg,271,138,315,240,44,102,2
2015_01682.jpg,339,174,390,241,51,67,7
2015_01682.jpg,526,4,599,57,73,53,10
2015_01682.jpg,239,2,331,137,92,135,10
2015_01682.jpg,452,47,635,417,183,370,10
2015_01682.jpg,423,5,514,124,91,119,10
2015_01682.jpg,2,6,73,116,71,110,10
2015_01682.jpg,4,127,84,300,80,173,10
2015_01682.jpg,137,6,216,84,79,78,10
2015_01682.jpg,4,28,271,421,267,393,10
2015_01683.jpg,352,221,389,338,37,117,2
2015_01683.jpg,266,202,290,273,24,71,2
2015_01683.jpg,197,205,233,292,36,87,2
2015_01683.jpg,455,263,479,348,24,85,7
2015_01683.jpg,166,199,194,276,28,77,2
2015_01683.jpg,411,219,457,374,46,155,2
2015_01683.jpg,542,183,556,202,14,19,7
2015_01683.jpg,288,277,309,316,21,39,7
2015_01683.jpg,442,328,477,393,35,65,7
2015_01683.jpg,483,135,603,328,120,193,10
2015_01683.jpg,390,120,502,301,112,181,10
2015_01683.jpg,319,142,392,274,73,132,10
2015_01683.jpg,2,153,30,201,28,48,7
2015_01683.jpg,271,133,344,263,73,130,10
2015_01683.jpg,201,142,276,237,75,95,10
2015_01683.jpg,112,136,200,268,88,132,10
2015_01683.jpg,46,140,144,335,98,195,10
2015_01683.jpg,6,291,340,477,334,186,10
2015_01683.jpg,487,214,602,328,115,114,6
2015_01683.jpg,343,165,363,184,20,19,7
2015_01683.jpg,40,185,55,209,15,24,7
2015_01683.jpg,42,222,80,309,38,87,7
2015_01683.jpg,399,136,420,162,21,26,7
2015_01683.jpg,586,189,614,241,28,52,7
2015_01683.jpg,137,256,621,478,484,222,11
2015_01684.jpg,6,278,227,425,221,147,6
2015_01684.jpg,8,52,276,384,268,332,10
2015_01684.jpg,300,158,329,180,29,22,10
2015_01684.jpg,523,239,560,324,37,85,2
2015_01684.jpg,495,57,575,139,80,82,10
2015_01684.jpg,130,268,635,397,505,129,11
2015_01684.jpg,625,220,637,272,12,52,2
2015_01685.jpg,413,3,638,474,225,471,10
2015_01685.jpg,239,184,263,214,24,30,7
2015_01685.jpg,184,224,382,432,198,208,6
2015_01685.jpg,149,208,381,323,232,115,11
2015_01685.jpg,23,191,160,347,137,156,2
2015_01685.jpg,402,227,460,277,58,50,11
2015_01685.jpg,269,130,356,222,87,92,10
2015_01686.jpg,346,489,477,628,131,139,2
2015_01686.jpg,108,500,276,629,168,129,5
2015_01687.jpg,526,255,591,318,65,63,7
2015_01687.jpg,3,288,212,415,209,127,11
2015_01687.jpg,5,266,219,471,214,205,6
2015_01687.jpg,194,86,490,477,296,391,10
2015_01687.jpg,422,85,521,242,99,157,10
2015_01687.jpg,434,202,487,305,53,103,2
2015_01687.jpg,375,176,397,219,22,43,2
2015_01687.jpg,570,93,639,249,69,156,10
2015_01688.png,63,166,152,402,89,236,2
2015_01688.png,234,100,470,510,236,410,2
2015_01688.png,50,5,678,508,628,503,10
2015_01689.jpg,415,303,444,389,29,86,2
2015_01689.jpg,449,218,493,293,44,75,2
2015_01689.jpg,497,246,628,330,131,84,2
2015_01689.jpg,111,256,145,348,34,92,2
2015_01689.jpg,75,221,117,344,42,123,2
2015_01689.jpg,46,228,85,348,39,120,2
2015_01689.jpg,24,217,47,344,23,127,2
2015_01690.JPG,3640,1474,4231,3222,591,1748,2
2015_01691.JPEG,87,123,133,255,46,132,2
2015_01691.JPEG,140,214,193,247,53,33,7
2015_01691.JPEG,137,192,164,219,27,27,7
2015_01691.JPEG,1,226,500,373,499,147,11
2015_01692.JPEG,50,13,167,328,117,315,10
2015_01692.JPEG,222,201,281,234,59,33,2
2015_01692.JPEG,176,2,487,322,311,320,10
2015_01692.JPEG,192,175,229,274,37,99,2
2015_01692.JPEG,144,173,187,274,43,101,2
2015_01693.JPEG,25,95,138,258,113,163,10
2015_01693.JPEG,334,241,370,325,36,84,7
2015_01693.JPEG,206,242,238,309,32,67,7
2015_01693.JPEG,131,204,157,275,26,71,7
2015_01693.JPEG,46,171,85,258,39,87,2
2015_01693.JPEG,278,62,498,297,220,235,10
2015_01693.JPEG,214,208,242,246,28,38,7
2015_01693.JPEG,18,223,499,372,481,149,11
2015_01694.JPEG,6,66,130,492,124,426,2
2015_01695.JPEG,33,64,133,484,100,420,2
2015_01696.JPEG,33,32,231,486,198,454,7
2015_01696.JPEG,188,16,374,478,186,462,2
2015_01697.JPEG,243,150,309,359,66,209,2
2015_01697.JPEG,404,190,467,365,63,175,2
2015_01697.JPEG,462,215,499,367,37,152,2
2015_01697.JPEG,178,78,253,360,75,282,2
2015_01697.JPEG,112,154,170,358,58,204,2
2015_01697.JPEG,70,141,115,351,45,210,2
2015_01697.JPEG,25,145,73,348,48,203,2
2015_01697.JPEG,307,147,360,364,53,217,2
2015_01698.JPEG,121,14,281,498,160,484,2
2015_01699.JPEG,249,58,367,448,118,390,2
2015_01699.JPEG,154,69,265,449,111,380,2
2015_01699.JPEG,348,35,457,446,109,411,2
2015_01699.JPEG,59,88,185,454,126,366,2
2015_01699.JPEG,2,126,101,452,99,326,2
2015_01700.JPEG,418,120,452,200,34,80,2
2015_01700.JPEG,257,258,376,336,119,78,2
2015_01700.JPEG,301,115,333,205,32,90,2
2015_01700.JPEG,342,122,363,195,21,73,2
2015_01700.JPEG,415,271,434,334,19,63,2
2015_01700.JPEG,389,128,413,199,24,71,2
2015_01700.JPEG,205,187,499,364,294,177,11
2015_01700.JPEG,387,282,409,332,22,50,2
2015_01701.JPEG,167,183,252,482,85,299,2
2015_01702.JPEG,99,300,262,446,163,146,11
2015_01702.JPEG,335,328,496,498,161,170,6
2015_01702.JPEG,204,361,440,491,236,130,11
2015_01702.JPEG,152,300,225,451,73,151,6
2015_01702.JPEG,199,260,228,321,29,61,2
2015_01702.JPEG,54,86,110,214,56,128,2
2015_01703.JPEG,10,189,327,319,317,130,11
2015_01703.JPEG,147,55,304,215,157,160,10
2015_01703.JPEG,67,151,94,236,27,85,2
2015_01703.JPEG,302,137,338,232,36,95,2
2015_01704.JPEG,93,188,115,251,22,63,2
2015_01704.JPEG,142,184,166,256,24,72,2
2015_01704.JPEG,178,218,198,263,20,45,7
2015_01704.JPEG,75,190,92,249,17,59,2
2015_01704.JPEG,56,189,75,250,19,61,2
2015_01704.JPEG,161,221,184,277,23,56,7
2015_01704.JPEG,139,230,164,283,25,53,7
2015_01704.JPEG,113,214,138,276,25,62,7
2015_01704.JPEG,321,180,371,326,50,146,6
2015_01704.JPEG,24,176,232,331,208,155,11
2015_01704.JPEG,201,147,410,245,209,98,6
2015_01704.JPEG,425,169,499,328,74,159,10
2015_01704.JPEG,397,233,459,331,62,98,6
2015_01704.JPEG,227,134,284,197,57,63,10
2015_01704.JPEG,393,130,485,235,92,105,10
2015_01704.JPEG,319,58,387,210,68,152,10
2015_01704.JPEG,265,142,350,248,85,106,10
2015_01704.JPEG,199,183,309,331,110,148,10
2015_01704.JPEG,194,202,215,242,21,40,7
2015_01704.JPEG,147,125,217,191,70,66,10
2015_01704.JPEG,85,126,143,209,58,83,10
2015_01704.JPEG,21,144,106,226,85,82,10
2015_01704.JPEG,43,204,67,263,24,59,7
2015_01704.JPEG,121,37,146,123,25,86,10
2015_01704.JPEG,16,11,83,165,67,154,10
2015_01704.JPEG,1,192,47,331,46,139,10
2015_01704.JPEG,411,40,455,96,44,56,10
2015_01705.JPEG,60,133,176,479,116,346,2
2015_01705.JPEG,241,125,325,349,84,224,2
2015_01706.JPEG,140,267,483,400,343,133,11
2015_01706.JPEG,271,266,304,367,33,101,2
2015_01707.JPEG,270,156,299,193,29,37,7
2015_01707.JPEG,192,153,218,191,26,38,7
2015_01707.JPEG,41,114,399,326,358,212,11
2015_01707.JPEG,273,128,295,157,22,29,7
2015_01707.JPEG,205,187,234,237,29,50,7
2015_01707.JPEG,82,161,115,246,33,85,2
2015_01707.JPEG,119,151,168,244,49,93,2
2015_01707.JPEG,226,114,244,137,18,23,7
2015_01708.JPEG,95,6,168,222,73,216,2
2015_01708.JPEG,374,5,404,82,30,77,6
2015_01708.JPEG,2,119,499,374,497,255,11
2015_01708.JPEG,193,3,253,188,60,185,2
2015_01708.JPEG,408,16,498,162,90,146,6
2015_01708.JPEG,294,7,361,259,67,252,2
2015_01708.JPEG,430,9,500,55,70,46,11
2015_01709.JPEG,104,77,171,277,67,200,2
2015_01709.JPEG,179,79,255,283,76,204,2
2015_01710.JPEG,121,32,258,484,137,452,2
2015_01711.JPEG,207,8,372,171,165,163,10
2015_01711.JPEG,251,96,277,174,26,78,2
2015_01711.JPEG,87,137,128,212,41,75,7
2015_01711.JPEG,108,90,138,147,30,57,7
2015_01711.JPEG,94,31,128,69,34,38,7
2015_01711.JPEG,169,68,227,183,58,115,2
2015_01711.JPEG,196,225,296,438,100,213,2
2015_01711.JPEG,3,50,371,499,368,449,11
2015_01711.JPEG,238,144,267,178,29,34,7
2015_01711.JPEG,282,130,308,173,26,43,7
2015_01712.JPEG,107,190,436,320,329,130,11
2015_01712.JPEG,211,187,260,258,49,71,7
2015_01712.JPEG,141,94,184,229,43,135,2
2015_01712.JPEG,264,124,315,254,51,130,2
2015_01712.JPEG,309,111,363,249,54,138,2
2015_01712.JPEG,121,186,159,235,38,49,7
2015_01713.JPEG,225,74,270,250,45,176,2
2015_01713.JPEG,144,173,497,326,353,153,11
2015_01713.JPEG,434,6,471,59,37,53,2
2015_01713.JPEG,305,108,346,244,41,136,2
2015_01713.JPEG,337,7,375,49,38,42,2
2015_01714.JPEG,150,185,195,275,45,90,2
2015_01714.JPEG,12,142,497,366,485,224,11
2015_01715.jpg,1562,985,1956,1939,394,954,2
2015_01716.jpg,1069,830,2049,1569,980,739,2
2015_01717.JPG,629,1023,961,1756,332,733,2
2015_01717.JPG,1026,859,1374,1605,348,746,2
2015_01717.JPG,2388,826,2761,1610,373,784,2
2015_01718.JPG,1182,425,1507,1509,325,1084,2
2015_01718.JPG,1432,667,1977,1933,545,1266,2
2015_01719.JPG,1218,405,1817,1940,599,1535,2
2015_01720.JPG,1223,607,1664,1870,441,1263,2
2015_01720.JPG,1664,506,2133,1729,469,1223,2
2015_01721.JPG,483,501,843,1315,360,814,2
2015_01721.JPG,1065,839,1757,2503,692,1664,2
2015_01721.JPG,2152,850,2440,1495,288,645,2
2015_01722.JPG,914,863,1496,2621,582,1758,2
2015_01722.JPG,185,620,565,1461,380,841,2
2015_01722.JPG,1945,956,2244,1557,299,601,2
2015_01723.JPG,599,491,938,1312,339,821,2
2015_01723.JPG,382,1451,1552,2019,1170,568,2
2015_01723.JPG,1236,580,1727,2227,491,1647,2
2015_01724.JPG,957,1112,1404,2375,447,1263,2
2015_01725.JPG,298,1269,1068,3188,770,1919,2
2015_01725.JPG,1411,685,2134,2483,723,1798,2
2015_01726.JPG,1576,527,2275,1928,699,1401,2
2015_01726.JPG,914,812,1374,1814,460,1002,2
2015_01727.JPG,42,494,2414,3252,2372,2758,11
2015_01727.JPG,1048,274,1307,950,259,676,2
2015_01727.JPG,1546,762,2198,1928,652,1166,2
2015_01727.JPG,944,997,1294,1921,350,924,2
2015_01728.JPG,842,551,1354,1708,512,1157,2
2015_01728.JPG,1346,715,1800,1885,454,1170,2
2015_01728.JPG,1785,476,2156,1580,371,1104,2
2015_01728.JPG,30,457,2428,2422,2398,1965,11
2015_01729.JPG,830,379,1664,2719,834,2340,2
2015_01730.JPG,1660,331,2020,1875,360,1544,2
2015_01730.JPG,769,432,1263,2472,494,2040,2
2015_01730.JPG,1189,456,1784,2278,595,1822,2
2015_01731.JPG,839,938,1655,3018,816,2080,2
2015_01731.JPG,442,1874,2966,3957,2524,2083,11
2015_01731.JPG,2476,2206,2983,3254,507,1048,7
2015_01732.JPG,1441,1720,1750,2511,309,791,2
2015_01733.JPG,1715,731,2098,1422,383,691,2
2015_01734.JPG,1937,1161,2462,2038,525,877,2
2015_01735.JPG,791,58,2100,2177,1309,2119,2
2015_01736.JPG,834,506,2061,2567,1227,2061,2
2015_01737.JPG,2475,761,2968,1801,493,1040,10
2015_01737.JPG,28,807,811,2176,783,1369,10
2015_01737.JPG,1056,1767,3406,2197,2350,430,11
2015_01737.JPG,997,992,1368,1754,371,762,10
2015_01737.JPG,1376,1009,1675,1569,299,560,10
2015_01737.JPG,1633,887,2126,1788,493,901,10
2015_01737.JPG,2041,1018,2344,1494,303,476,10
2015_01737.JPG,1367,1477,1585,1994,218,517,2
2015_01737.JPG,2174,1431,2330,1923,156,492,2
2015_01737.JPG,2301,1569,2462,1978,161,409,2
2015_01737.JPG,2669,1725,2812,1902,143,177,7
2015_01737.JPG,672,836,1009,1775,337,939,10
2015_01737.JPG,2231,988,2530,1814,299,826,10
2015_01738.jpg,360,10,520,531,160,521,2
2015_01738.jpg,511,91,660,518,149,427,2
2015_01738.jpg,172,14,364,613,192,599,2
2015_01738.jpg,619,4,772,635,153,631,2
2015_01738.jpg,4,80,96,669,92,589,2
2015_01738.jpg,13,341,211,627,198,286,7
2015_01738.jpg,361,448,768,752,407,304,7
2015_01739.jpg,226,59,458,384,232,325,10
2015_01739.jpg,621,206,702,446,81,240,2
2015_01739.jpg,634,65,778,302,144,237,10
2015_01739.jpg,6,62,351,445,345,383,10
2015_01740.jpg,696,20,915,647,219,627,2
2015_01740.jpg,438,333,741,698,303,365,2
2015_01741.jpg,670,315,735,513,65,198,2
2015_01741.jpg,312,396,392,555,80,159,7
2015_01741.jpg,114,456,987,669,873,213,11
2015_01742.jpg,170,15,756,586,586,571,6
2015_01742.jpg,289,64,487,500,198,436,2
2015_01743.jpg,333,192,483,330,150,138,7
2015_01743.jpg,188,52,307,359,119,307,2
2015_01743.jpg,155,250,284,423,129,173,7
2015_01744.jpg,610,185,721,546,111,361,2
2015_01744.jpg,269,236,368,521,99,285,2
2015_01744.jpg,5,485,898,597,893,112,11
2015_01745.jpg,123,37,327,597,204,560,2
2015_01745.jpg,442,30,638,597,196,567,2
2015_01745.jpg,477,230,691,396,214,166,7
2015_01746.jpg,509,236,586,448,77,212,2
2015_01746.jpg,113,189,314,389,201,200,10
2015_01746.jpg,83,442,147,510,64,68,7
2015_01746.jpg,559,388,618,468,59,80,7
2015_01746.jpg,19,353,761,507,742,154,11
2015_01746.jpg,385,161,890,505,505,344,10
2015_01746.jpg,576,183,649,303,73,120,10
2015_01746.jpg,4,79,394,466,390,387,10
2015_01746.jpg,389,360,416,395,27,35,7
2015_01747.jpg,186,83,381,445,195,362,10
2015_01747.jpg,319,257,385,377,66,120,2
2015_01748.jpg,198,252,412,501,214,249,7
2015_01748.jpg,4,243,575,682,571,439,11
2015_01748.jpg,296,5,421,385,125,380,2
2015_01749.jpg,216,266,267,293,51,27,2
2015_01749.jpg,330,54,457,429,127,375,2
2015_01750.jpg,108,67,203,297,95,230,2
2015_01751.jpg,186,5,357,445,171,440,2
2015_01751.jpg,13,277,595,795,582,518,11
2015_01751.jpg,385,108,578,572,193,464,7
2015_01751.jpg,43,156,241,549,198,393,7
2015_01752.jpg,412,24,544,378,132,354,2
2015_01753.jpg,421,265,589,608,168,343,2
2015_01754.jpg,357,349,558,948,201,599,2
2015_01755.jpg,64,267,465,442,401,175,11
2015_01755.jpg,221,27,327,323,106,296,2
2015_01756.jpg,391,400,578,713,187,313,7
2015_01756.jpg,666,295,753,559,87,264,2
2015_01756.jpg,585,235,705,620,120,385,2
2015_01756.jpg,747,460,871,574,124,114,7
2015_01757.jpg,190,624,328,967,138,343,10
2015_01757.jpg,147,781,189,846,42,65,2
2015_01758.jpg,161,59,266,260,105,201,2
2015_01758.jpg,360,291,462,457,102,166,7
2015_01758.jpg,73,92,183,272,110,180,2
2015_01759.jpg,541,183,588,303,47,120,2
2015_01759.jpg,229,238,589,441,360,203,11
2015_01759.jpg,346,267,379,317,33,50,7
2015_01760.jpg,805,148,899,461,94,313,7
2015_01760.jpg,269,128,380,505,111,377,2
2015_01760.jpg,136,97,305,477,169,380,7
2015_01760.jpg,384,159,513,473,129,314,7
2015_01760.jpg,490,13,692,496,202,483,7
2015_01760.jpg,676,100,811,475,135,375,7
2015_01761.png,188,185,243,330,55,145,2
2015_01761.png,147,196,191,345,44,149,2
2015_01762.jpg,237,313,366,472,129,159,7
2015_01762.jpg,359,306,427,402,68,96,7
2015_01762.jpg,420,462,590,657,170,195,7
2015_01762.jpg,178,19,379,386,201,367,2
2015_01762.jpg,152,439,344,683,192,244,7
2015_01762.jpg,90,204,186,342,96,138,7
2015_01762.jpg,125,190,214,311,89,121,7
2015_01762.jpg,39,161,128,285,89,124,7
2015_01763.jpg,78,267,207,390,129,123,2
2015_01763.jpg,279,243,390,346,111,103,2
2015_01763.jpg,182,169,262,347,80,178,2
2015_01763.jpg,260,218,317,322,57,104,2
2015_01764.jpg,213,181,350,555,137,374,2
2015_01764.jpg,965,318,1084,619,119,301,7
2015_01764.jpg,35,468,251,716,216,248,7
2015_01764.jpg,285,238,390,498,105,260,7
2015_01764.jpg,270,146,380,249,110,103,7
2015_01764.jpg,654,237,784,496,130,259,7
2015_01764.jpg,447,367,624,717,177,350,7
2015_01764.jpg,649,145,758,250,109,105,7
2015_01764.jpg,773,364,929,718,156,354,2
2015_01764.jpg,796,55,905,426,109,371,2
2015_01764.jpg,62,9,191,433,129,424,2
2015_01764.jpg,515,48,627,365,112,317,2
2015_01764.jpg,375,41,489,336,114,295,2
2015_01764.jpg,51,169,204,517,153,348,2
2015_01764.jpg,3,2,89,441,86,439,2
2015_01765.jpg,94,253,819,617,725,364,11
2015_01765.jpg,166,148,259,331,93,183,2
2015_01766.jpg,414,181,491,303,77,122,7
2015_01766.jpg,133,191,743,1018,610,827,11
2015_01766.jpg,196,562,313,712,117,150,7
2015_01766.jpg,532,499,703,787,171,288,2
2015_01767.png,268,370,485,639,217,269,7
2015_01767.png,291,255,488,489,197,234,7
2015_01767.png,486,41,699,443,213,402,2
2015_01768.jpg,10,187,177,628,167,441,2
2015_01768.jpg,247,208,439,633,192,425,2
2015_01768.jpg,208,88,344,567,136,479,2
2015_01769.jpg,318,416,500,1002,182,586,2
2015_01770.jpg,350,539,464,814,114,275,2
2015_01770.jpg,202,565,384,643,182,78,2
2015_01770.jpg,497,539,583,800,86,261,2
2015_01770.jpg,447,3,726,790,279,787,10
2015_01771.jpg,481,115,718,478,237,363,6
2015_01771.jpg,527,33,722,402,195,369,11
2015_01771.jpg,443,565,519,710,76,145,2
2015_01772.jpg,588,252,636,392,48,140,2
2015_01772.jpg,4,111,370,440,366,329,10
2015_01772.jpg,591,30,734,212,143,182,6
2015_01772.jpg,5,218,471,486,466,268,6
2015_01772.jpg,412,263,832,488,420,225,11
2015_01772.jpg,87,149,194,203,107,54,7
2015_01772.jpg,558,320,602,426,44,106,7
2015_01772.jpg,664,228,716,366,52,138,2
2015_01773.jpg,220,293,454,536,234,243,10
2015_01773.jpg,439,100,1091,719,652,619,10
2015_01773.jpg,258,357,310,494,52,137,2
2015_01773.jpg,315,490,382,640,67,150,7
2015_01773.jpg,6,155,282,490,276,335,10
2015_01773.jpg,311,368,367,501,56,133,2
2015_01773.jpg,390,376,454,637,64,261,2
2015_01773.jpg,131,400,210,652,79,252,2
2015_01773.jpg,5,505,475,723,470,218,11
2015_01773.jpg,201,385,275,655,74,270,2
2015_01773.jpg,248,453,352,689,104,236,2
2015_01773.jpg,6,362,47,505,41,143,2
2015_01773.jpg,27,376,138,707,111,331,2
2015_01774.jpg,65,285,103,367,38,82,2
2015_01775.jpg,93,40,123,134,30,94,2
2015_01776.jpg,427,241,535,518,108,277,2
2015_01776.jpg,94,24,767,643,673,619,6
2015_01777.jpg,521,118,749,747,228,629,2
2015_01778.jpg,1055,1173,1295,1684,240,511,7
2015_01778.jpg,1297,897,1829,1088,532,191,2
2015_01778.jpg,479,141,983,685,504,544,2
2015_01778.jpg,11,350,1292,1747,1281,1397,10
2015_01778.jpg,1379,708,2275,1746,896,1038,10
2015_01778.jpg,728,1050,883,1382,155,332,2
2015_01779.jpg,1272,12,1591,1181,319,1169,10
2015_01779.jpg,881,853,960,1017,79,164,2
2015_01779.jpg,436,336,874,951,438,615,10
2015_01779.jpg,952,641,1017,791,65,150,2
2015_01780.jpg,517,146,661,499,144,353,2
2015_01781.jpg,40,391,206,606,166,215,7
2015_01781.jpg,5,318,76,487,71,169,7
2015_01781.jpg,310,70,502,599,192,529,2
2015_01782.jpg,397,327,473,455,76,128,7
2015_01782.jpg,282,370,318,414,36,44,7
2015_01782.jpg,27,415,486,481,459,66,11
2015_01782.jpg,362,377,409,405,47,28,7
2015_01782.jpg,358,218,488,394,130,176,10
2015_01782.jpg,133,320,200,447,67,127,7
2015_01782.jpg,182,251,251,462,69,211,2
2015_01783.jpg,194,566,287,662,93,96,7
2015_01783.jpg,300,429,381,659,81,230,2
2015_01783.jpg,136,624,596,798,460,174,11
2015_01784.jpg,313,138,374,313,61,175,2
2015_01784.jpg,218,52,310,108,92,56,7
2015_01784.jpg,35,9,107,115,72,106,7
2015_01784.jpg,112,27,181,112,69,85,7
2015_01784.jpg,267,132,320,273,53,141,2
2015_01784.jpg,8,126,135,294,127,168,2
2015_01784.jpg,290,13,429,109,139,96,7
2015_01784.jpg,149,21,292,429,143,408,2
2015_01784.jpg,11,2,68,102,57,100,2
2015_01784.jpg,231,266,341,475,110,209,7
2015_01785.jpg,472,256,568,436,96,180,7
2015_01785.jpg,343,67,566,264,223,197,10
2015_01785.jpg,4,135,66,427,62,292,2
2015_01785.jpg,536,125,635,439,99,314,2
2015_01785.jpg,399,141,476,340,77,199,2
2015_01785.jpg,183,131,279,429,96,298,2
2015_01785.jpg,278,112,370,432,92,320,2
2015_01785.jpg,126,135,201,418,75,283,2
2015_01786.jpg,293,16,508,347,215,331,7
2015_01786.jpg,206,7,333,321,127,314,2
2015_01787.jpg,327,88,398,317,71,229,2
2015_01787.jpg,5,243,558,442,553,199,11
2015_01787.jpg,203,68,326,420,123,352,2
2015_01788.jpg,460,372,604,822,144,450,2
2015_01789.jpg,384,318,508,586,124,268,2
2015_01790.jpg,645,332,720,550,75,218,2
2015_01790.jpg,101,490,1028,752,927,262,11
2015_01791.jpg,725,205,792,495,67,290,2
2015_01791.jpg,277,193,797,593,520,400,11
2015_01791.jpg,7,373,315,590,308,217,6
2015_01792.jpg,20,488,1494,1156,1474,668,11
2015_01792.jpg,1016,429,1094,616,78,187,2
2015_01792.jpg,533,608,1306,1177,773,569,6
2015_01792.jpg,1100,424,1154,597,54,173,2
2015_01792.jpg,1164,424,1234,549,70,125,2
2015_01793.jpg,4,101,166,368,162,267,11
2015_01793.jpg,109,4,165,100,56,96,10
2015_01793.jpg,362,1,432,254,70,253,10
2015_01793.jpg,475,113,496,157,21,44,2
2015_01793.jpg,452,109,465,154,13,45,2
2015_01793.jpg,96,67,115,123,19,56,2
2015_01793.jpg,75,88,101,151,26,63,2
2015_01793.jpg,43,84,66,156,23,72,2
2015_01793.jpg,175,215,275,367,100,152,8
2015_01793.jpg,123,24,395,371,272,347,10
2015_01793.jpg,103,17,223,247,120,230,10
2015_01793.jpg,58,21,105,105,47,84,10
2015_01794.JPEG,173,111,325,371,152,260,10
2015_01794.JPEG,154,197,291,299,137,102,8
2015_01794.JPEG,164,226,329,375,165,149,6
2015_01794.JPEG,384,130,411,190,27,60,2
2015_01794.JPEG,2,296,23,350,21,54,2
2015_01794.JPEG,4,195,80,371,76,176,10
2015_01795.JPEG,12,149,44,224,32,75,2
2015_01795.JPEG,330,135,357,213,27,78,2
2015_01795.JPEG,404,136,435,223,31,87,2
2015_01795.JPEG,357,114,383,212,26,98,2
2015_01795.JPEG,78,25,339,368,261,343,10
2015_01795.JPEG,387,140,412,220,25,80,2
2015_01795.JPEG,177,122,343,370,166,248,8
2015_01795.JPEG,387,124,491,147,104,23,7
2015_01796.JPEG,294,198,318,286,24,88,2
2015_01796.JPEG,340,194,366,286,26,92,2
2015_01796.JPEG,317,193,342,287,25,94,2
2015_01796.JPEG,223,196,248,287,25,91,2
2015_01796.JPEG,411,194,434,285,23,91,2
2015_01796.JPEG,175,196,200,289,25,93,2
2015_01796.JPEG,386,194,410,284,24,90,2
2015_01796.JPEG,5,196,35,290,30,94,2
2015_01796.JPEG,433,195,456,285,23,90,2
2015_01796.JPEG,454,196,476,283,22,87,2
2015_01796.JPEG,109,149,176,199,67,50,2
2015_01796.JPEG,365,195,387,284,22,89,2
2015_01796.JPEG,199,196,224,287,25,91,2
2015_01796.JPEG,34,196,58,291,24,95,2
2015_01796.JPEG,79,196,104,290,25,94,2
2015_01796.JPEG,103,196,128,289,25,93,2
2015_01796.JPEG,127,197,154,289,27,92,2
2015_01796.JPEG,176,126,201,196,25,70,2
2015_01796.JPEG,201,125,224,194,23,69,2
2015_01796.JPEG,152,197,177,289,25,92,2
2015_01796.JPEG,56,197,80,289,24,92,2
2015_01796.JPEG,225,125,246,195,21,70,2
2015_01796.JPEG,273,196,294,285,21,89,2
2015_01796.JPEG,247,196,273,286,26,90,2
2015_01796.JPEG,96,326,386,372,290,46,2
2015_01796.JPEG,246,124,270,194,24,70,2
2015_01796.JPEG,316,153,391,197,75,44,2
2015_01796.JPEG,294,111,317,196,23,85,2
2015_01796.JPEG,271,124,293,196,22,72,2
2015_01797.JPEG,172,213,235,425,63,212,2
2015_01797.JPEG,136,3,205,234,69,231,2
2015_01797.JPEG,311,223,363,297,52,74,7
2015_01797.JPEG,112,211,175,429,63,218,2
2015_01798.JPEG,126,74,250,500,124,426,2
2015_01799.JPEG,335,38,457,371,122,333,2
2015_01799.JPEG,100,2,216,371,116,369,2
2015_01799.JPEG,210,33,342,372,132,339,2
2015_01799.JPEG,5,6,114,369,109,363,2
2015_01800.JPEG,269,162,310,271,41,109,2
2015_01800.JPEG,332,208,387,337,55,129,2
2015_01801.JPEG,73,191,283,495,210,304,2
2015_01801.JPEG,18,17,296,324,278,307,10
2015_01802.JPEG,327,160,372,255,45,95,7
2015_01802.JPEG,40,142,164,464,124,322,2
2015_01802.JPEG,158,134,262,422,104,288,2
2015_01802.JPEG,15,179,370,496,355,317,11
2015_01802.JPEG,280,360,372,495,92,135,7
2015_01803.JPEG,86,45,277,497,191,452,2
2015_01803.JPEG,2,105,372,498,370,393,11
2015_01804.JPEG,420,237,459,373,39,136,2
2015_01804.JPEG,452,61,498,217,46,156,2
2015_01804.JPEG,340,239,381,374,41,135,2
2015_01804.JPEG,252,239,287,373,35,134,2
2015_01804.JPEG,210,236,251,372,41,136,2
2015_01804.JPEG,172,239,211,370,39,131,2
2015_01804.JPEG,123,237,159,371,36,134,2
2015_01804.JPEG,86,237,123,370,37,133,2
2015_01804.JPEG,172,61,212,215,40,154,2
2015_01804.JPEG,124,63,169,213,45,150,2
2015_01804.JPEG,46,238,86,369,40,131,2
2015_01804.JPEG,82,66,126,212,44,146,2
2015_01804.JPEG,41,65,85,212,44,147,2
2015_01804.JPEG,380,240,419,372,39,132,2
2015_01804.JPEG,287,240,327,373,40,133,2
2015_01804.JPEG,2,62,41,210,39,148,2
2015_01804.JPEG,5,238,46,368,41,130,2
2015_01804.JPEG,403,73,453,218,50,145,2
2015_01804.JPEG,360,79,404,216,44,137,2
2015_01804.JPEG,305,55,358,214,53,159,2
2015_01804.JPEG,459,240,496,372,37,132,2
2015_01805.JPEG,93,39,230,472,137,433,2
2015_01806.JPEG,314,132,349,220,35,88,2
2015_01806.JPEG,62,3,498,325,436,322,6
2015_01807.JPEG,27,4,477,368,450,364,2
2015_01808.JPEG,250,14,292,165,42,151,2
2015_01808.JPEG,418,16,457,165,39,149,2
2015_01808.JPEG,207,13,250,165,43,152,2
2015_01808.JPEG,82,10,124,169,42,159,2
2015_01808.JPEG,124,11,162,167,38,156,2
2015_01808.JPEG,376,14,414,165,38,151,2
2015_01808.JPEG,292,14,334,165,42,151,2
2015_01808.JPEG,34,11,82,170,48,159,2
2015_01808.JPEG,163,13,208,167,45,154,2
2015_01808.JPEG,336,13,374,166,38,153,2
2015_01809.JPEG,113,32,497,330,384,298,11
2015_01809.JPEG,177,76,302,318,125,242,2
2015_01810.JPEG,439,231,479,309,40,78,2
2015_01810.JPEG,211,124,252,251,41,127,2
2015_01810.JPEG,390,214,428,301,38,87,2
2015_01810.JPEG,241,174,289,264,48,90,2
2015_01810.JPEG,31,289,284,369,253,80,2
2015_01810.JPEG,366,201,398,296,32,95,2
2015_01810.JPEG,135,107,176,235,41,128,2
2015_01810.JPEG,93,93,142,222,49,129,2
2015_01810.JPEG,419,221,451,308,32,87,2
2015_01810.JPEG,466,240,498,312,32,72,2
2015_01810.JPEG,334,178,373,280,39,102,2
2015_01810.JPEG,279,163,317,268,38,105,2
2015_01810.JPEG,310,172,344,275,34,103,2
2015_01810.JPEG,7,64,53,211,46,147,2
2015_01810.JPEG,53,102,98,218,45,116,2
2015_01810.JPEG,175,128,218,243,43,115,2
2015_01811.JPEG,142,182,248,462,106,280,7
2015_01811.JPEG,30,164,153,460,123,296,2
2015_01812.JPEG,319,201,394,331,75,130,2
2015_01813.JPEG,114,78,221,416,107,338,2
2015_01814.JPEG,110,10,262,470,152,460,2
2015_01814.JPEG,5,143,54,326,49,183,7
2015_01814.JPEG,257,213,330,280,73,67,7
2015_01815.JPEG,1521,328,1706,1010,185,682,2
2015_01815.JPEG,1385,261,1568,1014,183,753,2
2015_01815.JPEG,1286,137,1425,1041,139,904,2
2015_01815.JPEG,984,240,1202,1062,218,822,2
2015_01815.JPEG,808,332,1053,1058,245,726,2
2015_01815.JPEG,275,305,527,1121,252,816,2
2015_01815.JPEG,1652,269,1795,1010,143,741,2
2015_01815.JPEG,514,556,864,1104,350,548,2
2015_01815.JPEG,82,340,275,1150,193,810,2
2015_01816.JPEG,314,19,397,321,83,302,2
2015_01817.JPEG,218,241,250,337,32,96,2
2015_01817.JPEG,160,280,210,440,50,160,2
2015_01817.JPEG,2,233,43,449,41,216,2
2015_01817.JPEG,145,247,181,337,36,90,2
2015_01817.JPEG,45,27,154,330,109,303,2
2015_01817.JPEG,346,237,378,335,32,98,2
2015_01817.JPEG,253,247,280,330,27,83,2
2015_01817.JPEG,32,280,93,495,61,215,2
2015_01817.JPEG,212,286,256,450,44,164,2
2015_01817.JPEG,250,290,297,461,47,171,2
2015_01817.JPEG,302,293,363,496,61,203,2
2015_01817.JPEG,133,21,268,330,135,309,2
2015_01817.JPEG,78,250,102,334,24,84,2
2015_01817.JPEG,106,271,155,432,49,161,2
2015_01817.JPEG,283,237,314,337,31,100,2
2015_01817.JPEG,312,244,342,341,30,97,2
2015_01817.JPEG,272,29,374,311,102,282,2
2015_01817.JPEG,35,249,65,330,30,81,2
2015_01817.JPEG,108,243,136,333,28,90,2
2015_01818.JPEG,33,187,151,453,118,266,7
2015_01818.JPEG,91,5,501,204,410,199,2
2015_01819.JPEG,105,52,225,466,120,414,2
2015_01820.JPEG,212,90,301,414,89,324,2
2015_01820.JPEG,10,82,101,429,91,347,2
2015_01820.JPEG,117,75,195,451,78,376,2
2015_01821.JPEG,270,21,367,289,97,268,2
2015_01821.JPEG,194,142,279,339,85,197,7
2015_01821.JPEG,124,100,200,271,76,171,7
2015_01822.JPEG,167,82,321,483,154,401,7
2015_01822.JPEG,8,10,180,498,172,488,2
2015_01823.jpg,762,7,922,389,160,382,2
2015_01823.jpg,156,6,235,287,79,281,2
2015_01823.jpg,110,6,171,215,61,209,2
2015_01823.jpg,237,47,519,744,282,697,2
2015_01824.jpg,526,70,599,320,73,250,10
2015_01824.jpg,70,7,239,418,169,411,2
2015_01824.jpg,382,105,471,251,89,146,10
2015_01824.jpg,268,128,363,267,95,139,10
2015_01824.jpg,5,331,598,448,593,117,11
2015_01824.jpg,216,279,313,347,97,68,11
2015_01824.jpg,261,246,282,289,21,43,2
2015_01824.jpg,237,246,261,293,24,47,2
2015_01825.jpg,293,161,354,358,61,197,7
2015_01825.jpg,202,159,262,356,60,197,7
2015_01825.jpg,100,180,154,345,54,165,2
2015_01825.jpg,36,181,90,358,54,177,2
2015_01826.jpg,334,46,487,480,153,434,2
2015_01827.jpg,248,4,395,434,147,430,2
2015_01827.jpg,114,233,234,376,120,143,7
2015_01828.jpg,173,137,593,893,420,756,10
2015_01828.jpg,183,284,447,890,264,606,8
2015_01828.jpg,179,434,276,606,97,172,2
2015_01829.jpg,498,13,638,366,140,353,2
2015_01829.jpg,592,296,704,433,112,137,7
2015_01829.jpg,5,238,796,590,791,352,11
2015_01829.jpg,630,55,798,254,168,199,11
2015_01830.jpg,575,170,725,299,150,129,6
2015_01830.jpg,298,226,395,330,97,104,7
2015_01830.jpg,395,309,480,388,85,79,7
2015_01830.jpg,558,319,670,471,112,152,7
2015_01830.jpg,44,321,182,483,138,162,7
2015_01830.jpg,713,170,852,302,139,132,6
2015_01830.jpg,626,201,676,318,50,117,7
2015_01830.jpg,192,103,280,380,88,277,2
2015_01830.jpg,21,282,897,598,876,316,11
2015_01831.jpg,196,71,245,197,49,126,2
2015_01831.jpg,82,53,139,170,57,117,2
2015_01832.jpg,294,191,343,294,49,103,7
2015_01832.jpg,176,248,505,314,329,66,11
2015_01832.jpg,343,161,385,291,42,130,2
2015_01832.jpg,59,47,309,313,250,266,10
2015_01833.jpg,147,357,287,738,140,381,2
2015_01833.jpg,664,453,836,895,172,442,2
2015_01833.jpg,501,154,634,547,133,393,2
2015_01833.jpg,248,179,358,490,110,311,2
2015_01833.jpg,9,372,893,1265,884,893,11
2015_01834.jpg,138,36,340,741,202,705,2
2015_01835.jpg,146,468,197,625,51,157,2
2015_01835.jpg,316,418,357,578,41,160,2
2015_01835.jpg,228,455,291,599,63,144,2
2015_01835.jpg,356,431,393,558,37,127,2
2015_01836.jpg,488,31,534,264,46,233,2
2015_01836.jpg,118,37,184,235,66,198,2
2015_01836.jpg,273,30,391,468,118,438,2
2015_01836.jpg,396,34,497,486,101,452,2
2015_01836.jpg,499,32,638,497,139,465,2
2015_01837.jpg,232,133,397,601,165,468,7
2015_01837.jpg,59,26,258,590,199,564,2
2015_01838.jpg,192,36,355,483,163,447,2
2015_01839.jpg,696,167,818,547,122,380,2
2015_01839.jpg,339,317,405,383,66,66,7
2015_01839.jpg,594,168,699,547,105,379,2
2015_01839.jpg,236,303,1019,566,783,263,11
2015_01839.jpg,916,150,1021,542,105,392,2
2015_01839.jpg,395,371,500,449,105,78,7
2015_01839.jpg,455,158,585,310,130,152,10
2015_01839.jpg,422,306,484,394,62,88,7
2015_01839.jpg,5,35,418,563,413,528,10
2015_01840.jpg,661,100,852,556,191,456,2
2015_01840.jpg,25,32,551,456,526,424,10
2015_01840.jpg,451,152,577,556,126,404,2
2015_01841.jpg,299,42,478,623,179,581,2
2015_01842.jpg,3,148,894,595,891,447,11
2015_01842.jpg,650,9,872,360,222,351,6
2015_01842.jpg,190,106,304,466,114,360,2
2015_01843.jpg,879,33,1021,469,142,436,2
2015_01843.jpg,329,36,466,402,137,366,2
2015_01843.jpg,740,41,1009,429,269,388,10
2015_01843.jpg,569,45,701,409,132,364,2
2015_01844.jpg,473,263,569,586,96,323,2
2015_01844.jpg,13,32,350,850,337,818,10
2015_01844.jpg,264,466,912,869,648,403,11
2015_01845.jpg,86,120,182,441,96,321,2
2015_01846.jpg,433,141,499,200,66,59,4
2015_01846.jpg,166,151,186,205,20,54,10
2015_01846.jpg,105,214,121,258,16,44,2
2015_01846.jpg,107,196,129,228,22,32,2
2015_01846.jpg,424,165,446,219,22,54,2
2015_01846.jpg,342,148,412,187,70,39,4
2015_01846.jpg,142,125,172,236,30,111,10
2015_01846.jpg,229,134,291,282,62,148,10
2015_01846.jpg,293,141,367,218,74,77,10
2015_01846.jpg,285,116,332,179,47,63,10
2015_01846.jpg,170,136,233,279,63,143,10
2015_01846.jpg,271,190,288,227,17,37,2
2015_01846.jpg,92,201,106,236,14,35,2
2015_01847.jpg,221,236,426,914,205,678,2
2015_01848.jpg,154,43,298,459,144,416,2
2015_01849.jpg,357,214,421,423,64,209,2
2015_01849.jpg,411,197,478,399,67,202,2
2015_01850.jpg,323,195,523,770,200,575,2
2015_01851.jpg,195,69,486,957,291,888,2
2015_01851.jpg,4,192,122,700,118,508,7
2015_01852.jpg,313,112,352,198,39,86,2
2015_01852.jpg,200,95,338,513,138,418,10
2015_01852.jpg,218,236,548,424,330,188,4
2015_01853.png,61,61,172,235,111,174,7
2015_01853.png,321,171,443,325,122,154,7
2015_01853.png,161,79,538,238,377,159,2
2015_01854.png,322,7,538,378,216,371,10
2015_01854.png,193,124,424,333,231,209,10
2015_01854.png,310,301,354,388,44,87,2
2015_01854.png,2,268,31,310,29,42,7
2015_01854.png,65,197,112,324,47,127,2
2015_01855.png,159,182,205,222,46,40,2
2015_01855.png,85,189,103,227,18,38,2
2015_01855.png,5,294,94,401,89,107,2
2015_01855.png,135,201,150,226,15,25,7
2015_01855.png,530,124,550,186,20,62,2
2015_01855.png,182,213,231,245,49,32,2
2015_01855.png,122,200,137,224,15,24,7
2015_01855.png,569,213,603,245,34,32,2
2015_01855.png,15,205,166,301,151,96,11
2015_01855.png,304,94,387,346,83,252,10
2015_01855.png,105,200,122,223,17,23,7
2015_01855.png,56,175,90,202,34,27,7
2015_01855.png,268,243,311,272,43,29,2
2015_01855.png,267,189,313,220,46,31,2
2015_01855.png,560,111,580,179,20,68,2
2015_01855.png,216,191,259,224,43,33,2
2015_01855.png,153,243,207,274,54,31,2
2015_01855.png,243,214,284,248,41,34,2
2015_01855.png,211,243,255,266,44,23,2
2015_01856.png,541,239,810,440,269,201,6
2015_01856.png,562,228,826,456,264,228,10
2015_01856.png,615,302,640,388,25,86,2
2015_01857.png,511,132,555,173,44,41,11
2015_01857.png,183,248,234,302,51,54,2
2015_01857.png,3,143,131,398,128,255,10
2015_01857.png,297,175,438,273,141,98,11
2015_01857.png,456,194,637,403,181,209,10
2015_01857.png,557,234,692,393,135,159,11
2015_01857.png,15,259,327,395,312,136,11
2015_01857.png,129,231,146,280,17,49,2
2015_01858.png,5,328,1027,524,1022,196,11
2015_01858.png,643,62,1116,521,473,459,10
2015_01858.png,234,7,750,336,516,329,10
2015_01858.png,344,140,424,377,80,237,2
2015_01858.png,441,246,518,368,77,122,7
2015_01858.png,539,237,618,354,79,117,7
2015_01859.png,344,152,690,696,346,544,10
2015_01859.png,592,157,680,287,88,130,2
2015_01859.png,685,322,730,433,45,111,2
2015_01859.png,1057,7,1137,343,80,336,2
2015_01859.png,950,13,1029,340,79,327,2
2015_01859.png,357,170,456,260,99,90,2
2015_01859.png,1196,22,1267,328,71,306,2
2015_01859.png,1115,51,1210,334,95,283,2
2015_01859.png,993,21,1102,345,109,324,2
2015_01860.png,597,367,638,471,41,104,2
2015_01860.png,535,391,934,521,399,130,11
2015_01861.png,4,193,245,613,241,420,10
2015_01861.png,121,500,405,617,284,117,11
2015_01861.png,662,103,1278,621,616,518,10
2015_01861.png,287,385,345,554,58,169,2
2015_01861.png,365,106,798,614,433,508,10
2015_01862.png,709,303,1035,433,326,130,10
2015_01862.png,558,307,777,406,219,99,10
2015_01862.png,767,326,816,434,49,108,2
2015_01862.png,520,363,914,517,394,154,11
2015_01862.png,992,112,1266,511,274,399,10
2015_01862.png,181,23,617,503,436,480,10
2015_01863.png,466,426,812,528,346,102,11
2015_01863.png,630,368,693,506,63,138,2
2015_01863.png,682,341,734,435,52,94,2
2015_01863.png,554,343,841,488,287,145,10
2015_01863.png,433,324,641,483,208,159,10
2015_01863.png,179,37,470,518,291,481,10
2015_01863.png,815,63,1190,521,375,458,10
2015_01864.png,8,6,319,331,311,325,10
2015_01864.png,804,4,1265,526,461,522,10
2015_01864.png,439,31,838,504,399,473,10
2015_01864.png,553,248,634,429,81,181,2
2015_01864.png,8,89,331,517,323,428,10
2015_01865.png,121,469,268,686,147,217,6
2015_01865.png,70,83,294,328,224,245,10
2015_01865.png,473,144,1068,712,595,568,10
2015_01865.png,163,327,205,435,42,108,2
2015_01865.png,51,297,268,388,217,91,11
2015_01865.png,235,175,390,383,155,208,10
2015_01865.png,306,363,502,700,196,337,6
2015_01865.png,65,386,452,688,387,302,11
2015_01865.png,319,344,362,436,43,92,7
2015_01865.png,912,372,1093,657,181,285,6
2015_01866.png,1167,241,1202,309,35,68,2
2015_01866.png,1219,149,1254,212,35,63,2
2015_01866.png,953,155,976,210,23,55,2
2015_01866.png,425,13,792,692,367,679,10
2015_01866.png,846,318,974,591,128,273,6
2015_01866.png,986,312,1029,368,43,56,7
2015_01866.png,921,375,1157,716,236,341,6
2015_01866.png,171,225,282,417,111,192,6
2015_01866.png,682,32,913,662,231,630,10
2015_01866.png,106,91,204,231,98,140,6
2015_01866.png,931,417,1279,701,348,284,11
2015_01866.png,948,330,1193,416,245,86,11
2015_01866.png,1107,151,1145,218,38,67,2
2015_01866.png,1044,337,1115,488,71,151,2
2015_01866.png,1096,239,1123,306,27,67,2
2015_01866.png,1034,269,1253,355,219,86,11
2015_01867.png,291,54,332,172,41,118,2
2015_01867.png,142,280,220,326,78,46,2
2015_01867.png,205,57,249,169,44,112,2
2015_01867.png,248,62,289,171,41,109,2
2015_01867.png,204,59,517,396,313,337,6
2015_01868.png,624,152,715,297,91,145,10
2015_01868.png,955,156,1093,524,138,368,2
2015_01868.png,205,173,304,276,99,103,10
2015_01868.png,259,148,369,281,110,133,10
2015_01868.png,710,140,798,300,88,160,10
2015_01868.png,378,113,613,408,235,295,10
2015_01868.png,7,3,511,511,504,508,10
2015_01868.png,179,385,1179,525,1000,140,11
2015_01868.png,694,381,765,513,71,132,7
2015_01868.png,835,363,931,508,96,145,7
2015_01869.png,730,201,850,398,120,197,10
2015_01869.png,79,218,268,518,189,300,10
2015_01869.png,296,184,409,377,113,193,10
2015_01869.png,895,196,1141,513,246,317,10
2015_01869.png,372,396,598,520,226,124,6
2015_01869.png,504,348,681,453,177,105,11
2015_01869.png,553,298,600,363,47,65,2
2015_01869.png,216,234,349,415,133,181,10
2015_01869.png,795,211,981,457,186,246,10
2015_01869.png,416,204,512,326,96,122,10
2015_01869.png,484,184,594,343,110,159,10
2015_01869.png,546,250,848,519,302,269,10
2015_01870.png,275,130,306,182,31,52,11
2015_01870.png,400,83,425,161,25,78,10
2015_01870.png,421,74,460,180,39,106,10
2015_01870.png,500,77,528,143,28,66,10
2015_01870.png,452,57,510,216,58,159,10
2015_01870.png,265,133,291,185,26,52,6
2015_01870.png,583,142,643,226,60,84,6
2015_01870.png,523,54,565,140,42,86,10
2015_01870.png,556,52,610,226,54,174,10
2015_01870.png,653,72,704,212,51,140,10
2015_01870.png,324,68,359,186,35,118,10
2015_01870.png,370,74,402,183,32,109,10
2015_01870.png,11,165,79,250,68,85,6
2015_01870.png,248,67,281,193,33,126,10
2015_01870.png,434,174,462,256,28,82,2
2015_01870.png,475,191,519,298,44,107,2
2015_01870.png,395,139,429,205,34,66,6
2015_01870.png,693,153,714,222,21,69,6
2015_01870.png,9,143,199,229,190,86,11
2015_01870.png,451,136,617,191,166,55,11
2015_01870.png,634,146,673,214,39,68,6
2015_01870.png,518,143,567,228,49,85,6
2015_01870.png,25,211,707,399,682,188,11
2015_01870.png,109,64,161,135,52,71,10
2015_01870.png,42,129,58,159,16,30,2
2015_01870.png,135,141,213,230,78,89,6
2015_01870.png,162,71,205,144,43,73,10
2015_01870.png,210,69,253,197,43,128,10
2015_01870.png,622,67,659,144,37,77,10
2015_01870.png,602,68,636,138,34,70,10
2015_01871.png,323,113,399,178,76,65,2
2015_01871.png,125,21,217,58,92,37,2
2015_01871.png,238,171,364,226,126,55,2
2015_01871.png,49,40,129,85,80,45,2
2015_01871.png,448,226,530,319,82,93,2
2015_01871.png,228,61,314,109,86,48,2
2015_01872.png,145,65,234,102,89,37,2
2015_01872.png,268,233,409,300,141,67,2
2015_01872.png,54,73,155,136,101,63,2
2015_01872.png,261,118,348,158,87,40,2
2015_01872.png,349,162,441,238,92,76,2
2015_01872.png,492,291,601,385,109,94,2
2015_01873.png,259,221,318,283,59,62,2
2015_01873.png,223,264,319,301,96,37,2
2015_01874.png,350,61,413,159,63,98,2
2015_01874.png,509,148,540,243,31,95,2
2015_01874.png,116,57,174,285,58,228,10
2015_01874.png,255,47,331,171,76,124,2
2015_01874.png,282,200,716,383,434,183,11
2015_01874.png,106,103,163,206,57,103,7
2015_01875.png,6,324,684,400,678,76,11
2015_01875.png,433,200,484,295,51,95,2
2015_01875.png,376,68,498,289,122,221,10
2015_01875.png,29,181,97,405,68,224,2
2015_01875.png,146,78,291,335,145,257,10
2015_01876.png,167,48,289,335,122,287,10
2015_01876.png,2,340,544,400,542,60,11
2015_01876.png,54,199,129,400,75,201,2
2015_01876.png,435,85,631,334,196,249,10
2015_01877.png,23,250,74,307,51,57,7
2015_01877.png,234,109,397,273,163,164,10
2015_01877.png,6,254,586,399,580,145,11
2015_01877.png,83,220,118,286,35,66,7
2015_01877.png,125,26,260,248,135,222,10
2015_01877.png,131,174,181,320,50,146,2
2015_01878.jpg,112,11,366,669,254,658,2
2015_01878.jpg,418,392,603,664,185,272,7
2015_01878.jpg,510,131,682,438,172,307,7
2015_01879.jpg,336,121,369,229,33,108,10
2015_01879.jpg,75,106,282,209,207,103,3
2015_01880.png,281,349,296,394,15,45,10
2015_01880.png,8,271,279,425,271,154,3
2015_01881.png,360,135,384,166,24,31,10
2015_01881.png,183,85,422,257,239,172,3
2015_01882.png,78,232,326,369,248,137,3
2015_01882.png,240,260,265,278,25,18,10
2015_01882.png,242,276,277,302,35,26,10
2015_01883.jpg,102,155,180,190,78,35,4
2015_01883.jpg,38,156,95,189,57,33,4
2015_01883.jpg,178,115,372,196,194,81,3
2015_01884.png,291,369,303,407,12,38,10
2015_01884.png,79,405,92,425,13,20,10
2015_01884.png,30,405,45,438,15,33,10
2015_01884.png,156,272,280,460,124,188,3
2015_01884.png,311,358,325,420,14,62,10
2015_01884.png,101,403,114,427,13,24,10
2015_01884.png,138,403,155,419,17,16,10
2015_01885.png,47,6,270,165,223,159,3
2015_01886.png,62,421,95,467,33,46,4
2015_01886.png,131,350,164,394,33,44,10
2015_01886.png,71,228,273,483,202,255,3
2015_01887.png,31,286,318,363,287,77,3
2015_01888.jpg,7,22,271,248,264,226,3
2015_01888.jpg,15,93,420,370,405,277,3
2015_01888.jpg,446,33,500,92,54,59,4
2015_01888.jpg,279,36,369,87,90,51,4
2015_01888.jpg,363,27,436,75,73,48,4
2015_01888.jpg,236,13,289,48,53,35,4
2015_01888.jpg,294,2,353,25,59,23,4
2015_01888.jpg,347,9,414,46,67,37,4
2015_01889.jpg,31,34,75,84,44,50,3
2015_01889.jpg,96,82,322,261,226,179,3
2015_01889.jpg,229,27,333,79,104,52,3
2015_01889.jpg,338,28,495,94,157,66,3
2015_01890.png,161,358,192,391,31,33,10
2015_01890.png,121,264,285,463,164,199,3
2015_01891.jpg,294,119,342,195,48,76,10
2015_01891.jpg,10,11,464,364,454,353,3
2015_01892.jpg,367,228,462,334,95,106,7
2015_01892.jpg,12,7,492,251,480,244,3
2015_01893.jpg,203,140,303,229,100,89,3
2015_01894.jpg,210,141,349,275,139,134,3
2015_01895.jpg,154,185,182,216,28,31,9
2015_01895.jpg,191,162,208,202,17,40,10
2015_01895.jpg,138,181,154,216,16,35,9
2015_01895.jpg,120,183,140,215,20,32,9
2015_01895.jpg,101,181,117,214,16,33,9
2015_01895.jpg,5,170,72,218,67,48,4
2015_01895.jpg,227,46,469,299,242,253,3
2015_01895.jpg,156,172,174,191,18,19,10
2015_01896.jpg,184,206,233,284,49,78,10
2015_01896.jpg,84,138,629,437,545,299,3
2015_01897.jpg,91,39,977,738,886,699,3
2015_01898.jpg,443,224,533,339,90,115,10
2015_01898.jpg,526,253,627,378,101,125,10
2015_01898.jpg,11,89,727,528,716,439,3
2015_01899.jpg,173,302,256,555,83,253,10
2015_01899.jpg,26,354,97,523,71,169,10
2015_01899.jpg,157,222,603,533,446,311,3
2015_01899.jpg,101,376,175,561,74,185,10
2015_01900.jpg,79,88,577,427,498,339,3
2015_01901.jpg,326,161,589,315,263,154,3
2015_01902.jpg,70,217,368,354,298,137,3
2015_01902.jpg,709,296,752,358,43,62,10
2015_01902.jpg,836,259,897,383,61,124,10
2015_01902.jpg,679,295,712,356,33,61,10
2015_01903.jpg,127,120,281,208,154,88,3
2015_01904.jpg,66,99,593,444,527,345,3
2015_01905.jpg,257,126,306,182,49,56,10
2015_01905.jpg,94,73,557,331,463,258,3
2015_01906.jpg,515,213,592,312,77,99,4
2015_01906.jpg,171,70,539,366,368,296,3
2015_01906.jpg,6,248,130,357,124,109,4
2015_01907.jpg,375,224,434,346,59,122,10
2015_01907.jpg,120,57,428,344,308,287,3
2015_01908.jpg,245,109,752,611,507,502,3
2015_01908.jpg,102,282,283,480,181,198,3
2015_01908.jpg,754,385,791,501,37,116,10
2015_01908.jpg,2,351,78,444,76,93,4
2015_01909.jpg,267,102,463,302,196,200,3
2015_01910.jpg,409,261,442,336,33,75,10
2015_01910.jpg,461,280,502,432,41,152,10
2015_01910.jpg,509,285,555,435,46,150,10
2015_01910.jpg,563,287,633,434,70,147,10
2015_01910.jpg,51,335,83,392,32,57,10
2015_01910.jpg,247,270,305,320,58,50,10
2015_01910.jpg,353,267,406,342,53,75,10
2015_01910.jpg,134,65,467,434,333,369,3
2015_01910.jpg,88,339,121,395,33,56,10
2015_01911.jpg,405,192,445,210,40,18,4
2015_01911.jpg,270,192,462,281,192,89,4
2015_01911.jpg,24,118,236,275,212,157,3
2015_01911.jpg,227,189,285,254,58,65,4
2015_01912.jpg,42,87,629,375,587,288,3
2015_01913.jpg,597,239,619,311,22,72,10
2015_01913.jpg,614,239,638,306,24,67,10
2015_01913.jpg,159,50,539,375,380,325,3
2015_01913.jpg,523,235,565,276,42,41,4
2015_01914.jpg,110,159,236,247,126,88,3
2015_01915.jpg,9,242,171,399,162,157,3
2015_01915.jpg,192,310,205,362,13,52,10
2015_01915.jpg,206,314,227,363,21,49,10
2015_01916.jpg,22,104,1185,1026,1163,922,3
2015_01916.jpg,647,564,888,1051,241,487,10
2015_01916.jpg,279,425,412,573,133,148,10
2015_01916.jpg,1321,535,1402,746,81,211,10
2015_01916.jpg,1133,568,1247,836,114,268,10
2015_01917.jpg,41,26,588,346,547,320,3
2015_01918.jpg,278,196,620,459,342,263,3
2015_01919.jpg,11,32,637,466,626,434,3
2015_01920.jpg,1201,620,1264,673,63,53,4
2015_01920.jpg,887,472,1203,681,316,209,3
2015_01921.jpg,385,244,410,265,25,21,4
2015_01921.jpg,5,3,372,371,367,368,3
2015_01922.jpg,385,227,402,253,17,26,10
2015_01922.jpg,383,231,423,347,40,116,10
2015_01922.jpg,423,233,456,318,33,85,10
2015_01922.jpg,345,230,384,359,39,129,10
2015_01922.jpg,298,228,358,421,60,193,10
2015_01922.jpg,28,112,291,309,263,197,3
2015_01922.jpg,175,218,336,425,161,207,10
2015_01922.jpg,531,220,571,274,40,54,10
2015_01922.jpg,149,254,234,411,85,157,10
2015_01922.jpg,455,236,560,418,105,182,10
2015_01922.jpg,543,269,582,302,39,33,10
2015_01922.jpg,585,231,639,421,54,190,10
2015_01923.jpg,96,205,120,244,24,39,9
2015_01923.jpg,59,184,99,215,40,31,4
2015_01923.jpg,153,193,179,264,26,71,10
2015_01923.jpg,369,182,505,335,136,153,4
2015_01923.jpg,116,113,194,250,78,137,3
2015_01923.jpg,175,57,391,268,216,211,3
2015_01923.jpg,157,220,178,274,21,54,0
2015_01923.jpg,94,186,119,219,25,33,10
2015_01923.jpg,266,184,393,310,127,126,4
2015_01923.jpg,2,135,32,218,30,83,3
2015_01924.jpg,23,291,100,482,77,191,10
2015_01924.jpg,99,146,675,496,576,350,3
2015_01924.jpg,129,393,193,487,64,94,9
2015_01925.jpg,536,186,552,218,16,32,10
2015_01925.jpg,170,9,479,326,309,317,3
2015_01926.jpg,134,274,186,299,52,25,4
2015_01926.jpg,104,293,139,331,35,38,4
2015_01926.jpg,154,282,204,313,50,31,4
2015_01926.jpg,323,239,387,323,64,84,3
2015_01926.jpg,413,250,453,274,40,24,4
2015_01926.jpg,164,171,184,243,20,72,10
2015_01926.jpg,139,167,166,242,27,75,10
2015_01926.jpg,458,275,470,302,12,27,10
2015_01927.jpg,376,87,638,377,262,290,3
2015_01927.jpg,7,88,305,320,298,232,3
2015_01928.jpg,80,24,700,512,620,488,3
2015_01928.jpg,4,369,29,447,25,78,10
2015_01928.jpg,29,362,53,447,24,85,10
2015_01928.jpg,54,349,90,447,36,98,10
2015_01928.jpg,383,171,468,282,85,111,10
2015_01929.jpg,50,199,202,288,152,89,3
2015_01929.jpg,225,156,552,306,327,150,3
2015_01930.jpg,94,171,138,333,44,162,10
2015_01930.jpg,183,129,245,219,62,90,10
2015_01930.jpg,341,154,411,225,70,71,10
2015_01930.jpg,426,210,494,284,68,74,4
2015_01930.jpg,127,51,445,337,318,286,3
2015_01930.jpg,5,174,55,332,50,158,10
2015_01931.jpg,455,260,511,329,56,69,10
2015_01931.jpg,240,113,309,157,69,44,3
2015_01931.jpg,333,149,357,164,24,15,4
2015_01931.jpg,328,133,341,147,13,14,4
2015_01931.jpg,387,200,446,229,59,29,4
2015_01931.jpg,479,231,494,264,15,33,10
2015_01931.jpg,58,195,91,232,33,37,10
2015_01931.jpg,498,225,514,256,16,31,10
2015_01931.jpg,203,137,246,186,43,49,3
2015_01931.jpg,326,158,376,218,50,60,3
2015_01931.jpg,87,175,153,244,66,69,3
2015_01931.jpg,159,150,215,207,56,57,3
2015_01931.jpg,194,192,295,324,101,132,3
2015_01931.jpg,299,147,332,191,33,44,3
2015_01931.jpg,282,156,321,202,39,46,3
2015_01932.jpg,554,321,723,415,169,94,3
2015_01932.jpg,635,482,760,612,125,130,8
2015_01932.jpg,76,293,556,436,480,143,3
2015_01933.jpg,518,248,536,285,18,37,10
2015_01933.jpg,603,216,638,340,35,124,10
2015_01933.jpg,457,235,500,267,43,32,3
2015_01933.jpg,245,204,390,303,145,99,3
2015_01934.jpg,67,52,570,367,503,315,3
2015_01935.jpg,77,79,184,180,107,101,3
2015_01935.jpg,212,8,292,60,80,52,4
2015_01935.jpg,150,294,251,397,101,103,4
2015_01935.jpg,166,49,186,76,20,27,10
2015_01935.jpg,78,4,127,53,49,49,3
2015_01935.jpg,184,162,276,249,92,87,4
2015_01935.jpg,52,2,83,37,31,35,3
2015_01935.jpg,169,144,237,198,68,54,4
2015_01935.jpg,4,36,116,131,112,95,4
2015_01935.jpg,200,55,279,146,79,91,3
2015_01935.jpg,141,29,233,99,92,70,3
2015_01935.jpg,86,310,224,466,138,156,4
2015_01935.jpg,233,247,259,318,26,71,10
2015_01935.jpg,195,124,254,164,59,40,4
2015_01935.jpg,149,239,187,299,38,60,10
2015_01935.jpg,265,235,286,304,21,69,10
2015_01935.jpg,38,140,155,317,117,177,3
2015_01936.jpg,112,125,281,254,169,129,3
2015_01936.jpg,356,71,623,280,267,209,3
2015_01936.jpg,305,180,326,240,21,60,10
2015_01937.jpg,160,15,376,327,216,312,3
2015_01938.jpg,241,235,271,269,30,34,10
2015_01938.jpg,158,239,186,267,28,28,10
2015_01938.jpg,202,112,229,144,27,32,10
2015_01938.jpg,307,101,330,131,23,30,10
2015_01938.jpg,179,120,201,153,22,33,10
2015_01938.jpg,163,121,180,156,17,35,10
2015_01938.jpg,231,108,253,145,22,37,10
2015_01938.jpg,190,233,225,268,35,35,10
2015_01938.jpg,314,211,358,259,44,48,10
2015_01938.jpg,252,99,282,135,30,36,10
2015_01938.jpg,66,51,489,409,423,358,3
2015_01939.jpg,103,33,461,365,358,332,3
2015_01939.jpg,3,147,119,302,116,155,3
2015_01940.jpg,36,368,156,474,120,106,4
2015_01940.jpg,161,202,280,332,119,130,3
2015_01940.jpg,294,226,339,259,45,33,4
2015_01941.jpg,572,187,598,305,26,118,10
2015_01941.jpg,52,114,485,321,433,207,3
2015_01941.jpg,606,186,641,310,35,124,10
2015_01941.jpg,474,190,507,236,33,46,10
2015_01941.jpg,504,188,548,309,44,121,10
2015_01942.jpg,536,199,606,391,70,192,10
2015_01942.jpg,85,87,540,408,455,321,3
2015_01942.jpg,184,177,247,253,63,76,10
2015_01942.jpg,4,237,113,475,109,238,4
2015_01942.jpg,250,189,290,237,40,48,10
2015_01943.jpg,95,234,153,374,58,140,10
2015_01943.jpg,243,216,292,268,49,52,10
2015_01943.jpg,203,26,572,401,369,375,3
2015_01944.jpg,5,76,175,420,170,344,3
2015_01944.jpg,168,195,246,384,78,189,10
2015_01944.jpg,207,212,258,332,51,120,10
2015_01945.jpg,1280,564,1351,724,71,160,10
2015_01945.jpg,550,325,1189,945,639,620,3
2015_01945.jpg,119,550,457,727,338,177,4
2015_01945.jpg,669,511,798,623,129,112,10
2015_01946.jpg,150,151,241,222,91,71,3
2015_01946.jpg,389,160,504,214,115,54,3
2015_01947.jpg,84,90,520,419,436,329,3
2015_01947.jpg,190,186,262,257,72,71,10
2015_01948.jpg,4,366,56,466,52,100,4
2015_01948.jpg,279,339,318,382,39,43,10
2015_01948.jpg,154,277,231,361,77,84,10
2015_01948.jpg,63,153,468,555,405,402,3
2015_01949.jpg,7,152,634,468,627,316,3
2015_01950.jpg,231,109,500,287,269,178,3
2015_01951.jpg,86,305,387,617,301,312,3
2015_01952.jpg,212,339,896,757,684,418,3
2015_01952.jpg,4,635,306,759,302,124,4
2015_01952.jpg,579,450,643,509,64,59,10
2015_01952.jpg,355,432,399,491,44,59,10
2015_01952.jpg,616,607,730,762,114,155,10
2015_01952.jpg,309,597,404,759,95,162,10
2015_01953.jpg,29,65,922,489,893,424,3
2015_01954.jpg,215,262,367,328,152,66,3
2015_01954.jpg,80,301,113,330,33,29,9
2015_01954.jpg,107,298,172,329,65,31,4
2015_01955.jpg,183,75,554,395,371,320,3
2015_01956.jpg,102,62,466,357,364,295,3
2015_01957.jpg,368,219,431,287,63,68,10
2015_01957.jpg,549,236,630,360,81,124,10
2015_01957.jpg,652,212,746,346,94,134,10
2015_01957.jpg,21,43,945,548,924,505,3
2015_01957.jpg,834,254,888,344,54,90,10
2015_01957.jpg,761,247,820,347,59,100,10
2015_01958.jpg,569,296,589,337,20,41,10
2015_01958.jpg,87,242,405,357,318,115,3
2015_01959.jpg,92,241,565,374,473,133,3
2015_01960.jpg,411,107,636,354,225,247,3
2015_01960.jpg,362,231,430,296,68,65,4
2015_01960.jpg,175,244,199,296,24,52,10
2015_01960.jpg,192,252,408,414,216,162,4
2015_01961.jpg,157,73,566,442,409,369,3
2015_01961.jpg,79,261,150,310,71,49,4
2015_01962.jpg,893,388,959,427,66,39,4
2015_01962.jpg,7,177,814,935,807,758,3
2015_01962.jpg,718,383,896,935,178,552,10
2015_01962.jpg,1092,490,1388,825,296,335,10
2015_01963.jpg,316,61,592,229,276,168,3
2015_01964.jpg,521,180,594,268,73,88,3
2015_01964.jpg,220,145,522,330,302,185,3
2015_01964.jpg,598,200,637,235,39,35,3
2015_01965.jpg,52,69,270,219,218,150,3
2015_01966.jpg,4,188,161,285,157,97,3
2015_01966.jpg,517,49,579,142,62,93,10
2015_01967.jpg,140,38,372,374,232,336,3
2015_01968.jpg,1,189,171,253,170,64,3
2015_01968.jpg,438,188,505,246,67,58,3
2015_01968.jpg,185,187,384,255,199,68,3
2015_01969.jpg,428,209,501,290,73,81,0
2015_01969.jpg,219,190,243,248,24,58,10
2015_01969.jpg,66,148,165,249,99,101,3
2015_01969.jpg,305,232,322,263,17,31,6
2015_01969.jpg,168,195,191,249,23,54,10
2015_01969.jpg,134,178,150,198,16,20,10
2015_01969.jpg,208,187,223,212,15,25,10
2015_01969.jpg,197,204,228,268,31,64,10
2015_01969.jpg,323,227,359,284,36,57,10
2015_01969.jpg,394,217,443,334,49,117,10
2015_01969.jpg,3,200,99,335,96,135,4
2015_01969.jpg,347,211,387,318,40,107,10
2015_01970.jpg,291,167,502,333,211,166,3
2015_01971.jpg,131,226,162,294,31,68,10
2015_01971.jpg,165,226,206,285,41,59,10
2015_01971.jpg,35,324,248,420,213,96,4
2015_01971.jpg,519,197,539,226,20,29,10
2015_01971.jpg,457,302,586,423,129,121,4
2015_01971.jpg,88,242,115,308,27,66,10
2015_01971.jpg,70,241,95,308,25,67,10
2015_01971.jpg,8,246,67,311,59,65,10
2015_01971.jpg,434,174,528,224,94,50,4
2015_01971.jpg,112,228,139,288,27,60,10
2015_01971.jpg,544,199,601,244,57,45,4
2015_01971.jpg,533,127,579,162,46,35,4
2015_01971.jpg,472,231,531,299,59,68,4
2015_01971.jpg,490,226,550,283,60,57,4
2015_01971.jpg,591,142,633,181,42,39,4
2015_01971.jpg,209,179,439,399,230,220,3
2015_01971.jpg,553,155,611,193,58,38,4
2015_01971.jpg,563,178,616,226,53,48,4
2015_01971.jpg,489,200,507,226,18,26,10
2015_01971.jpg,489,156,533,197,44,41,4
2015_01971.jpg,505,148,548,182,43,34,4
2015_01971.jpg,435,241,501,330,66,89,4
2015_01971.jpg,421,271,467,350,46,79,4
2015_01972.jpg,8,79,484,365,476,286,3
2015_01973.jpg,4,87,498,239,494,152,3
2015_01974.jpg,308,134,384,329,76,195,10
2015_01974.jpg,44,65,394,286,350,221,3
2015_01974.jpg,373,134,431,344,58,210,10
2015_01974.jpg,152,108,190,176,38,68,10
2015_01975.jpg,73,43,499,306,426,263,3
2015_01976.jpg,233,122,265,171,32,49,10
2015_01976.jpg,200,65,467,262,267,197,3
2015_01977.jpg,319,206,388,237,69,31,3
2015_01978.jpg,1820,1005,2032,1125,212,120,4
2015_01978.jpg,1266,981,1426,1079,160,98,4
2015_01978.jpg,726,913,1220,1154,494,241,3
2015_01979.jpg,264,466,970,826,706,360,3
2015_01979.jpg,961,461,1178,760,217,299,3
2015_01979.jpg,1131,489,1554,752,423,263,3
2015_01980.jpg,221,136,401,289,180,153,3
2015_01980.jpg,409,208,465,237,56,29,4
2015_01981.jpg,7,77,535,256,528,179,3
2015_01981.jpg,548,142,581,170,33,28,10
2015_01981.jpg,542,138,638,385,96,247,10
2015_01981.jpg,535,145,552,183,17,38,10
2015_01981.jpg,294,139,384,388,90,249,10
2015_01982.jpg,98,24,265,120,167,96,3
2015_01982.jpg,78,27,116,123,38,96,10
2015_01982.jpg,354,95,422,120,68,25,4
2015_01982.jpg,433,95,498,119,65,24,4
2015_01983.jpg,166,59,604,376,438,317,3
2015_01984.jpg,593,278,620,328,27,50,10
2015_01984.jpg,216,280,272,328,56,48,4
2015_01984.jpg,190,300,221,323,31,23,4
2015_01984.jpg,129,290,143,323,14,33,10
2015_01984.jpg,106,267,126,325,20,58,10
2015_01984.jpg,89,290,109,323,20,33,10
2015_01984.jpg,298,210,556,341,258,131,3
2015_01984.jpg,58,267,77,324,19,57,10
2015_01984.jpg,29,290,43,323,14,33,10
2015_01984.jpg,13,277,27,324,14,47,10
2015_01984.jpg,362,140,429,202,67,62,10
2015_01984.jpg,362,233,406,317,44,84,10
2015_01984.jpg,360,267,401,337,41,70,0
2015_01985.jpg,216,317,400,458,184,141,4
2015_01985.jpg,375,320,585,458,210,138,4
2015_01985.jpg,12,342,83,388,71,46,10
2015_01985.jpg,64,221,403,432,339,211,3
2015_01985.jpg,562,355,618,412,56,57,4
2015_01986.jpg,7,36,191,243,184,207,3
2015_01986.jpg,292,152,417,253,125,101,4
2015_01987.jpg,819,343,874,388,55,45,4
2015_01987.jpg,155,237,457,481,302,244,3
2015_01987.jpg,561,312,650,391,89,79,3
2015_01987.jpg,694,343,761,377,67,34,4
2015_01987.jpg,746,346,789,378,43,32,4
2015_01988.jpg,293,191,431,319,138,128,3
2015_01989.jpg,425,78,635,303,210,225,3
2015_01989.jpg,6,94,162,253,156,159,3
2015_01989.jpg,139,79,450,286,311,207,3
2015_01990.jpg,87,353,471,573,384,220,3
2015_01990.jpg,3,440,160,638,157,198,4
2015_01991.jpg,92,22,974,659,882,637,3
2015_01991.jpg,100,21,159,140,59,119,10
2015_01991.jpg,6,3,85,108,79,105,10
2015_01991.jpg,6,79,82,242,76,163,10
2015_01991.jpg,403,52,446,111,43,59,10
2015_01991.jpg,218,68,369,131,151,63,10
2015_01991.jpg,971,319,1022,651,51,332,10
2015_01992.jpg,105,221,128,249,23,28,9
2015_01992.jpg,134,167,446,252,312,85,3
2015_01993.jpg,130,227,241,332,111,105,3
2015_01993.jpg,235,271,264,304,29,33,4
2015_01994.jpg,107,101,531,329,424,228,3
2015_01995.jpg,35,187,605,339,570,152,3
2015_01996.jpg,81,262,115,292,34,30,4
2015_01996.jpg,154,250,430,339,276,89,3
2015_01997.jpg,106,276,436,445,330,169,3
2015_01997.jpg,42,324,265,447,223,123,3
2015_01997.jpg,430,329,594,440,164,111,3
2015_01998.jpg,34,203,308,493,274,290,3
2015_01999.jpg,445,237,480,331,35,94,10
2015_01999.jpg,255,260,313,307,58,47,4
2015_01999.jpg,9,4,273,359,264,355,3
2015_01999.jpg,478,229,544,353,66,124,10
2015_01999.jpg,471,231,504,330,33,99,10
2015_02000.jpg,650,234,1012,487,362,253,3
2015_02000.jpg,68,225,571,515,503,290,3
2015_02001.jpg,592,472,717,524,125,52,4
2015_02001.jpg,317,366,620,529,303,163,3
2015_02001.jpg,447,448,477,519,30,71,10
2015_02001.jpg,6,415,180,553,174,138,4
2015_02002.jpg,748,251,813,380,65,129,10
2015_02002.jpg,522,177,1007,546,485,369,3
2015_02003.jpg,348,584,458,693,110,109,10
2015_02003.jpg,125,260,660,865,535,605,3
2015_02003.jpg,438,387,538,453,100,66,10
2015_02003.jpg,457,595,525,675,68,80,10
2015_02003.jpg,341,367,419,447,78,80,10
2015_02004.jpg,404,185,632,289,228,104,3
2015_02004.jpg,29,261,84,302,55,41,0
2015_02005.jpg,149,132,475,332,326,200,3
2015_02006.jpg,79,176,570,319,491,143,3
2015_02007.jpg,89,248,121,273,32,25,4
2015_02007.jpg,79,227,119,266,40,39,3
2015_02007.jpg,19,249,38,281,19,32,10
2015_02007.jpg,192,191,472,345,280,154,3
2015_02007.jpg,125,206,213,302,88,96,3
2015_02008.jpg,52,66,387,319,335,253,3
2015_02008.jpg,380,178,464,227,84,49,4
2015_02008.jpg,449,151,494,273,45,122,10
2015_02008.jpg,103,129,164,185,61,56,10
2015_02009.jpg,897,546,942,574,45,28,4
2015_02009.jpg,341,546,381,630,40,84,10
2015_02009.jpg,865,554,898,580,33,26,4
2015_02009.jpg,638,556,656,593,18,37,10
2015_02009.jpg,530,546,556,596,26,50,10
2015_02009.jpg,385,552,432,629,47,77,10
2015_02009.jpg,427,546,468,628,41,82,10
2015_02009.jpg,477,543,515,645,38,102,10
2015_02009.jpg,709,555,758,641,49,86,10
2015_02009.jpg,965,546,999,673,34,127,10
2015_02009.jpg,651,544,717,594,66,50,4
2015_02009.jpg,977,549,1024,733,47,184,10
2015_02009.jpg,617,555,631,592,14,37,10
2015_02009.jpg,4,358,338,648,334,290,3
2015_02010.jpg,130,101,540,328,410,227,3
2015_02011.jpg,194,82,471,416,277,334,3
2015_02012.jpg,115,111,518,394,403,283,3
2015_02013.jpg,217,180,236,203,19,23,10
2015_02013.jpg,477,286,504,333,27,47,10
2015_02013.jpg,406,144,440,183,34,39,10
2015_02013.jpg,197,186,219,215,22,29,10
2015_02013.jpg,529,268,578,412,49,144,10
2015_02013.jpg,115,85,527,424,412,339,3
2015_02013.jpg,245,178,267,200,22,22,10
2015_02013.jpg,580,273,626,417,46,144,10
2015_02014.jpg,477,259,516,374,39,115,10
2015_02014.jpg,460,262,491,373,31,111,10
2015_02014.jpg,407,265,446,306,39,41,10
2015_02014.jpg,373,261,406,301,33,40,10
2015_02014.jpg,109,118,475,380,366,262,3
2015_02014.jpg,297,150,331,196,34,46,10
2015_02015.jpg,259,178,288,250,29,72,10
2015_02015.jpg,328,162,472,204,144,42,10
2015_02015.jpg,83,35,503,291,420,256,3
2015_02016.jpg,302,187,338,244,36,57,10
2015_02016.jpg,484,203,523,250,39,47,10
2015_02016.jpg,230,203,295,250,65,47,10
2015_02016.jpg,451,201,484,250,33,49,10
2015_02016.jpg,417,199,441,254,24,55,10
2015_02016.jpg,375,181,418,248,43,67,10
2015_02016.jpg,8,62,627,376,619,314,3
2015_02016.jpg,353,209,408,251,55,42,10
2015_02017.jpg,402,296,872,597,470,301,3
2015_02017.jpg,320,403,409,517,89,114,3
2015_02017.jpg,13,518,84,658,71,140,9
2015_02017.jpg,958,477,1021,557,63,80,9
2015_02017.jpg,953,436,1014,499,61,63,10
2015_02017.jpg,46,463,101,555,55,92,10
2015_02017.jpg,123,469,158,567,35,98,10
2015_02017.jpg,178,463,229,523,51,60,10
2015_02017.jpg,872,442,946,542,74,100,10
2015_02018.jpg,218,184,919,506,701,322,3
2015_02019.jpg,313,324,330,359,17,35,10
2015_02019.jpg,13,195,185,413,172,218,3
2015_02019.jpg,295,324,311,362,16,38,10
2015_02020.jpg,18,275,193,443,175,168,3
2015_02020.jpg,225,361,261,415,36,54,3
2015_02021.jpg,220,162,252,252,32,90,10
2015_02021.jpg,193,151,220,247,27,96,10
2015_02021.jpg,56,154,95,229,39,75,10
2015_02021.jpg,92,162,119,229,27,67,10
2015_02021.jpg,146,99,428,275,282,176,3
2015_02021.jpg,112,140,171,272,59,132,10
2015_02022.jpg,112,129,137,204,25,75,10
2015_02022.jpg,135,133,158,191,23,58,10
2015_02022.jpg,19,126,57,238,38,112,10
2015_02022.jpg,334,143,385,180,51,37,4
2015_02022.jpg,49,127,80,219,31,92,10
2015_02022.jpg,92,132,112,197,20,65,10
2015_02022.jpg,468,150,506,203,38,53,4
2015_02022.jpg,190,94,341,218,151,124,3
2015_02022.jpg,151,133,166,183,15,50,10
2015_02022.jpg,175,139,197,200,22,61,10
2015_02023.jpg,149,64,287,222,138,158,3
2015_02023.jpg,450,188,493,236,43,48,0
2015_02024.jpg,9,274,366,518,357,244,3
2015_02025.jpg,240,143,628,438,388,295,3
2015_02025.jpg,415,223,466,315,51,92,10
2015_02026.jpg,6,510,130,614,124,104,4
2015_02026.jpg,379,432,465,515,86,83,4
2015_02026.jpg,552,437,609,511,57,74,4
2015_02026.jpg,759,503,907,624,148,121,4
2015_02026.jpg,693,519,770,597,77,78,4
2015_02026.jpg,93,228,355,638,262,410,3
2015_02027.jpg,333,162,365,242,32,80,10
2015_02027.jpg,262,156,289,262,27,106,10
2015_02027.jpg,235,134,279,202,44,68,10
2015_02027.jpg,178,169,200,198,22,29,10
2015_02027.jpg,127,132,150,161,23,29,10
2015_02027.jpg,148,132,168,163,20,31,10
2015_02027.jpg,186,129,231,165,45,36,10
2015_02027.jpg,110,127,131,160,21,33,10
2015_02027.jpg,213,167,254,322,41,155,10
2015_02027.jpg,299,176,355,332,56,156,10
2015_02027.jpg,99,98,421,248,322,150,3
2015_02027.jpg,433,186,487,301,54,115,10
2015_02027.jpg,414,220,501,333,87,113,10
2015_02027.jpg,393,169,474,267,81,98,10
2015_02027.jpg,130,162,162,204,32,42,10
2015_02027.jpg,103,162,129,240,26,78,10
2015_02027.jpg,47,161,99,331,52,170,10
2015_02027.jpg,148,160,203,326,55,166,10
2015_02027.jpg,287,137,338,172,51,35,10
2015_02027.jpg,359,164,396,276,37,112,10
2015_02028.jpg,735,303,888,391,153,88,4
2015_02028.jpg,855,291,890,345,35,54,10
2015_02028.jpg,154,267,183,386,29,119,10
2015_02028.jpg,84,250,132,391,48,141,10
2015_02028.jpg,47,248,88,392,41,144,10
2015_02028.jpg,11,249,49,388,38,139,10
2015_02028.jpg,199,304,222,351,23,47,10
2015_02028.jpg,260,309,281,356,21,47,10
2015_02028.jpg,288,305,312,348,24,43,10
2015_02028.jpg,316,60,729,452,413,392,3
2015_02028.jpg,115,262,155,398,40,136,10
2015_02029.jpg,176,112,591,407,415,295,3
2015_02029.jpg,5,230,252,471,247,241,10
2015_02029.jpg,33,231,84,360,51,129,10
2015_02029.jpg,384,177,485,269,101,92,10
2015_02030.jpg,2,197,134,383,132,186,4
2015_02030.jpg,150,93,423,257,273,164,3
2015_02030.jpg,425,181,602,254,177,73,4
2015_02031.jpg,727,371,768,453,41,82,10
2015_02031.jpg,790,396,848,433,58,37,9
2015_02031.jpg,218,235,722,646,504,411,3
2015_02032.jpg,430,231,448,262,18,31,10
2015_02032.jpg,451,217,466,256,15,39,10
2015_02032.jpg,290,232,352,286,62,54,4
2015_02032.jpg,219,237,312,308,93,71,4
2015_02032.jpg,330,246,431,300,101,54,4
2015_02032.jpg,67,187,197,317,130,130,3
2015_02033.jpg,54,47,587,435,533,388,3
2015_02034.jpg,159,75,496,420,337,345,3
2015_02035.jpg,482,196,506,227,24,31,10
2015_02035.jpg,89,150,270,259,181,109,3
2015_02035.jpg,263,204,290,239,27,35,4
2015_02035.jpg,283,204,319,233,36,29,4
2015_02035.jpg,311,204,344,230,33,26,4
2015_02035.jpg,344,203,371,225,27,22,4
2015_02035.jpg,358,190,403,213,45,23,3
2015_02035.jpg,397,194,419,217,22,23,3
2015_02035.jpg,365,206,406,241,41,35,4
2015_02035.jpg,435,200,464,233,29,33,4
2015_02035.jpg,2,129,86,275,84,146,3
2015_02036.jpg,369,222,475,304,106,82,3
2015_02036.jpg,217,255,246,286,29,31,4
2015_02036.jpg,242,255,275,287,33,32,4
2015_02036.jpg,176,260,206,288,30,28,4
2015_02036.jpg,299,262,352,282,53,20,4
2015_02036.jpg,274,262,302,279,28,17,4
2015_02037.jpg,464,111,606,328,142,217,3
2015_02038.jpg,243,233,259,281,16,48,10
2015_02038.jpg,301,233,331,306,30,73,10
2015_02038.jpg,63,154,198,284,135,130,3
2015_02039.jpg,327,167,374,247,47,80,9
2015_02039.jpg,4,96,61,216,57,120,10
2015_02039.jpg,407,103,466,204,59,101,10
2015_02039.jpg,59,168,104,241,45,73,9
2015_02039.jpg,352,179,435,313,83,134,9
2015_02039.jpg,105,140,196,251,91,111,9
2015_02039.jpg,197,138,291,265,94,127,9
2015_02039.jpg,223,15,459,146,236,131,3
2015_02039.jpg,248,98,281,141,33,43,10
2015_02039.jpg,306,95,345,170,39,75,10
2015_02039.jpg,270,137,335,230,65,93,9
2015_02039.jpg,269,93,332,229,63,136,10
2015_02039.jpg,449,220,522,324,73,104,9
2015_02039.jpg,69,99,119,226,50,127,10
2015_02039.jpg,346,95,384,172,38,77,10
2015_02039.jpg,5,143,62,229,57,86,9
2015_02039.jpg,54,84,81,130,27,46,10
2015_02039.jpg,96,88,131,148,35,60,10
2015_02039.jpg,119,93,181,243,62,150,10
2015_02039.jpg,154,90,210,202,56,112,10
2015_02039.jpg,464,95,521,297,57,202,10
2015_02039.jpg,179,99,209,145,30,46,10
2015_02039.jpg,342,109,443,315,101,206,10
2015_02039.jpg,191,98,294,255,103,157,10
2015_02040.jpg,6,248,47,306,41,58,3
2015_02040.jpg,54,241,110,309,56,68,3
2015_02040.jpg,115,99,437,369,322,270,3
2015_02041.jpg,512,256,553,359,41,103,10
2015_02041.jpg,111,146,216,331,105,185,3
2015_02041.jpg,572,256,626,369,54,113,10
2015_02041.jpg,195,111,460,365,265,254,3
2015_02041.jpg,350,140,392,177,42,37,10
2015_02041.jpg,365,234,398,288,33,54,10
2015_02041.jpg,326,237,362,276,36,39,10
2015_02041.jpg,476,246,504,359,28,113,10
2015_02042.jpg,502,192,545,337,43,145,10
2015_02042.jpg,329,141,394,212,65,71,10
2015_02042.jpg,110,67,522,334,412,267,3
2015_02043.jpg,570,185,601,220,31,35,4
2015_02043.jpg,150,196,242,260,92,64,4
2015_02043.jpg,299,81,587,302,288,221,3
2015_02044.jpg,248,165,289,193,41,28,0
2015_02044.jpg,201,152,222,183,21,31,9
2015_02044.jpg,23,96,172,221,149,125,3
2015_02044.jpg,339,153,507,239,168,86,4
2015_02044.jpg,296,167,313,201,17,34,9
2015_02044.jpg,216,159,247,187,31,28,9
2015_02045.jpg,576,215,602,331,26,116,10
2015_02045.jpg,437,200,473,244,36,44,10
2015_02045.jpg,197,226,226,259,29,33,10
2015_02045.jpg,114,212,137,232,23,20,10
2015_02045.jpg,33,117,596,365,563,248,3
2015_02045.jpg,303,82,327,119,24,37,10
2015_02045.jpg,328,89,344,112,16,23,10
2015_02045.jpg,6,277,46,306,40,29,0
2015_02046.jpg,914,430,1018,666,104,236,4
2015_02046.jpg,243,485,323,536,80,51,4
2015_02046.jpg,333,293,721,598,388,305,3
2015_02046.jpg,4,500,131,568,127,68,4
2015_02047.jpg,690,346,1016,609,326,263,3
2015_02047.jpg,280,535,372,582,92,47,4
2015_02048.jpg,440,321,660,519,220,198,3
2015_02049.jpg,797,338,986,461,189,123,4
2015_02049.jpg,146,328,395,445,249,117,4
2015_02049.jpg,905,366,1018,480,113,114,4
2015_02049.jpg,629,357,762,429,133,72,4
2015_02049.jpg,376,220,604,452,228,232,3
2015_02050.jpg,285,250,593,507,308,257,3
2015_02050.jpg,758,386,1001,608,243,222,4
2015_02050.jpg,170,395,269,458,99,63,4
2015_02050.jpg,660,396,787,483,127,87,4
2015_02051.jpg,541,338,775,477,234,139,3
2015_02051.jpg,755,414,837,474,82,60,4
2015_02051.jpg,879,401,1018,494,139,93,4
2015_02052.jpg,300,249,723,550,423,301,3
2015_02053.jpg,288,390,331,419,43,29,4
2015_02053.jpg,735,421,853,500,118,79,4
2015_02053.jpg,348,214,741,528,393,314,3
2015_02053.jpg,62,374,316,528,254,154,4
2015_02053.jpg,844,405,1019,515,175,110,4
2015_02054.jpg,28,291,64,342,36,51,4
2015_02054.jpg,49,87,312,403,263,316,3
2015_02055.jpg,107,88,488,249,381,161,3
2015_02056.jpg,306,204,466,285,160,81,3
2015_02057.jpg,209,152,521,280,312,128,3
2015_02057.jpg,521,211,545,269,24,58,10
2015_02058.jpg,469,191,589,321,120,130,3
2015_02058.jpg,155,183,531,361,376,178,3
2015_02059.jpg,76,175,141,390,65,215,10
2015_02059.jpg,504,117,551,176,47,59,10
2015_02059.jpg,178,198,256,358,78,160,10
2015_02059.jpg,9,169,27,227,18,58,10
2015_02059.jpg,27,177,47,223,20,46,10
2015_02059.jpg,244,12,634,378,390,366,3
2015_02059.jpg,372,101,426,172,54,71,10
2015_02059.jpg,211,174,257,230,46,56,4
2015_02060.jpg,278,226,317,267,39,41,10
2015_02060.jpg,606,242,637,360,31,118,10
2015_02060.jpg,118,61,449,377,331,316,3
2015_02061.jpg,179,101,368,219,189,118,3
2015_02062.jpg,527,154,638,326,111,172,3
2015_02062.jpg,67,82,515,436,448,354,3
2015_02063.jpg,35,118,359,285,324,167,3
2015_02064.jpg,483,316,613,416,130,100,10
2015_02064.jpg,41,15,983,663,942,648,3
2015_02065.jpg,410,631,497,871,87,240,10
2015_02065.jpg,468,632,539,875,71,243,10
2015_02065.jpg,521,620,592,876,71,256,10
2015_02065.jpg,45,383,901,854,856,471,3
2015_02065.jpg,598,627,683,836,85,209,10
2015_02066.jpg,27,21,719,741,692,720,3
2015_02067.jpg,88,39,1001,733,913,694,3
2015_02068.jpg,45,15,1015,615,970,600,3
2015_02069.jpg,351,567,476,853,125,286,0
2015_02069.jpg,28,442,187,664,159,222,4
2015_02069.jpg,150,63,985,748,835,685,3
2015_02069.jpg,327,386,516,818,189,432,10
2015_02070.jpg,210,13,1020,671,810,658,3
2015_02070.jpg,5,393,37,447,32,54,4
2015_02070.jpg,28,391,98,450,70,59,4
2015_02070.jpg,578,294,715,439,137,145,10
2015_02070.jpg,106,394,206,469,100,75,4
2015_02071.jpg,446,84,985,500,539,416,3
2015_02071.jpg,70,36,455,483,385,447,3
2015_02072.jpg,33,57,974,850,941,793,3
2015_02073.jpg,78,102,573,632,495,530,3
2015_02073.jpg,569,165,966,621,397,456,3
2015_02074.jpg,78,67,979,799,901,732,3
2015_02075.jpg,9,26,948,788,939,762,3
2015_02075.jpg,140,383,400,818,260,435,10
2015_02076.jpg,114,341,239,590,125,249,10
2015_02076.jpg,46,56,962,556,916,500,3
2015_02077.jpg,268,51,981,794,713,743,3
2015_02077.jpg,727,309,841,458,114,149,10
2015_02077.jpg,8,434,216,595,208,161,4
2015_02077.jpg,114,428,289,558,175,130,4
2015_02078.jpg,682,259,760,338,78,79,10
2015_02078.jpg,699,290,804,504,105,214,10
2015_02078.jpg,27,106,1020,498,993,392,3
2015_02078.jpg,103,300,206,482,103,182,10
2015_02078.jpg,292,316,356,463,64,147,10
2015_02078.jpg,611,320,682,488,71,168,10
2015_02078.jpg,350,307,438,489,88,182,10
2015_02078.jpg,553,336,631,491,78,155,10
2015_02078.jpg,451,304,519,500,68,196,10
2015_02078.jpg,503,306,574,490,71,184,10
2015_02079.jpg,84,6,1013,831,929,825,3
2015_02080.jpg,78,82,1017,754,939,672,3
2015_02081.jpg,38,86,994,673,956,587,3
2015_02082.jpg,6,419,325,861,319,442,4
2015_02082.jpg,620,552,773,888,153,336,0
2015_02082.jpg,81,29,984,767,903,738,3
2015_02082.jpg,615,325,778,838,163,513,10
2015_02083.jpg,837,463,1022,714,185,251,4
2015_02083.jpg,233,561,362,778,129,217,0
2015_02083.jpg,40,33,878,727,838,694,3
2015_02083.jpg,206,368,363,779,157,411,10
2015_02084.jpg,4,405,57,445,53,40,4
2015_02084.jpg,134,37,1018,685,884,648,3
2015_02084.jpg,509,312,585,465,76,153,10
2015_02084.jpg,85,401,149,453,64,52,4
2015_02085.jpg,156,55,985,935,829,880,3
2015_02085.jpg,270,316,423,449,153,133,10
2015_02085.jpg,711,314,877,474,166,160,10
2015_02086.jpg,227,52,888,788,661,736,3
2015_02086.jpg,482,312,630,482,148,170,10
2015_02086.jpg,54,413,259,589,205,176,4
2015_02087.jpg,36,32,987,824,951,792,3
2015_02088.jpg,9,553,147,788,138,235,4
2015_02088.jpg,99,68,966,904,867,836,3
2015_02089.jpg,46,23,875,728,829,705,3
2015_02089.jpg,895,436,1023,698,128,262,4
2015_02090.jpg,884,305,1008,585,124,280,10
2015_02090.jpg,9,24,781,672,772,648,3
2015_02091.jpg,260,20,1009,674,749,654,3
2015_02091.jpg,67,346,203,673,136,327,10
2015_02092.jpg,207,24,1013,697,806,673,3
2015_02093.jpg,158,8,564,475,406,467,3
2015_02094.jpg,41,3,634,415,593,412,3
2015_02094.jpg,7,242,55,354,48,112,10
2015_02095.jpg,185,120,373,278,188,158,3
2015_02095.jpg,6,212,132,328,126,116,4
2015_02096.jpg,171,120,232,195,61,75,10
2015_02096.jpg,277,137,317,194,40,57,10
2015_02096.jpg,399,133,443,216,44,83,10
2015_02096.jpg,46,32,481,401,435,369,3
2015_02096.jpg,21,178,71,210,50,32,4
2015_02097.jpg,285,105,348,157,63,52,10
2015_02097.jpg,336,205,392,263,56,58,10
2015_02097.jpg,485,160,512,192,27,32,10
2015_02097.jpg,336,95,387,149,51,54,10
2015_02097.jpg,527,306,587,349,60,43,4
2015_02097.jpg,239,103,283,164,44,61,10
2015_02097.jpg,191,71,539,359,348,288,3
2015_02098.jpg,454,201,533,290,79,89,3
2015_02098.jpg,360,187,469,300,109,113,3
2015_02098.jpg,279,161,383,307,104,146,3
2015_02098.jpg,9,128,302,335,293,207,3
2015_02099.jpg,275,328,297,369,22,41,10
2015_02099.jpg,457,336,538,399,81,63,4
2015_02099.jpg,85,276,397,441,312,165,3
2015_02100.jpg,130,353,773,701,643,348,3
2015_02101.jpg,162,165,498,428,336,263,3
2015_02102.jpg,150,153,302,338,152,185,3
2015_02103.jpg,200,227,259,269,59,42,3
2015_02103.jpg,336,235,356,274,20,39,10
2015_02103.jpg,6,202,169,285,163,83,3
2015_02104.jpg,153,229,175,274,22,45,10
2015_02104.jpg,326,104,633,340,307,236,3
2015_02104.jpg,337,231,392,379,55,148,10
2015_02104.jpg,180,229,207,277,27,48,10
2015_02104.jpg,264,233,278,261,14,28,10
2015_02104.jpg,206,231,224,272,18,41,10
2015_02105.jpg,149,266,230,344,81,78,4
2015_02105.jpg,221,134,257,164,36,30,4
2015_02105.jpg,79,126,192,213,113,87,3
2015_02106.jpg,205,197,237,225,32,28,4
2015_02106.jpg,339,131,364,147,25,16,4
2015_02106.jpg,174,214,214,249,40,35,4
2015_02106.jpg,379,124,393,139,14,15,4
2015_02106.jpg,161,245,210,286,49,41,4
2015_02106.jpg,60,188,147,280,87,92,3
2015_02107.jpg,18,334,435,621,417,287,3
2015_02108.jpg,186,237,293,359,107,122,3
2015_02109.jpg,363,193,389,246,26,53,10
2015_02109.jpg,382,197,413,253,31,56,10
2015_02109.jpg,361,97,391,126,30,29,10
2015_02109.jpg,447,193,486,315,39,122,10
2015_02109.jpg,305,71,344,121,39,50,10
2015_02109.jpg,27,95,156,287,129,192,3
2015_02109.jpg,135,38,463,351,328,313,3
2015_02109.jpg,504,205,543,325,39,120,10
2015_02109.jpg,298,195,343,236,45,41,10
2015_02109.jpg,385,93,417,126,32,33,10
2015_02109.jpg,537,208,567,328,30,120,10
2015_02110.jpg,139,13,393,379,254,366,3
2015_02111.jpg,9,92,328,193,319,101,3
2015_02111.jpg,303,93,500,192,197,99,3
2015_02111.jpg,353,146,468,189,115,43,4
2015_02112.jpg,14,239,36,270,22,31,10
2015_02112.jpg,188,158,401,343,213,185,3
2015_02113.jpg,541,408,681,557,140,149,10
2015_02113.jpg,745,380,861,574,116,194,10
2015_02113.jpg,18,487,414,665,396,178,4
2015_02113.jpg,1156,419,1241,499,85,80,4
2015_02113.jpg,424,208,1182,863,758,655,3
2015_02114.jpg,550,286,584,319,34,33,4
2015_02114.jpg,48,285,72,337,24,52,10
2015_02114.jpg,527,289,556,320,29,31,4
2015_02114.jpg,31,282,46,333,15,51,10
2015_02114.jpg,4,278,26,336,22,58,10
2015_02114.jpg,82,17,506,440,424,423,3
2015_02114.jpg,494,284,538,334,44,50,4
2015_02115.jpg,227,129,369,336,142,207,3
2015_02115.jpg,337,82,624,379,287,297,3
2015_02115.jpg,12,109,243,367,231,258,3
2015_02116.jpg,387,173,417,262,30,89,10
2015_02116.jpg,129,166,218,275,89,109,3
2015_02116.jpg,194,127,432,265,238,138,3
2015_02116.jpg,404,120,625,258,221,138,3
2015_02116.jpg,612,174,638,249,26,75,10
2015_02116.jpg,364,163,395,199,31,36,10
2015_02116.jpg,488,174,525,257,37,83,10
2015_02117.jpg,92,87,493,634,401,547,3
2015_02117.jpg,477,279,940,630,463,351,3
2015_02118.jpg,1452,778,1596,1050,144,272,4
2015_02118.jpg,18,696,178,1046,160,350,10
2015_02118.jpg,463,805,684,1026,221,221,4
2015_02118.jpg,648,638,1064,1039,416,401,10
2015_02118.jpg,173,637,501,1050,328,413,10
2015_02118.jpg,681,492,1423,1046,742,554,3
2015_02119.jpg,51,129,878,914,827,785,3
2015_02119.jpg,1071,390,1275,1030,204,640,10
2015_02119.jpg,924,528,1031,783,107,255,10
2015_02119.jpg,834,513,921,781,87,268,10
2015_02120.jpg,174,124,670,342,496,218,3
2015_02121.jpg,118,95,493,431,375,336,3
2015_02122.jpg,378,266,945,597,567,331,3
2015_02123.jpg,337,189,596,349,259,160,3
2015_02124.jpg,333,212,372,249,39,37,10
2015_02124.jpg,26,211,146,291,120,80,3
2015_02124.jpg,147,133,535,381,388,248,3
2015_02125.jpg,50,146,531,350,481,204,3
2015_02126.jpg,194,450,259,480,65,30,4
2015_02126.jpg,71,441,92,488,21,47,10
2015_02126.jpg,4,399,61,494,57,95,3
2015_02126.jpg,242,418,319,478,77,60,3
2015_02126.jpg,98,450,198,486,100,36,4
2015_02127.jpg,599,268,637,429,38,161,10
2015_02127.jpg,615,244,637,283,22,39,10
2015_02127.jpg,160,149,530,439,370,290,3
2015_02127.jpg,512,264,566,414,54,150,10
2015_02127.jpg,550,254,598,430,48,176,10
2015_02127.jpg,21,282,69,324,48,42,0
2015_02127.jpg,2,263,22,319,20,56,10
2015_02128.jpg,318,186,351,217,33,31,10
2015_02128.jpg,423,194,472,241,49,47,4
2015_02128.jpg,344,183,426,441,82,258,10
2015_02128.jpg,262,196,337,386,75,190,10
2015_02128.jpg,464,160,561,417,97,257,10
2015_02128.jpg,296,180,322,214,26,34,10
2015_02128.jpg,271,185,300,219,29,34,10
2015_02128.jpg,24,75,371,389,347,314,3
2015_02128.jpg,523,177,621,443,98,266,10
2015_02129.jpg,69,86,919,631,850,545,3
2015_02130.jpg,138,140,172,227,34,87,10
2015_02130.jpg,584,170,636,251,52,81,4
2015_02130.jpg,196,103,307,221,111,118,3
2015_02130.jpg,300,164,353,320,53,156,10
2015_02130.jpg,298,104,589,304,291,200,3
2015_02130.jpg,165,172,210,320,45,148,10
2015_02130.jpg,230,180,278,321,48,141,10
2015_02131.jpg,459,263,474,306,15,43,10
2015_02131.jpg,473,264,490,307,17,43,10
2015_02131.jpg,250,267,292,315,42,48,4
2015_02131.jpg,413,265,472,323,59,58,4
2015_02131.jpg,296,229,332,262,36,33,10
2015_02131.jpg,169,255,195,318,26,63,10
2015_02131.jpg,280,112,416,341,136,229,3
2015_02132.jpg,233,169,267,220,34,51,10
2015_02132.jpg,117,107,474,336,357,229,3
2015_02132.jpg,266,177,313,218,47,41,10
2015_02132.jpg,86,176,125,331,39,155,10
2015_02132.jpg,158,169,210,230,52,61,10
2015_02133.jpg,234,15,549,424,315,409,3
2015_02133.jpg,138,283,246,381,108,98,4
2015_02133.jpg,529,235,586,363,57,128,3
2015_02133.jpg,190,239,253,352,63,113,3
2015_02134.jpg,91,399,637,584,546,185,3
2015_02135.jpg,15,33,433,400,418,367,3
2015_02136.jpg,447,204,465,228,18,24,9
2015_02136.jpg,482,249,502,278,20,29,9
2015_02136.jpg,458,232,475,259,17,27,9
2015_02136.jpg,341,152,378,177,37,25,4
2015_02136.jpg,323,139,343,158,20,19,4
2015_02136.jpg,298,141,330,166,32,25,4
2015_02136.jpg,434,215,447,241,13,26,10
2015_02136.jpg,349,135,385,156,36,21,4
2015_02136.jpg,384,142,424,160,40,18,4
2015_02136.jpg,440,264,473,306,33,42,9
2015_02136.jpg,404,152,454,175,50,23,4
2015_02136.jpg,411,143,452,159,41,16,4
2015_02136.jpg,403,260,430,295,27,35,9
2015_02136.jpg,464,207,481,227,17,20,9
2015_02136.jpg,432,226,451,254,19,28,9
2015_02136.jpg,481,217,497,230,16,13,9
2015_02136.jpg,481,231,504,260,23,29,10
2015_02136.jpg,460,194,474,217,14,23,10
2015_02136.jpg,476,202,494,226,18,24,10
2015_02136.jpg,447,193,460,219,13,26,10
2015_02136.jpg,373,126,389,143,16,17,10
2015_02136.jpg,328,214,386,267,58,53,4
2015_02136.jpg,365,204,426,257,61,53,4
2015_02136.jpg,459,219,476,246,17,27,10
2015_02136.jpg,403,196,461,239,58,43,4
2015_02136.jpg,314,184,349,220,35,36,4
2015_02136.jpg,405,248,426,289,21,41,10
2015_02136.jpg,255,97,281,132,26,35,3
2015_02136.jpg,337,173,377,211,40,38,4
2015_02136.jpg,302,163,327,186,25,23,4
2015_02136.jpg,317,154,351,184,34,30,4
2015_02136.jpg,369,169,415,203,46,34,4
2015_02136.jpg,446,254,465,301,19,47,10
2015_02136.jpg,250,150,334,282,84,132,3
2015_02136.jpg,223,120,321,158,98,38,4
2015_02136.jpg,134,162,210,197,76,35,4
2015_02136.jpg,233,92,262,134,29,42,4
2015_02136.jpg,105,138,128,169,23,31,4
2015_02136.jpg,440,153,493,176,53,23,4
2015_02136.jpg,149,116,178,135,29,19,4
2015_02136.jpg,14,140,75,169,61,29,4
2015_02137.jpg,1352,518,1598,766,246,248,4
2015_02137.jpg,497,478,631,755,134,277,10
2015_02137.jpg,591,441,718,498,127,57,10
2015_02137.jpg,728,271,1591,744,863,473,3
2015_02137.jpg,280,462,479,858,199,396,10
2015_02137.jpg,203,301,787,714,584,413,3
2015_02137.jpg,136,458,262,764,126,306,10
2015_02138.jpg,66,282,128,353,62,71,6
2015_02138.jpg,143,263,178,299,35,36,6
2015_02138.jpg,273,151,543,359,270,208,3
2015_02139.jpg,292,179,317,243,25,64,10
2015_02139.jpg,106,80,252,248,146,168,3
2015_02139.jpg,47,161,98,307,51,146,10
2015_02140.jpg,151,181,736,624,585,443,3
2015_02140.jpg,6,438,48,501,42,63,10
2015_02140.jpg,375,256,448,309,73,53,10
2015_02141.jpg,700,197,737,247,37,50,10
2015_02141.jpg,873,426,951,666,78,240,10
2015_02141.jpg,954,434,1016,671,62,237,10
2015_02141.jpg,769,414,860,517,91,103,10
2015_02141.jpg,6,400,39,479,33,79,10
2015_02141.jpg,59,385,116,569,57,184,10
2015_02141.jpg,298,408,353,480,55,72,10
2015_02141.jpg,72,79,917,657,845,578,3
2015_02142.jpg,139,84,560,442,421,358,3
2015_02143.jpg,67,165,187,418,120,253,10
2015_02143.jpg,128,54,580,374,452,320,3
2015_02144.jpg,476,224,524,345,48,121,10
2015_02144.jpg,3,62,372,369,369,307,3
2015_02144.jpg,284,208,311,240,27,32,10
2015_02144.jpg,445,227,484,340,39,113,10
2015_02145.jpg,377,271,411,310,34,39,10
2015_02145.jpg,474,266,520,322,46,56,10
2015_02145.jpg,124,81,563,415,439,334,3
2015_02145.jpg,600,282,637,413,37,131,10
2015_02146.jpg,171,307,189,325,18,18,4
2015_02146.jpg,201,307,220,321,19,14,4
2015_02146.jpg,140,308,163,329,23,21,4
2015_02146.jpg,248,109,483,394,235,285,3
2015_02147.jpg,107,14,535,458,428,444,3
2015_02148.jpg,34,73,583,400,549,327,3
2015_02148.jpg,141,212,176,252,35,40,10
2015_02148.jpg,188,216,217,253,29,37,10
2015_02149.jpg,10,541,100,617,90,76,4
2015_02149.jpg,1066,609,1148,691,82,82,6
2015_02149.jpg,1165,616,1338,709,173,93,6
2015_02149.jpg,762,493,862,607,100,114,10
2015_02149.jpg,226,392,1076,774,850,382,3
2015_02150.jpg,323,214,355,321,32,107,10
2015_02150.jpg,354,222,387,322,33,100,10
2015_02150.jpg,214,221,242,249,28,28,10
2015_02150.jpg,391,216,456,327,65,111,10
2015_02150.jpg,86,190,117,225,31,35,10
2015_02150.jpg,238,234,366,289,128,55,4
2015_02150.jpg,452,218,505,328,53,110,10
2015_02150.jpg,26,81,207,311,181,230,3
2015_02150.jpg,240,219,284,240,44,21,10
2015_02150.jpg,286,216,335,236,49,20,10
2015_02151.jpg,27,305,1132,644,1105,339,3
2015_02152.jpg,222,130,427,279,205,149,3
2015_02152.jpg,363,169,400,210,37,41,10
2015_02152.jpg,419,193,496,245,77,52,4
2015_02152.jpg,608,218,638,283,30,65,4
2015_02153.jpg,339,193,370,263,31,70,10
2015_02153.jpg,383,183,416,275,33,92,10
2015_02153.jpg,412,195,455,285,43,90,10
2015_02153.jpg,307,187,342,259,35,72,10
2015_02153.jpg,585,198,635,249,50,51,4
2015_02153.jpg,522,197,565,249,43,52,4
2015_02153.jpg,444,195,538,264,94,69,4
2015_02153.jpg,501,124,607,212,106,88,3
2015_02153.jpg,205,186,241,282,36,96,10
2015_02153.jpg,177,185,210,263,33,78,10
2015_02153.jpg,300,87,507,252,207,165,3
2015_02153.jpg,49,170,78,254,29,84,10
2015_02153.jpg,144,172,179,271,35,99,10
2015_02153.jpg,97,183,138,266,41,83,10
2015_02153.jpg,72,172,108,256,36,84,10
2015_02153.jpg,219,174,260,270,41,96,10
2015_02153.jpg,254,183,283,267,29,84,10
2015_02153.jpg,553,190,601,306,48,116,10
2015_02153.jpg,358,186,390,272,32,86,10
2015_02153.jpg,283,194,312,278,29,84,10
2015_02153.jpg,29,164,53,240,24,76,10
2015_02153.jpg,2,164,19,239,17,75,10
2015_02154.jpg,16,208,612,408,596,200,3
2015_02155.jpg,229,198,417,310,188,112,3
2015_02155.jpg,173,248,235,302,62,54,4
2015_02155.jpg,459,267,483,285,24,18,4
2015_02155.jpg,392,260,426,288,34,28,4
2015_02156.jpg,24,59,475,561,451,502,3
2015_02157.jpg,62,51,610,572,548,521,3
2015_02158.jpg,359,206,421,319,62,113,9
2015_02158.jpg,289,179,333,303,44,124,10
2015_02158.jpg,257,177,281,208,24,31,4
2015_02158.jpg,332,184,378,221,46,37,4
2015_02158.jpg,3,170,44,218,41,48,4
2015_02158.jpg,31,89,265,268,234,179,3
2015_02159.jpg,416,184,479,488,63,304,10
2015_02159.jpg,4,99,265,272,261,173,3
2015_02159.jpg,218,161,341,518,123,357,10
2015_02159.jpg,310,212,341,241,31,29,4
2015_02159.jpg,414,210,447,311,33,101,10
2015_02159.jpg,347,174,390,327,43,153,10
2015_02159.jpg,345,213,362,232,17,19,4
2015_02159.jpg,404,213,421,268,17,55,10
2015_02160.jpg,102,108,450,343,348,235,3
2015_02161.jpg,48,118,533,302,485,184,3
2015_02161.jpg,302,200,345,328,43,128,10
2015_02162.jpg,211,89,234,114,23,25,10
2015_02162.jpg,240,89,285,114,45,25,10
2015_02162.jpg,64,65,468,278,404,213,3
2015_02162.jpg,3,222,30,273,27,51,6
2015_02162.jpg,142,225,178,276,36,51,6
2015_02162.jpg,226,231,264,281,38,50,6
2015_02162.jpg,74,225,110,272,36,47,6
2015_02162.jpg,110,226,142,273,32,47,6
2015_02162.jpg,32,225,70,276,38,51,6
2015_02162.jpg,162,99,189,117,27,18,10
2015_02162.jpg,121,102,150,120,29,18,10
2015_02162.jpg,120,236,176,275,56,39,11
2015_02162.jpg,312,189,348,295,36,106,10
2015_02162.jpg,294,92,325,112,31,20,10
2015_02162.jpg,257,243,317,299,60,56,11
2015_02162.jpg,179,227,226,281,47,54,6
2015_02162.jpg,352,191,392,299,40,108,10
2015_02162.jpg,347,83,375,110,28,27,10
2015_02163.jpg,349,303,405,352,56,49,10
2015_02163.jpg,561,362,610,405,49,43,6
2015_02163.jpg,489,337,535,372,46,35,4
2015_02163.jpg,335,169,503,446,168,277,3
2015_02163.jpg,32,183,348,431,316,248,3
2015_02163.jpg,563,323,627,365,64,42,4
2015_02163.jpg,239,231,267,260,28,29,10
2015_02164.jpg,502,186,636,345,134,159,3
2015_02164.jpg,6,38,516,407,510,369,3
2015_02165.jpg,49,75,469,354,420,279,3
2015_02165.jpg,592,242,636,334,44,92,10
2015_02166.jpg,122,280,195,415,73,135,10
2015_02166.jpg,332,253,364,305,32,52,10
2015_02166.jpg,321,262,341,303,20,41,10
2015_02166.jpg,362,258,384,306,22,48,10
2015_02166.jpg,188,251,233,300,45,49,10
2015_02166.jpg,253,261,296,300,43,39,10
2015_02166.jpg,377,271,440,417,63,146,10
2015_02166.jpg,18,181,597,416,579,235,3
2015_02166.jpg,430,252,488,392,58,140,10
2015_02167.jpg,453,217,483,238,30,21,10
2015_02167.jpg,421,217,447,250,26,33,10
2015_02167.jpg,31,83,338,323,307,240,3
2015_02167.jpg,389,219,416,238,27,19,4
2015_02168.jpg,98,160,279,279,181,119,3
2015_02168.jpg,144,231,173,265,29,34,10
2015_02169.jpg,82,42,604,524,522,482,3
2015_02169.jpg,341,181,414,271,73,90,10
2015_02170.jpg,22,117,388,487,366,370,3
2015_02171.jpg,62,175,319,490,257,315,3
2015_02172.jpg,219,221,264,291,45,70,3
2015_02172.jpg,302,243,330,267,28,24,4
2015_02172.jpg,347,181,377,210,30,29,3
2015_02172.jpg,324,219,341,233,17,14,4
2015_02172.jpg,469,216,495,233,26,17,4
2015_02172.jpg,278,194,306,241,28,47,3
2015_02172.jpg,501,255,556,281,55,26,4
2015_02172.jpg,308,186,331,221,23,35,3
2015_02173.jpg,129,115,481,365,352,250,3
2015_02174.jpg,214,225,516,349,302,124,3
2015_02174.jpg,180,284,208,347,28,63,10
2015_02174.jpg,156,286,176,347,20,61,10
2015_02175.jpg,221,197,292,373,71,176,10
2015_02175.jpg,76,98,634,354,558,256,3
2015_02175.jpg,77,175,158,388,81,213,10
2015_02176.jpg,62,110,486,362,424,252,3
2015_02176.jpg,336,144,385,184,49,40,10
2015_02176.jpg,4,199,63,308,59,109,3
2015_02177.jpg,4,327,75,382,71,55,4
2015_02177.jpg,65,323,140,367,75,44,4
2015_02177.jpg,199,212,336,382,137,170,3
2015_02177.jpg,363,310,400,369,37,59,10
2015_02177.jpg,123,314,168,355,45,41,4
2015_02177.jpg,165,320,212,366,47,46,4
2015_02177.jpg,402,309,419,378,17,69,10
2015_02178.jpg,28,63,613,438,585,375,3
2015_02178.jpg,607,293,638,406,31,113,10
2015_02179.jpg,24,338,67,447,43,109,10
2015_02179.jpg,310,222,628,414,318,192,3
2015_02179.jpg,6,332,32,420,26,88,10
2015_02179.jpg,35,297,76,357,41,60,3
2015_02179.jpg,256,331,274,351,18,20,10
2015_02180.jpg,214,199,259,249,45,50,10
2015_02180.jpg,557,246,579,327,22,81,10
2015_02180.jpg,56,119,573,378,517,259,3
2015_02181.jpg,370,348,411,387,41,39,4
2015_02181.jpg,366,382,416,423,50,41,4
2015_02181.jpg,606,327,639,364,33,37,4
2015_02181.jpg,312,346,350,377,38,31,4
2015_02181.jpg,353,327,373,353,20,26,10
2015_02181.jpg,294,370,344,420,50,50,4
2015_02181.jpg,307,259,417,329,110,70,3
2015_02181.jpg,476,359,581,406,105,47,4
2015_02181.jpg,211,327,282,405,71,78,3
2015_02182.jpg,148,196,173,262,25,66,10
2015_02182.jpg,71,198,115,236,44,38,4
2015_02182.jpg,194,78,409,319,215,241,3
2015_02182.jpg,345,123,399,150,54,27,10
2015_02183.jpg,7,187,415,340,408,153,3
2015_02183.jpg,453,246,509,276,56,30,4
2015_02183.jpg,304,237,343,298,39,61,10
2015_02183.jpg,267,246,304,351,37,105,10
2015_02184.jpg,527,147,638,225,111,78,4
2015_02184.jpg,4,7,547,347,543,340,3
2015_02185.jpg,161,6,599,388,438,382,3
2015_02185.jpg,155,204,209,299,54,95,10
2015_02185.jpg,7,163,78,353,71,190,10
2015_02185.jpg,420,168,472,236,52,68,5
2015_02185.jpg,134,162,182,246,48,84,3
2015_02186.jpg,461,237,517,279,56,42,4
2015_02186.jpg,356,146,415,197,59,51,4
2015_02186.jpg,448,276,521,336,73,60,4
2015_02186.jpg,427,316,522,413,95,97,4
2015_02186.jpg,490,173,543,214,53,41,4
2015_02186.jpg,456,106,494,164,38,58,4
2015_02186.jpg,267,161,323,210,56,49,4
2015_02186.jpg,245,187,300,237,55,50,4
2015_02186.jpg,84,347,213,441,129,94,4
2015_02186.jpg,307,139,356,185,49,46,4
2015_02186.jpg,316,115,357,146,41,31,4
2015_02186.jpg,343,124,384,170,41,46,4
2015_02186.jpg,365,108,402,147,37,39,4
2015_02186.jpg,323,75,376,126,53,51,3
2015_02186.jpg,396,78,449,124,53,46,4
2015_02186.jpg,330,173,390,209,60,36,4
2015_02186.jpg,417,141,477,211,60,70,4
2015_02186.jpg,361,199,445,269,84,70,4
2015_02186.jpg,342,243,420,308,78,65,4
2015_02186.jpg,332,276,426,361,94,85,4
2015_02186.jpg,274,323,378,417,104,94,4
2015_02186.jpg,279,206,356,281,77,75,4
2015_02186.jpg,231,241,311,304,80,63,4
2015_02186.jpg,390,117,435,171,45,54,4
2015_02186.jpg,4,341,70,446,66,105,4
2015_02186.jpg,208,157,260,198,52,41,4
2015_02186.jpg,360,415,409,451,49,36,9
2015_02186.jpg,487,143,537,193,50,50,4
2015_02186.jpg,502,109,548,163,46,54,4
2015_02186.jpg,451,70,558,110,107,40,4
2015_02186.jpg,551,136,569,158,18,22,9
2015_02186.jpg,184,277,287,383,103,106,4
2015_02186.jpg,552,121,570,143,18,22,10
2015_02186.jpg,510,251,528,287,18,36,10
2015_02186.jpg,369,386,406,434,37,48,10
2015_02186.jpg,238,104,322,179,84,75,3
2015_02186.jpg,23,173,246,378,223,205,3
2015_02187.jpg,88,326,117,393,29,67,10
2015_02187.jpg,110,325,138,384,28,59,10
2015_02187.jpg,392,316,461,359,69,43,10
2015_02187.jpg,360,355,629,461,269,106,4
2015_02187.jpg,466,322,630,407,164,85,4
2015_02187.jpg,213,328,343,411,130,83,4
2015_02187.jpg,321,339,419,397,98,58,4
2015_02187.jpg,71,328,93,388,22,60,10
2015_02187.jpg,57,328,77,389,20,61,10
2015_02187.jpg,104,253,273,384,169,131,3
2015_02187.jpg,116,335,153,423,37,88,10
2015_02187.jpg,144,323,178,417,34,94,10
2015_02188.jpg,42,36,600,422,558,386,3
2015_02189.jpg,133,91,347,314,214,223,3
2015_02189.jpg,417,199,638,300,221,101,3
2015_02190.jpg,65,241,143,323,78,82,0
2015_02190.jpg,592,211,623,295,31,84,10
2015_02190.jpg,569,204,599,287,30,83,10
2015_02190.jpg,445,133,558,278,113,145,3
2015_02191.jpg,50,7,566,405,516,398,3
2015_02192.jpg,33,71,629,437,596,366,3
2015_02193.jpg,590,285,613,315,23,30,10
2015_02193.jpg,182,186,423,361,241,175,3
2015_02194.jpg,128,4,634,477,506,473,3
2015_02194.jpg,84,220,100,262,16,42,10
2015_02194.jpg,20,224,55,255,35,31,4
2015_02195.jpg,463,139,584,412,121,273,10
2015_02195.jpg,218,44,633,355,415,311,3
2015_02196.jpg,214,33,467,325,253,292,3
2015_02197.jpg,14,89,587,385,573,296,3
2015_02198.jpg,158,328,375,420,217,92,3
2015_02198.jpg,118,362,181,403,63,41,4
2015_02199.jpg,48,160,154,229,106,69,3
2015_02199.jpg,218,193,231,223,13,30,10
2015_02199.jpg,199,196,212,222,13,26,10
2015_02199.jpg,391,187,403,211,12,24,10
2015_02199.jpg,454,195,469,222,15,27,10
2015_02199.jpg,443,193,457,222,14,29,10
2015_02199.jpg,416,189,429,214,13,25,10
2015_02200.jpg,64,15,503,339,439,324,3
2015_02201.jpg,255,228,284,295,29,67,10
2015_02201.jpg,140,213,173,237,33,24,4
2015_02201.jpg,521,227,636,270,115,43,4
2015_02201.jpg,360,216,456,264,96,48,4
2015_02201.jpg,464,189,636,256,172,67,3
2015_02201.jpg,226,196,348,248,122,52,3
2015_02201.jpg,91,224,137,328,46,104,10
2015_02201.jpg,154,221,184,281,30,60,10
2015_02201.jpg,192,229,213,285,21,56,10
2015_02201.jpg,215,228,235,278,20,50,10
2015_02201.jpg,315,259,373,353,58,94,10
2015_02201.jpg,6,223,51,333,45,110,10
2015_02201.jpg,14,216,63,268,49,52,10
2015_02201.jpg,344,228,379,306,35,78,10
2015_02201.jpg,387,224,416,324,29,100,10
2015_02201.jpg,65,220,91,268,26,48,10
2015_02201.jpg,413,234,444,319,31,85,10
2015_02201.jpg,457,242,527,376,70,134,10
2015_02201.jpg,289,234,332,320,43,86,10
2015_02202.jpg,393,206,423,245,30,39,10
2015_02202.jpg,493,225,541,347,48,122,10
2015_02202.jpg,536,203,639,416,103,213,10
2015_02202.jpg,66,240,192,304,126,64,4
2015_02202.jpg,247,222,282,318,35,96,10
2015_02202.jpg,213,226,245,329,32,103,10
2015_02202.jpg,186,223,312,297,126,74,4
2015_02202.jpg,3,234,19,283,16,49,10
2015_02202.jpg,65,230,122,266,57,36,10
2015_02202.jpg,324,100,468,315,144,215,3
2015_02203.jpg,84,300,350,496,266,196,3
2015_02203.jpg,2,434,79,499,77,65,4
2015_02203.jpg,208,335,229,363,21,28,10
2015_02203.jpg,148,352,169,376,21,24,10
2015_02204.jpg,139,193,181,295,42,102,10
2015_02204.jpg,327,199,354,255,27,56,10
2015_02204.jpg,353,198,375,253,22,55,10
2015_02204.jpg,374,195,392,252,18,57,10
2015_02204.jpg,404,200,426,254,22,54,10
2015_02204.jpg,429,200,443,253,14,53,10
2015_02204.jpg,442,199,459,250,17,51,10
2015_02204.jpg,457,200,482,256,25,56,10
2015_02204.jpg,491,201,532,249,41,48,10
2015_02204.jpg,556,202,578,250,22,48,10
2015_02204.jpg,6,150,326,276,320,126,3
2015_02204.jpg,390,198,406,248,16,50,10
2015_02205.jpg,355,251,419,308,64,57,4
2015_02205.jpg,473,250,492,306,19,56,10
2015_02205.jpg,497,253,551,279,54,26,4
2015_02205.jpg,31,247,53,318,22,71,10
2015_02205.jpg,2,277,32,335,30,58,0
2015_02205.jpg,421,255,464,301,43,46,4
2015_02205.jpg,37,143,176,339,139,196,3
2015_02205.jpg,394,252,442,304,48,52,4
2015_02205.jpg,165,120,369,328,204,208,3
2015_02205.jpg,82,248,125,384,43,136,10
2015_02205.jpg,114,234,183,396,69,162,10
2015_02205.jpg,550,256,596,295,46,39,4
2015_02206.jpg,386,31,601,250,215,219,3
2015_02206.jpg,303,113,325,180,22,67,10
2015_02206.jpg,319,118,350,192,31,74,10
2015_02206.jpg,335,111,364,181,29,70,10
2015_02206.jpg,250,112,328,380,78,268,10
2015_02206.jpg,100,91,191,336,91,245,10
2015_02207.jpg,213,156,543,319,330,163,3
2015_02207.jpg,535,226,591,274,56,48,4
2015_02208.jpg,38,55,579,448,541,393,3
2015_02209.jpg,488,126,515,149,27,23,10
2015_02209.jpg,427,231,474,256,47,25,10
2015_02209.jpg,35,89,590,369,555,280,3
2015_02209.jpg,90,131,139,159,49,28,10
2015_02209.jpg,158,223,195,256,37,33,10
2015_02209.jpg,232,233,285,260,53,27,10
2015_02209.jpg,307,234,332,259,25,25,10
2015_02209.jpg,355,233,388,259,33,26,10
2015_02210.jpg,129,8,634,447,505,439,3
2015_02211.jpg,356,216,387,262,31,46,10
2015_02211.jpg,124,103,595,394,471,291,3
2015_02211.jpg,553,254,591,362,38,108,10
2015_02211.jpg,573,215,638,416,65,201,10
2015_02211.jpg,534,254,569,353,35,99,10
2015_02211.jpg,176,210,246,276,70,66,10
2015_02212.jpg,608,249,637,425,29,176,10
2015_02212.jpg,4,4,339,418,335,414,3
2015_02212.jpg,522,224,572,291,50,67,3
2015_02212.jpg,560,239,592,287,32,48,3
2015_02212.jpg,311,141,529,315,218,174,3
2015_02213.jpg,269,312,299,343,30,31,4
2015_02213.jpg,340,321,367,345,27,24,4
2015_02213.jpg,237,311,267,340,30,29,4
2015_02213.jpg,147,311,185,342,38,31,4
2015_02213.jpg,418,321,472,365,54,44,4
2015_02213.jpg,603,328,626,378,23,50,10
2015_02213.jpg,362,312,415,423,53,111,10
2015_02213.jpg,328,350,380,424,52,74,10
2015_02213.jpg,50,304,101,349,51,45,4
2015_02213.jpg,178,310,210,336,32,26,4
2015_02213.jpg,451,285,578,386,127,101,3
2015_02213.jpg,303,317,336,344,33,27,4
2015_02214.jpg,4,165,244,238,240,73,3
2015_02214.jpg,286,161,542,244,256,83,3
2015_02215.jpg,246,266,261,302,15,36,10
2015_02215.jpg,214,264,250,318,36,54,10
2015_02215.jpg,191,265,203,297,12,32,10
2015_02215.jpg,283,222,373,329,90,107,3
2015_02215.jpg,3,281,95,332,92,51,4
2015_02215.jpg,51,285,242,367,191,82,4
2015_02215.jpg,164,269,179,296,15,27,10
2015_02216.jpg,146,244,165,281,19,37,10
2015_02216.jpg,96,246,143,280,47,34,4
2015_02216.jpg,33,247,91,301,58,54,4
2015_02216.jpg,418,244,445,309,27,65,10
2015_02216.jpg,466,142,521,192,55,50,10
2015_02216.jpg,148,107,431,344,283,237,3
2015_02217.jpg,119,169,143,190,24,21,4
2015_02217.jpg,135,30,449,323,314,293,3
2015_02217.jpg,37,174,54,210,17,36,10
2015_02217.jpg,93,171,123,200,30,29,4
2015_02218.jpg,333,181,740,473,407,292,3
2015_02218.jpg,765,175,1018,466,253,291,3
2015_02218.jpg,805,310,908,563,103,253,10
2015_02218.jpg,605,337,673,515,68,178,10
2015_02219.jpg,84,185,127,328,43,143,10
2015_02219.jpg,277,178,312,214,35,36,10
2015_02219.jpg,233,166,273,221,40,55,10
2015_02219.jpg,109,106,470,331,361,225,3
2015_02219.jpg,162,167,212,240,50,73,10
2015_02220.jpg,523,222,600,417,77,195,10
2015_02220.jpg,491,239,518,319,27,80,10
2015_02220.jpg,283,216,316,255,33,39,10
2015_02220.jpg,206,54,501,367,295,313,3
2015_02220.jpg,518,234,542,322,24,88,10
2015_02221.jpg,553,234,639,351,86,117,4
2015_02221.jpg,489,267,535,330,46,63,4
2015_02221.jpg,52,238,100,278,48,40,4
2015_02221.jpg,38,218,64,307,26,89,10
2015_02221.jpg,91,48,503,369,412,321,3
2015_02222.jpg,524,341,570,378,46,37,10
2015_02222.jpg,497,358,581,416,84,58,4
2015_02222.jpg,7,85,516,419,509,334,3
2015_02222.jpg,591,337,630,395,39,58,10
2015_02223.jpg,353,213,396,256,43,43,4
2015_02223.jpg,146,211,177,259,31,48,10
2015_02223.jpg,3,109,273,396,270,287,3
2015_02223.jpg,285,257,484,420,199,163,4
2015_02223.jpg,556,262,595,327,39,65,0
2015_02223.jpg,586,276,638,413,52,137,0
2015_02223.jpg,262,214,316,257,54,43,4
2015_02223.jpg,500,215,531,248,31,33,4
2015_02223.jpg,282,222,345,272,63,50,4
2015_02223.jpg,316,234,381,286,65,52,4
2015_02223.jpg,57,202,90,240,33,38,10
2015_02224.jpg,5,283,27,308,22,25,10
2015_02224.jpg,40,285,82,329,42,44,10
2015_02224.jpg,454,289,581,379,127,90,3
2015_02224.jpg,569,270,636,329,67,59,3
2015_02224.jpg,401,252,480,284,79,32,3
2015_02224.jpg,134,259,176,277,42,18,4
2015_02224.jpg,86,258,126,283,40,25,4
2015_02225.jpg,334,160,430,263,96,103,3
2015_02225.jpg,250,217,264,247,14,30,10
2015_02225.jpg,148,192,189,224,41,32,3
2015_02225.jpg,380,221,395,274,15,53,10
2015_02225.jpg,3,219,45,261,42,42,10
2015_02225.jpg,43,215,297,306,254,91,5
2015_02225.jpg,231,213,252,248,21,35,10
2015_02225.jpg,285,213,308,240,23,27,3
2015_02225.jpg,392,222,421,273,29,51,10
2015_02226.jpg,377,120,444,153,67,33,3
2015_02227.jpg,13,135,319,345,306,210,3
2015_02228.jpg,109,86,578,427,469,341,3
2015_02228.jpg,24,263,97,450,73,187,10
2015_02228.jpg,128,262,305,473,177,211,10
2015_02228.jpg,266,298,369,472,103,174,10
2015_02228.jpg,552,271,610,399,58,128,10
2015_02228.jpg,548,381,613,471,65,90,10
2015_02228.jpg,480,271,552,473,72,202,10
2015_02229.jpg,843,472,1019,626,176,154,4
2015_02229.jpg,459,510,499,559,40,49,0
2015_02229.jpg,539,484,559,545,20,61,10
2015_02229.jpg,407,488,437,528,30,40,10
2015_02229.jpg,49,480,266,652,217,172,4
2015_02229.jpg,290,495,308,522,18,27,10
2015_02229.jpg,214,481,305,562,91,81,4
2015_02229.jpg,563,341,890,583,327,242,3
2015_02229.jpg,446,490,460,523,14,33,10
2015_02229.jpg,555,489,576,536,21,47,10
2015_02229.jpg,465,490,496,538,31,48,10
2015_02229.jpg,356,492,376,535,20,43,10
2015_02229.jpg,508,487,532,539,24,52,10
2015_02229.jpg,12,413,126,543,114,130,3
2015_02230.jpg,91,322,934,551,843,229,3
2015_02230.jpg,826,377,872,501,46,124,10
2015_02231.jpg,163,81,1003,699,840,618,3
2015_02231.jpg,815,444,1014,756,199,312,10
2015_02231.jpg,23,318,144,620,121,302,10
2015_02232.jpg,16,202,568,486,552,284,3
2015_02232.jpg,47,325,178,587,131,262,10
2015_02232.jpg,26,369,54,426,28,57,2
2015_02233.jpg,196,37,629,334,433,297,3
2015_02233.jpg,141,201,205,391,64,190,10
2015_02234.JPG,341,839,462,926,121,87,4
2015_02234.JPG,747,515,1425,955,678,440,3
2015_02234.JPG,1406,815,1493,891,87,76,4
2015_02234.JPG,3,771,285,1067,282,296,4
2015_02235.jpg,93,48,289,346,196,298,3
2015_02235.jpg,201,208,263,370,62,162,10
2015_02236.jpg,490,724,603,913,113,189,10
2015_02236.jpg,582,814,922,1391,340,577,10
2015_02236.jpg,146,191,1031,1241,885,1050,3
2015_02237.JPEG,9,34,284,338,275,304,3
2015_02238.jpg,334,193,927,558,593,365,3
2015_02239.JPEG,190,205,212,227,22,22,10
2015_02239.JPEG,412,217,450,320,38,103,10
2015_02239.JPEG,87,214,164,254,77,40,4
2015_02239.JPEG,153,109,417,321,264,212,3
2015_02240.JPEG,45,239,138,367,93,128,10
2015_02240.JPEG,62,87,499,357,437,270,3
2015_02240.JPEG,218,220,317,369,99,149,10
2015_02240.JPEG,356,206,487,369,131,163,10
2015_02240.JPEG,123,243,202,348,79,105,10
2015_02241.JPEG,118,269,161,356,43,87,10
2015_02241.JPEG,70,293,131,340,61,47,4
2015_02241.JPEG,159,118,330,371,171,253,3
2015_02242.jpg,492,188,573,301,81,113,10
2015_02242.jpg,834,244,1018,348,184,104,4
2015_02242.jpg,831,255,920,294,89,39,4
2015_02242.jpg,723,246,824,301,101,55,4
2015_02242.jpg,572,194,656,293,84,99,10
2015_02242.jpg,137,74,787,486,650,412,3
2015_02243.jpg,204,62,765,410,561,348,3
2015_02243.jpg,84,223,142,309,58,86,4
2015_02244.jpg,10,20,315,211,305,191,3
2015_02245.jpg,1195,721,2516,1682,1321,961,3
2015_02246.jpg,252,137,544,280,292,143,3
2015_02246.jpg,4,233,105,297,101,64,4
2015_02246.jpg,150,222,200,264,50,42,4
2015_02246.jpg,115,216,148,249,33,33,4
2015_02246.jpg,203,218,240,249,37,31,4
2015_02247.jpg,248,176,814,592,566,416,3
2015_02247.jpg,91,371,133,448,42,77,10
2015_02247.jpg,839,390,1012,468,173,78,4
2015_02248.JPG,436,614,2937,1696,2501,1082,3
2015_02248.JPG,1191,1126,3010,2041,1819,915,4
2015_02249.JPG,1291,1365,1447,1607,156,242,10
2015_02249.JPG,1471,1386,1658,1635,187,249,10
2015_02249.JPG,72,1337,1756,2075,1684,738,4
2015_02249.JPG,1645,1271,1901,1829,256,558,10
2015_02249.JPG,93,589,3239,1908,3146,1319,3
2015_02250.JPG,598,1116,2206,1696,1608,580,3
2015_02250.JPG,51,1462,505,1867,454,405,4
2015_02250.JPG,359,1341,1936,2124,1577,783,4
2015_02250.JPG,2840,1441,3252,2127,412,686,4
2015_02250.JPG,1568,1417,2937,1989,1369,572,4
2015_02251.JPG,293,549,2015,2082,1722,1533,3
2015_02251.JPG,1873,1382,2757,2168,884,786,4
2015_02251.JPG,2746,1410,3238,1878,492,468,4
2015_02252.JPG,1069,1091,1500,1462,431,371,3
2015_02253.JPG,38,254,3189,2178,3151,1924,3
2015_02254.JPG,16,807,1388,1805,1372,998,4
2015_02254.JPG,1203,718,2287,1668,1084,950,3
2015_02255.JPG,61,251,2416,2044,2355,1793,3
2015_02256.JPG,33,52,2433,1998,2400,1946,3
2015_02257.JPG,971,453,2438,2006,1467,1553,3
2015_02258.JPG,997,828,1176,1298,179,470,10
2015_02258.JPG,1291,723,1636,1111,345,388,3
2015_02259.JPG,28,771,1349,1832,1321,1061,3
2015_02260.JPG,366,524,2393,2082,2027,1558,3
2015_02261.JPG,16,710,2068,2192,2052,1482,3
2015_02262.JPG,792,728,1511,1467,719,739,3
2015_02262.JPG,2161,1036,2431,1265,270,229,4
2015_02262.JPG,36,1067,714,1517,678,450,4
2015_02263.JPG,46,461,1667,1643,1621,1182,3
2015_02264.JPG,61,12,2872,1920,2811,1908,3
2015_02265.JPG,1361,1199,1725,1878,364,679,10
2015_02265.JPG,73,27,2788,2135,2715,2108,3
2015_02266.JPG,1236,1160,1621,1888,385,728,10
2015_02266.JPG,68,40,2750,2145,2682,2105,3
2015_02267.jpg,587,259,689,367,102,108,10
2015_02267.jpg,173,48,930,642,757,594,3
2015_02267.jpg,139,286,229,528,90,242,10
2015_02267.jpg,214,284,327,671,113,387,10
2015_02268.jpg,243,144,315,333,72,189,10
2015_02268.jpg,38,152,83,301,45,149,10
2015_02268.jpg,286,17,686,329,400,312,3
2015_02268.jpg,2,17,290,304,288,287,3
2015_02269.jpg,147,105,687,455,540,350,3
2015_02270.jpg,45,82,606,443,561,361,3
2015_02271.jpg,183,71,943,651,760,580,3
2015_02271.jpg,850,473,997,595,147,122,4
2015_02272.JPG,362,252,1155,935,793,683,3
2015_02272.JPG,1093,508,1205,841,112,333,10
2015_02272.JPG,1216,513,1331,854,115,341,10
2015_02273.jpg,19,48,932,574,913,526,3
2015_02274.JPG,2840,647,3535,1391,695,744,3
2015_02274.JPG,2505,944,2777,1243,272,299,3
2015_02274.JPG,42,648,846,1326,804,678,3
2015_02274.JPG,539,789,1771,1408,1232,619,3
2015_02275.jpg,900,1286,1128,1668,228,382,10
2015_02275.jpg,3576,1299,3990,1581,414,282,4
2015_02275.jpg,3585,1254,4254,2515,669,1261,4
2015_02275.jpg,2434,949,2762,1586,328,637,10
2015_02275.jpg,904,1145,1423,2815,519,1670,10
2015_02275.jpg,160,196,3797,2806,3637,2610,3
2015_02276.jpg,8,656,143,825,135,169,3
2015_02276.jpg,115,639,407,853,292,214,3
2015_02276.jpg,418,670,558,811,140,141,3
2015_02276.jpg,526,680,651,797,125,117,3
2015_02277.jpg,9,113,822,569,813,456,3
2015_02277.jpg,532,125,680,223,148,98,10
2015_02277.jpg,885,56,1021,156,136,100,4
2015_02278.jpg,170,65,1015,663,845,598,3
2015_02278.jpg,673,317,942,757,269,440,10
2015_02279.jpg,77,150,118,279,41,129,10
2015_02279.jpg,245,158,280,276,35,118,10
2015_02279.jpg,57,153,99,347,42,194,10
2015_02279.jpg,335,115,373,175,38,60,10
2015_02279.jpg,41,39,268,286,227,247,3
2015_02279.jpg,550,109,617,318,67,209,10
2015_02279.jpg,541,104,590,226,49,122,10
2015_02279.jpg,456,94,523,311,67,217,10
2015_02279.jpg,404,117,452,302,48,185,10
2015_02279.jpg,345,138,409,338,64,200,10
2015_02279.jpg,305,135,349,330,44,195,10
2015_02280.jpg,502,123,637,303,135,180,3
2015_02280.jpg,68,94,469,339,401,245,3
2015_02281.jpg,832,350,934,674,102,324,10
2015_02281.jpg,117,41,1026,722,909,681,3
2015_02281.jpg,118,473,200,621,82,148,10
2015_02281.jpg,43,359,191,684,148,325,10
2015_02282.jpg,1479,1491,1724,1977,245,486,10
2015_02282.jpg,1158,1433,1408,1897,250,464,10
2015_02282.jpg,257,1795,569,2625,312,830,10
2015_02282.jpg,804,1014,2462,2808,1658,1794,3
2015_02282.jpg,2347,1317,3464,2146,1117,829,3
2015_02282.jpg,1854,1523,2233,1920,379,397,10
2015_02282.jpg,3982,1616,4147,1964,165,348,10
2015_02282.jpg,3830,1585,3937,1969,107,384,10
2015_02283.jpg,251,200,491,360,240,160,3
2015_02284.jpg,144,177,750,565,606,388,3
2015_02285.jpg,380,520,892,710,512,190,3
2015_02286.jpg,9,21,362,660,353,639,3
2015_02286.jpg,419,14,887,644,468,630,3
2015_02287.jpg,644,398,972,556,328,158,3
2015_02288.jpg,134,84,683,437,549,353,3
2015_02288.jpg,17,259,128,308,111,49,4
2015_02289.jpg,112,60,221,169,109,109,3
2015_02289.jpg,56,107,87,169,31,62,10
2015_02289.jpg,38,104,58,190,20,86,10
2015_02289.jpg,12,100,44,215,32,115,10
2015_02289.jpg,223,106,236,145,13,39,10
2015_02289.jpg,244,106,261,160,17,54,10
2015_02289.jpg,271,104,292,170,21,66,10
2015_02289.jpg,316,108,329,183,13,75,10
2015_02290.JPG,20,53,587,361,567,308,3
2015_02291.JPG,472,166,520,298,48,132,10
2015_02291.JPG,413,167,473,313,60,146,10
2015_02291.JPG,88,108,412,267,324,159,3
2015_02291.JPG,608,197,629,272,21,75,10
2015_02291.JPG,77,198,92,236,15,38,10
2015_02291.JPG,505,185,538,285,33,100,10
2015_02291.JPG,538,194,579,288,41,94,10
2015_02292.jpg,791,274,836,324,45,50,10
2015_02292.jpg,652,169,919,430,267,261,3
2015_02292.jpg,176,310,275,360,99,50,4
2015_02292.jpg,541,301,606,342,65,41,4
2015_02293.jpg,90,63,371,358,281,295,3
2015_02294.jpg,1030,332,1080,466,50,134,10
2015_02294.jpg,15,115,474,564,459,449,3
2015_02294.jpg,616,346,669,420,53,74,10
2015_02295.jpg,454,368,550,482,96,114,10
2015_02295.jpg,19,214,663,652,644,438,3
2015_02296.jpg,556,155,801,444,245,289,3
2015_02297.jpg,63,187,379,437,316,250,3
2015_02298.jpg,53,139,1010,649,957,510,3
2015_02299.jpg,4,62,870,538,866,476,3
2015_02300.jpg,320,278,389,343,69,65,10
2015_02300.jpg,109,181,462,492,353,311,3
2015_02301.jpg,442,104,889,395,447,291,3
2015_02301.jpg,65,54,410,414,345,360,3
2015_02302.jpg,6,198,754,482,748,284,3
2015_02303.jpg,355,423,397,448,42,25,4
2015_02303.jpg,85,539,167,593,82,54,4
2015_02303.jpg,241,449,298,486,57,37,4
2015_02303.jpg,712,312,771,357,59,45,3
2015_02303.jpg,440,394,480,425,40,31,4
2015_02303.jpg,553,368,586,392,33,24,4
2015_02303.jpg,582,347,607,367,25,20,4
2015_02303.jpg,400,447,442,480,42,33,4
2015_02303.jpg,7,412,157,507,150,95,3
2015_02303.jpg,229,501,283,538,54,37,4
2015_02303.jpg,186,383,326,470,140,87,3
2015_02304.jpg,6,378,154,490,148,112,3
2015_02304.jpg,533,415,551,472,18,57,10
2015_02304.jpg,183,411,257,474,74,63,4
2015_02304.jpg,301,299,434,482,133,183,3
2015_02304.jpg,202,115,276,206,74,91,10
2015_02304.jpg,492,376,528,416,36,40,3
2015_02304.jpg,432,412,464,458,32,46,10
2015_02304.jpg,232,419,356,490,124,71,4
2015_02304.jpg,582,403,612,451,30,48,10
2015_02305.jpg,148,267,422,558,274,291,3
2015_02305.jpg,34,449,273,562,239,113,0
2015_02305.jpg,30,395,88,436,58,41,4
2015_02305.jpg,93,394,161,438,68,44,4
2015_02306.jpg,170,391,212,422,42,31,4
2015_02306.jpg,264,343,419,475,155,132,3
2015_02307.jpg,133,355,192,411,59,56,3
2015_02307.jpg,108,319,132,340,24,21,4
2015_02307.jpg,270,397,306,423,36,26,4
2015_02307.jpg,59,321,86,341,27,20,4
2015_02308.jpg,259,335,301,425,42,90,10
2015_02308.jpg,41,269,466,416,425,147,3
2015_02308.jpg,52,340,94,416,42,76,10
2015_02309.png,160,29,422,277,262,248,3
2015_02309.png,74,182,186,528,112,346,10
2015_02309.png,238,184,365,523,127,339,10
2015_02309.png,408,143,529,531,121,388,10
2015_02309.png,26,94,100,295,74,201,10
2015_02309.png,408,8,1014,482,606,474,3
2015_02309.png,674,23,777,219,103,196,10
2015_02310.jpg,526,378,574,464,48,86,10
2015_02310.jpg,136,341,270,454,134,113,3
2015_02310.jpg,333,250,772,624,439,374,3
2015_02310.jpg,584,371,719,464,135,93,10
2015_02310.jpg,60,374,102,448,42,74,10
2015_02310.jpg,27,371,48,435,21,64,10
2015_02311.jpg,256,271,338,524,82,253,10
2015_02311.jpg,801,337,894,455,93,118,4
2015_02311.jpg,572,336,795,449,223,113,4
2015_02311.jpg,464,263,510,338,46,75,10
2015_02311.jpg,13,153,597,476,584,323,3
2015_02311.jpg,407,239,440,327,33,88,10
2015_02311.jpg,307,257,429,518,122,261,10
2015_02312.jpg,352,236,591,331,239,95,3
2015_02313.jpg,311,340,360,391,49,51,10
2015_02313.jpg,114,279,216,389,102,110,3
2015_02313.jpg,285,350,309,389,24,39,10
2015_02313.jpg,220,337,274,497,54,160,10
2015_02314.jpg,136,278,735,652,599,374,3
2015_02315.jpg,344,197,450,272,106,75,3
2015_02316.jpg,87,326,584,766,497,440,3
2015_02316.jpg,354,483,396,586,42,103,10
2015_02316.jpg,309,487,362,596,53,109,10
2015_02316.jpg,195,492,260,557,65,65,10
2015_02316.jpg,4,508,122,670,118,162,4
2015_02317.jpg,132,110,513,359,381,249,3
2015_02317.jpg,647,235,895,330,248,95,4
2015_02318.jpg,273,216,301,271,28,55,10
2015_02318.jpg,352,243,405,325,53,82,10
2015_02318.jpg,54,59,621,568,567,509,3
2015_02319.jpg,408,322,1715,915,1307,593,3
2015_02320.jpg,621,333,658,365,37,32,10
2015_02320.jpg,573,544,666,614,93,70,4
2015_02320.jpg,698,327,714,360,16,33,10
2015_02320.jpg,649,475,717,541,68,66,4
2015_02320.jpg,717,391,775,454,58,63,4
2015_02320.jpg,773,287,814,321,41,34,4
2015_02320.jpg,717,270,760,309,43,39,4
2015_02320.jpg,744,245,791,284,47,39,4
2015_02320.jpg,800,212,831,248,31,36,4
2015_02320.jpg,670,286,687,312,17,26,10
2015_02320.jpg,753,222,771,248,18,26,10
2015_02320.jpg,689,267,707,297,18,30,10
2015_02320.jpg,471,499,497,553,26,54,10
2015_02320.jpg,625,355,659,385,34,30,0
2015_02320.jpg,319,567,421,611,102,44,4
2015_02320.jpg,491,376,510,416,19,40,10
2015_02320.jpg,774,236,803,267,29,31,4
2015_02320.jpg,366,475,383,533,17,58,10
2015_02320.jpg,494,324,647,498,153,174,3
2015_02320.jpg,321,487,342,542,21,55,10
2015_02320.jpg,421,447,439,498,18,51,10
2015_02320.jpg,349,473,369,522,20,49,10
2015_02320.jpg,375,514,396,565,21,51,10
2015_02320.jpg,342,507,366,565,24,58,10
2015_02320.jpg,437,450,451,508,14,58,10
2015_02321.jpg,8,94,333,292,325,198,3
2015_02321.jpg,394,208,435,246,41,38,0
2015_02321.jpg,346,190,402,217,56,27,4
2015_02322.jpg,3,27,210,221,207,194,3
2015_02323.jpg,43,186,1190,701,1147,515,3
2015_02324.jpg,2023,1664,2463,1840,440,176,3
2015_02325.jpg,309,284,763,605,454,321,3
2015_02326.jpg,18,39,989,565,971,526,3
2015_02326.jpg,468,148,672,251,204,103,0
2015_02327.jpg,181,260,422,395,241,135,4
2015_02327.jpg,214,404,286,484,72,80,5
2015_02327.jpg,17,404,131,532,114,128,4
2015_02327.jpg,148,357,194,400,46,43,4
2015_02327.jpg,115,568,232,697,117,129,4
2015_02327.jpg,384,395,447,449,63,54,4
2015_02327.jpg,652,296,692,333,40,37,4
2015_02327.jpg,10,593,110,727,100,134,4
2015_02327.jpg,54,514,155,616,101,102,4
2015_02327.jpg,136,432,208,491,72,59,4
2015_02327.jpg,184,484,252,567,68,83,4
2015_02327.jpg,104,463,187,542,83,79,4
2015_02327.jpg,172,397,234,449,62,52,4
2015_02327.jpg,730,310,766,337,36,27,4
2015_02327.jpg,86,359,140,398,54,39,4
2015_02327.jpg,811,393,906,456,95,63,4
2015_02327.jpg,912,346,972,392,60,46,4
2015_02327.jpg,903,315,967,356,64,41,4
2015_02327.jpg,749,344,807,384,58,40,4
2015_02327.jpg,200,395,385,737,185,342,3
2015_02327.jpg,401,456,593,706,192,250,3
2015_02327.jpg,33,684,185,763,152,79,4
2015_02327.jpg,223,672,368,767,145,95,4
2015_02328.jpg,25,52,802,914,777,862,3
2015_02329.jpg,29,76,859,698,830,622,3
2015_02330.jpg,160,22,789,498,629,476,3
2015_02330.jpg,600,203,700,297,100,94,10
2015_02331.jpg,110,95,845,523,735,428,3
2015_02331.jpg,955,135,1021,607,66,472,10
2015_02332.jpg,303,167,340,198,37,31,10
2015_02332.jpg,269,120,532,280,263,160,3
2015_02333.jpg,720,222,780,302,60,80,10
2015_02333.jpg,388,294,442,490,54,196,10
2015_02333.jpg,188,282,254,451,66,169,10
2015_02333.jpg,356,140,857,458,501,318,3
2015_02333.jpg,76,306,181,350,105,44,4
2015_02333.jpg,264,293,325,475,61,182,10
2015_02334.jpg,9,368,104,462,95,94,4
2015_02334.jpg,614,367,697,549,83,182,10
2015_02334.jpg,693,368,758,514,65,146,10
2015_02334.jpg,762,347,831,576,69,229,10
2015_02334.jpg,189,203,1119,606,930,403,3
2015_02334.jpg,9,420,101,597,92,177,10
2015_02334.jpg,918,364,1019,450,101,86,10
2015_02335.jpg,661,528,784,664,123,136,3
2015_02335.jpg,572,591,614,674,42,83,10
2015_02335.jpg,184,446,558,678,374,232,3
2015_02335.jpg,2,370,173,684,171,314,3
2015_02335.jpg,679,594,764,683,85,89,4
2015_02335.jpg,128,503,246,724,118,221,10
2015_02335.jpg,819,373,1023,721,204,348,10
2015_02336.jpg,832,218,1021,660,189,442,10
2015_02336.jpg,64,182,162,560,98,378,10
2015_02336.jpg,165,190,288,554,123,364,10
2015_02336.jpg,280,214,369,539,89,325,10
2015_02336.jpg,552,265,664,348,112,83,4
2015_02336.jpg,501,241,599,334,98,93,4
2015_02336.jpg,384,249,481,340,97,91,4
2015_02336.jpg,349,257,400,319,51,62,4
2015_02336.jpg,486,177,623,275,137,98,3
2015_02336.jpg,611,132,864,343,253,211,3
2015_02337.jpg,454,284,486,312,32,28,10
2015_02337.jpg,327,155,831,380,504,225,3
2015_02337.jpg,217,302,321,361,104,59,4
2015_02337.jpg,401,276,418,313,17,37,10
2015_02337.jpg,717,186,756,222,39,36,10
2015_02337.jpg,378,278,394,310,16,32,10
2015_02338.jpg,77,87,590,489,513,402,3
2015_02339.jpg,223,229,1183,1018,960,789,3
2015_02340.jpg,9,57,152,549,143,492,3
2015_02340.jpg,263,226,970,573,707,347,3
2015_02341.jpg,286,111,706,635,420,524,3
2015_02341.jpg,195,398,317,565,122,167,4
2015_02341.jpg,664,455,819,596,155,141,4
2015_02341.jpg,92,403,229,535,137,132,4
2015_02341.jpg,955,418,1281,712,326,294,4
2015_02341.jpg,37,398,116,637,79,239,10
2015_02342.jpg,625,364,678,436,53,72,10
2015_02342.jpg,45,237,996,585,951,348,3
2015_02342.jpg,248,385,307,460,59,75,10
2015_02343.jpg,4,286,78,409,74,123,4
2015_02343.jpg,63,306,115,372,52,66,4
2015_02343.jpg,130,330,161,359,31,29,4
2015_02343.jpg,164,98,510,385,346,287,3
2015_02343.jpg,729,94,896,408,167,314,4
2015_02344.jpg,367,270,427,346,60,76,10
2015_02344.jpg,683,352,760,423,77,71,4
2015_02344.jpg,590,348,686,406,96,58,4
2015_02344.jpg,104,149,493,529,389,380,3
2015_02345.jpg,152,246,382,365,230,119,3
2015_02346.jpg,639,375,670,399,31,24,9
2015_02346.jpg,21,428,367,638,346,210,3
2015_02346.jpg,589,430,609,488,20,58,10
2015_02346.jpg,492,338,555,373,63,35,4
2015_02346.jpg,579,404,604,445,25,41,10
2015_02346.jpg,646,366,665,388,19,22,10
2015_02346.jpg,826,536,898,621,72,85,4
2015_02346.jpg,777,595,870,671,93,76,4
2015_02346.jpg,590,413,668,460,78,47,4
2015_02346.jpg,852,320,893,361,41,41,4
2015_02347.jpg,594,22,694,128,100,106,3
2015_02347.jpg,339,52,392,109,53,57,3
2015_02348.JPEG,4,114,334,245,330,131,3
2015_02348.JPEG,5,161,249,262,244,101,4
2015_02349.JPEG,95,48,418,263,323,215,3
2015_02350.JPEG,96,83,465,337,369,254,3
2015_02350.JPEG,5,177,62,313,57,136,10
2015_02350.JPEG,56,180,94,211,38,31,6
2015_02350.JPEG,472,177,497,232,25,55,10
2015_02351.JPEG,31,148,56,219,25,71,10
2015_02351.JPEG,82,34,371,321,289,287,3
2015_02351.JPEG,6,152,38,225,32,73,10
2015_02352.JPEG,62,62,235,167,173,105,3
2015_02353.JPEG,20,77,496,230,476,153,3
2015_02354.JPEG,51,134,383,279,332,145,3
2015_02354.JPEG,472,211,500,241,28,30,4
2015_02354.JPEG,370,210,408,252,38,42,4
2015_02355.JPEG,49,86,468,371,419,285,3
2015_02356.JPEG,465,174,497,279,32,105,10
2015_02356.JPEG,40,83,321,349,281,266,3
2015_02356.JPEG,359,197,387,242,28,45,6
2015_02356.JPEG,420,183,444,231,24,48,10
2015_02357.JPEG,297,125,331,183,34,58,4
2015_02357.JPEG,202,94,253,142,51,48,4
2015_02357.JPEG,211,74,223,101,12,27,10
2015_02357.JPEG,178,71,190,105,12,34,10
2015_02357.JPEG,34,125,298,452,264,327,3
2015_02357.JPEG,31,121,46,145,15,24,10
2015_02357.JPEG,44,121,59,164,15,43,10
2015_02357.JPEG,82,226,100,255,18,29,10
2015_02357.JPEG,122,123,140,171,18,48,10
2015_02357.JPEG,15,125,33,180,18,55,10
2015_02357.JPEG,33,134,52,185,19,51,10
2015_02357.JPEG,27,238,52,313,25,75,10
2015_02357.JPEG,43,89,66,123,23,34,10
2015_02357.JPEG,140,118,154,171,14,53,10
2015_02357.JPEG,47,215,70,263,23,48,10
2015_02357.JPEG,109,109,125,150,16,41,10
2015_02357.JPEG,158,104,175,146,17,42,10
2015_02357.JPEG,62,213,83,257,21,44,10
2015_02358.JPEG,88,78,492,341,404,263,3
2015_02359.JPEG,623,34,646,53,23,19,4
2015_02359.JPEG,325,259,353,293,28,34,10
2015_02359.JPEG,170,229,186,299,16,70,10
2015_02359.JPEG,210,253,233,333,23,80,10
2015_02359.JPEG,190,220,209,289,19,69,10
2015_02359.JPEG,521,31,543,52,22,21,4
2015_02359.JPEG,262,76,281,101,19,25,10
2015_02359.JPEG,46,119,68,157,22,38,10
2015_02359.JPEG,606,4,642,29,36,25,4
2015_02359.JPEG,475,32,508,57,33,25,4
2015_02359.JPEG,83,122,108,164,25,42,10
2015_02359.JPEG,262,86,279,105,17,19,0
2015_02359.JPEG,436,72,462,94,26,22,4
2015_02359.JPEG,431,47,459,65,28,18,4
2015_02359.JPEG,309,58,328,83,19,25,10
2015_02359.JPEG,633,71,663,104,30,33,4
2015_02359.JPEG,488,212,574,306,86,94,4
2015_02359.JPEG,599,22,618,47,19,25,4
2015_02359.JPEG,226,110,490,384,264,274,3
2015_02359.JPEG,589,144,652,220,63,76,4
2015_02359.JPEG,576,35,597,54,21,19,4
2015_02359.JPEG,462,382,592,458,130,76,4
2015_02359.JPEG,118,181,219,256,101,75,4
2015_02360.jpg,182,496,515,766,333,270,3
2015_02360.jpg,8,609,39,801,31,192,10
2015_02361.jpg,457,373,654,567,197,194,3
2015_02362.jpg,169,239,623,489,454,250,3
2015_02363.jpg,88,417,161,487,73,70,4
2015_02363.jpg,337,239,796,524,459,285,3
2015_02364.jpg,9,39,755,598,746,559,3
2015_02365.jpg,310,122,413,212,103,90,3
2015_02366.jpg,388,243,428,292,40,49,10
2015_02366.jpg,12,162,831,377,819,215,3
2015_02366.jpg,270,261,314,295,44,34,10
2015_02366.jpg,168,239,213,297,45,58,10
2015_02366.jpg,325,261,381,292,56,31,10
2015_02366.jpg,216,243,257,296,41,53,10
2015_02366.jpg,621,225,665,292,44,67,10
2015_02366.jpg,554,240,592,294,38,54,10
2015_02366.jpg,491,239,532,298,41,59,10
2015_02367.jpg,468,461,509,567,41,106,10
2015_02367.jpg,438,471,478,565,40,94,10
2015_02367.jpg,497,409,531,439,34,30,4
2015_02367.jpg,365,439,399,494,34,55,10
2015_02367.jpg,403,440,434,496,31,56,10
2015_02367.jpg,581,420,633,471,52,51,4
2015_02367.jpg,454,407,491,442,37,35,4
2015_02367.jpg,725,396,929,549,204,153,3
2015_02368.jpg,520,424,599,474,79,50,4
2015_02368.jpg,618,415,678,470,60,55,4
2015_02368.jpg,93,326,487,511,394,185,3
2015_02369.jpg,27,136,848,522,821,386,3
2015_02370.jpg,475,460,636,565,161,105,0
2015_02370.jpg,320,333,654,594,334,261,3
2015_02371.jpg,493,283,953,626,460,343,3
2015_02372.jpg,225,34,883,467,658,433,3
2015_02373.jpg,192,157,322,282,130,125,3
2015_02374.jpg,20,703,587,1059,567,356,3
2015_02374.jpg,197,587,599,783,402,196,3
2015_02375.jpg,795,431,815,488,20,57,10
2015_02375.jpg,531,424,573,475,42,51,10
2015_02375.jpg,868,438,903,479,35,41,10
2015_02375.jpg,952,431,975,493,23,62,10
2015_02375.jpg,1053,436,1093,548,40,112,10
2015_02375.jpg,231,363,366,484,135,121,3
2015_02375.jpg,988,434,1030,499,42,65,10
2015_02375.jpg,258,438,327,489,69,51,4
2015_02375.jpg,304,404,357,552,53,148,10
2015_02375.jpg,4,341,260,517,256,176,3
2015_02375.jpg,732,438,769,467,37,29,4
2015_02375.jpg,342,411,380,513,38,102,10
2015_02376.jpg,416,284,530,447,114,163,9
2015_02376.jpg,563,74,895,339,332,265,3
2015_02376.jpg,422,222,534,386,112,164,10
2015_02377.jpg,35,100,302,349,267,249,3
2015_02378.jpg,62,191,986,604,924,413,3
2015_02379.jpg,706,301,780,361,74,60,3
2015_02379.jpg,378,266,505,425,127,159,3
2015_02379.jpg,526,351,582,400,56,49,4
2015_02379.jpg,299,351,376,417,77,66,4
2015_02379.jpg,795,361,844,462,49,101,10
2015_02379.jpg,728,358,773,458,45,100,10
2015_02379.jpg,571,252,702,407,131,155,3
2015_02379.jpg,1031,347,1095,511,64,164,10
2015_02379.jpg,937,352,997,512,60,160,10
2015_02380.jpg,661,411,757,476,96,65,4
2015_02380.jpg,759,404,895,461,136,57,4
2015_02380.jpg,106,284,661,529,555,245,3
2015_02381.jpg,967,596,1010,716,43,120,10
2015_02381.jpg,904,587,947,712,43,125,10
2015_02381.jpg,822,590,872,726,50,136,10
2015_02381.jpg,803,641,838,714,35,73,10
2015_02381.jpg,859,592,894,710,35,118,10
2015_02381.jpg,757,606,800,717,43,111,10
2015_02381.jpg,714,602,764,722,50,120,10
2015_02381.jpg,90,629,132,738,42,109,10
2015_02381.jpg,451,626,589,718,138,92,4
2015_02381.jpg,285,618,335,742,50,124,10
2015_02381.jpg,9,630,44,741,35,111,10
2015_02381.jpg,422,611,468,735,46,124,10
2015_02381.jpg,536,626,707,724,171,98,4
2015_02381.jpg,310,643,437,727,127,84,4
2015_02381.jpg,464,606,519,727,55,121,10
2015_02381.jpg,15,543,428,723,413,180,3
2015_02382.jpg,390,520,550,605,160,85,4
2015_02382.jpg,654,516,725,578,71,62,4
2015_02382.jpg,280,477,495,555,215,78,3
2015_02382.jpg,55,507,98,562,43,55,10
2015_02382.jpg,73,529,141,671,68,142,10
2015_02382.jpg,262,531,425,629,163,98,4
2015_02382.jpg,6,556,82,639,76,83,4
2015_02383.jpg,618,325,667,415,49,90,10
2015_02383.jpg,520,313,602,401,82,88,10
2015_02383.jpg,17,321,189,525,172,204,4
2015_02383.jpg,156,394,229,510,73,116,4
2015_02383.jpg,411,103,787,540,376,437,3
2015_02384.jpg,25,32,564,343,539,311,3
2015_02385.jpg,312,32,607,356,295,324,3
2015_02385.jpg,308,196,461,380,153,184,4
2015_02385.jpg,5,134,341,561,336,427,4
2015_02385.jpg,604,188,730,516,126,328,4
2015_02386.jpg,3094,1118,3388,1389,294,271,10
2015_02386.jpg,2213,1132,2630,1403,417,271,10
2015_02386.jpg,1044,1109,1347,1343,303,234,10
2015_02386.jpg,2929,1609,3255,1875,326,266,10
2015_02386.jpg,3346,2040,3860,3104,514,1064,10
2015_02386.jpg,17,803,4188,2511,4171,1708,3
2015_02386.jpg,1773,1751,2071,2719,298,968,10
2015_02386.jpg,1525,1682,1892,2723,367,1041,10
2015_02387.jpg,231,174,268,206,37,32,4
2015_02387.jpg,415,157,491,219,76,62,4
2015_02387.jpg,28,144,62,201,34,57,10
2015_02387.jpg,284,115,420,223,136,108,3
2015_02388.jpg,217,201,290,447,73,246,10
2015_02388.jpg,266,48,698,458,432,410,3
2015_02389.jpg,397,74,558,198,161,124,3
2015_02390.jpg,11,788,130,1303,119,515,10
2015_02390.jpg,2202,764,2275,1097,73,333,10
2015_02390.jpg,355,217,971,1203,616,986,3
2015_02390.jpg,1195,217,2020,1123,825,906,3
2015_02390.jpg,169,822,288,1167,119,345,10
2015_02390.jpg,349,805,412,1024,63,219,10
2015_02390.jpg,276,837,339,1031,63,194,10
2015_02390.jpg,1002,783,1136,1101,134,318,10
2015_02390.jpg,1153,827,1253,1167,100,340,10
2015_02390.jpg,1253,776,1413,1162,160,386,10
2015_02391.jpg,46,604,257,1165,211,561,10
2015_02391.jpg,790,310,1834,1221,1044,911,3
2015_02392.jpg,23,24,726,579,703,555,3
2015_02393.jpg,20,13,932,593,912,580,3
2015_02394.jpg,366,325,558,526,192,201,3
2015_02395.jpg,848,373,895,425,47,52,10
2015_02395.jpg,736,344,811,423,75,79,3
2015_02395.jpg,494,145,761,523,267,378,3
2015_02395.jpg,898,375,922,439,24,64,10
2015_02395.jpg,922,366,952,431,30,65,10
2015_02396.jpg,266,136,569,402,303,266,3
2015_02396.jpg,158,201,292,384,134,183,3
2015_02396.jpg,671,278,707,386,36,108,10
2015_02396.jpg,581,283,622,393,41,110,10
2015_02396.jpg,775,257,818,396,43,139,10
2015_02397.jpg,377,186,901,598,524,412,3
2015_02398.jpg,500,263,592,396,92,133,10
2015_02398.jpg,87,54,1040,689,953,635,3
2015_02398.jpg,573,317,680,390,107,73,10
2015_02399.png,667,178,708,231,41,53,3
2015_02399.png,1124,291,1230,377,106,86,3
2015_02399.png,481,459,511,494,30,35,10
2015_02399.png,519,439,546,478,27,39,10
2015_02399.png,535,455,631,520,96,65,10
2015_02399.png,683,211,716,250,33,39,4
2015_02399.png,853,371,925,409,72,38,4
2015_02399.png,682,258,713,280,31,22,4
2015_02399.png,1018,356,1087,391,69,35,4
2015_02399.png,473,325,521,363,48,38,10
2015_02399.png,909,348,972,386,63,38,4
2015_02399.png,257,480,325,526,68,46,4
2015_02399.png,338,493,398,528,60,35,4
2015_02399.png,379,447,436,499,57,52,4
2015_02399.png,8,393,77,445,69,52,4
2015_02399.png,224,424,306,476,82,52,10
2015_02399.png,122,428,193,505,71,77,10
2015_02399.png,166,344,365,427,199,83,3
2015_02399.png,528,343,806,429,278,86,3
2015_02399.png,663,291,690,320,27,29,4
2015_02399.png,546,305,628,348,82,43,10
2015_02399.png,758,276,803,322,45,46,10
2015_02399.png,861,405,1198,527,337,122,10
2015_02399.png,682,402,853,520,171,118,10
2015_02399.png,1023,299,1081,337,58,38,10
2015_02399.png,823,311,922,364,99,53,10
2015_02400.png,211,4,514,301,303,297,3
2015_02401.png,7,31,622,326,615,295,3
2015_02402.png,792,27,932,387,140,360,10
2015_02402.png,67,8,1131,438,1064,430,3
2015_02402.png,443,272,760,518,317,246,10
2015_02403.png,761,50,900,447,139,397,10
2015_02403.png,325,209,534,508,209,299,10
2015_02403.png,432,8,1227,489,795,481,3
2015_02404.jpg,450,243,776,494,326,251,3
2015_02404.jpg,300,324,424,443,124,119,3
2015_02405.jpg,96,153,626,423,530,270,3
2015_02405.jpg,622,257,713,312,91,55,4
2015_02406.jpg,47,135,346,269,299,134,4
2015_02407.jpg,65,206,212,325,147,119,4
2015_02407.jpg,182,201,229,244,47,43,4
2015_02407.jpg,282,197,350,248,68,51,4
2015_02408.jpg,134,74,444,229,310,155,4
2015_02409.jpg,4,307,145,409,141,102,4
2015_02409.jpg,86,296,222,374,136,78,4
2015_02409.jpg,314,305,438,351,124,46,4
2015_02409.jpg,166,289,264,357,98,68,4
2015_02410.png,69,124,428,392,359,268,4
2015_02411.jpg,29,200,374,327,345,127,4
2015_02412.jpg,268,239,319,270,51,31,4
2015_02412.jpg,421,233,463,265,42,32,4
2015_02412.jpg,323,238,368,270,45,32,4
2015_02412.jpg,196,239,266,274,70,35,4
2015_02413.jpg,256,366,340,421,84,55,4
2015_02413.jpg,217,366,267,394,50,28,4
2015_02414.jpg,438,238,479,293,41,55,6
2015_02414.jpg,107,201,121,242,14,41,10
2015_02414.jpg,11,234,178,346,167,112,4
2015_02414.jpg,139,215,166,236,27,21,6
2015_02414.jpg,414,216,443,303,29,87,10
2015_02414.jpg,176,225,255,288,79,63,4
2015_02414.jpg,240,218,288,260,48,42,4
2015_02414.jpg,357,212,384,285,27,73,10
2015_02414.jpg,389,210,420,286,31,76,10
2015_02415.jpg,9,388,33,423,24,35,10
2015_02415.jpg,39,402,151,469,112,67,4
2015_02415.jpg,155,413,280,496,125,83,4
2015_02416.png,30,270,133,314,103,44,4
2015_02416.png,164,262,281,309,117,47,4
2015_02416.png,328,241,456,307,128,66,4
2015_02417.jpg,74,247,138,313,64,66,4
2015_02417.jpg,127,248,197,298,70,50,4
2015_02417.jpg,219,265,267,294,48,29,4
2015_02417.jpg,328,261,473,385,145,124,4
2015_02417.jpg,4,256,81,329,77,73,4
2015_02418.jpg,116,153,178,210,62,57,4
2015_02418.jpg,60,165,130,218,70,53,4
2015_02418.jpg,159,160,206,205,47,45,4
2015_02418.jpg,243,206,633,419,390,213,4
2015_02419.jpg,36,267,136,317,100,50,4
2015_02420.jpg,32,350,269,451,237,101,4
2015_02420.jpg,2,340,68,385,66,45,4
2015_02421.jpg,44,178,195,338,151,160,4
2015_02421.jpg,388,159,497,247,109,88,4
2015_02421.jpg,454,150,636,325,182,175,4
2015_02421.jpg,209,167,269,215,60,48,4
2015_02421.jpg,143,173,241,238,98,65,4
2015_02421.jpg,343,164,402,210,59,46,4
2015_02422.jpg,83,255,378,370,295,115,4
2015_02422.jpg,43,277,113,308,70,31,4
2015_02423.jpg,26,55,473,293,447,238,4
2015_02424.jpg,255,296,366,350,111,54,4
2015_02424.jpg,364,298,635,436,271,138,4
2015_02425.jpg,92,128,191,226,99,98,4
2015_02426.jpg,52,174,98,201,46,27,11
2015_02426.jpg,209,177,356,265,147,88,4
2015_02427.jpg,192,163,235,189,43,26,4
2015_02427.jpg,155,164,192,187,37,23,4
2015_02427.jpg,282,176,347,212,65,36,4
2015_02427.jpg,407,168,442,193,35,25,4
2015_02427.jpg,86,163,137,189,51,26,4
2015_02427.jpg,256,165,301,191,45,26,4
2015_02428.jpg,303,198,426,285,123,87,4
2015_02429.jpg,355,88,789,490,434,402,4
2015_02430.jpg,61,365,389,527,328,162,4
2015_02431.jpg,596,248,638,289,42,41,0
2015_02431.jpg,225,223,298,276,73,53,0
2015_02431.jpg,129,226,190,264,61,38,0
2015_02431.jpg,50,233,96,264,46,31,0
2015_02431.jpg,14,268,324,445,310,177,0
2015_02431.jpg,386,241,591,339,205,98,4
2015_02432.jpg,128,259,205,313,77,54,4
2015_02433.jpg,72,81,461,298,389,217,4
2015_02434.jpg,113,144,198,221,85,77,4
2015_02434.jpg,123,311,180,425,57,114,10
2015_02434.jpg,145,62,210,126,65,64,4
2015_02435.jpg,240,61,490,152,250,91,4
2015_02436.jpeg,159,163,263,253,104,90,4
2015_02436.jpeg,64,170,97,209,33,39,10
2015_02436.jpeg,310,159,446,282,136,123,4
2015_02436.jpeg,269,153,334,223,65,70,9
2015_02436.jpeg,110,195,156,263,46,68,10
2015_02437.jpg,319,251,465,316,146,65,4
2015_02437.jpg,126,257,292,337,166,80,4
2015_02437.jpg,566,250,639,295,73,45,4
2015_02437.jpg,407,238,555,311,148,73,4
2015_02438.jpg,143,163,228,224,85,61,4
2015_02439.jpg,5,157,239,285,234,128,4
2015_02440.jpg,145,290,572,434,427,144,4
2015_02441.jpg,225,56,504,296,279,240,4
2015_02441.jpg,2,121,158,321,156,200,4
2015_02441.jpg,193,64,270,127,77,63,4
2015_02441.jpg,271,57,296,102,25,45,10
2015_02442.jpg,288,321,436,383,148,62,4
2015_02442.jpg,97,298,269,373,172,75,4
2015_02443.jpg,336,204,1017,530,681,326,4
2015_02444.jpg,445,328,841,508,396,180,4
2015_02445.jpg,196,165,218,203,22,38,10
2015_02445.jpg,165,150,191,205,26,55,10
2015_02445.jpg,44,154,156,216,112,62,4
2015_02446.jpg,19,186,129,213,110,27,4
2015_02446.jpg,334,190,355,205,21,15,4
2015_02446.jpg,22,204,159,285,137,81,4
2015_02446.jpg,422,195,444,209,22,14,4
2015_02446.jpg,307,192,331,205,24,13,4
2015_02446.jpg,446,196,470,209,24,13,4
2015_02446.jpg,284,193,311,211,27,18,4
2015_02446.jpg,243,194,282,215,39,21,4
2015_02446.jpg,169,196,235,238,66,42,4
2015_02447.jpg,328,368,1014,675,686,307,4
2015_02448.jpg,370,184,440,239,70,55,4
2015_02448.jpg,220,196,244,254,24,58,10
2015_02448.jpg,195,203,220,253,25,50,10
2015_02448.jpg,251,196,278,223,27,27,4
2015_02448.jpg,529,193,633,323,104,130,4
2015_02448.jpg,452,193,545,283,93,90,4
2015_02448.jpg,417,200,469,263,52,63,4
2015_02448.jpg,282,205,355,265,73,60,4
2015_02449.jpg,249,51,638,374,389,323,4
2015_02450.jpg,298,190,401,260,103,70,4
2015_02450.jpg,172,175,242,237,70,62,4
2015_02450.jpg,4,185,179,323,175,138,4
2015_02450.jpg,287,180,326,231,39,51,4
2015_02451.jpg,302,295,1347,815,1045,520,4
2015_02452.jpg,79,40,602,448,523,408,4
2015_02453.jpg,279,215,378,359,99,144,4
2015_02453.jpg,130,239,240,366,110,127,4
2015_02453.jpg,28,221,120,344,92,123,4
2015_02454.jpg,357,183,416,231,59,48,4
2015_02454.jpg,213,171,367,301,154,130,4
2015_02455.jpg,409,409,452,464,43,55,10
2015_02455.jpg,1,389,401,662,400,273,4
2015_02456.jpg,581,851,1121,1049,540,198,4
2015_02456.jpg,794,803,872,895,78,92,10
2015_02456.jpg,465,661,593,698,128,37,1
2015_02456.jpg,284,658,387,693,103,35,1
2015_02457.jpg,283,561,433,694,150,133,4
2015_02458.jpg,68,95,634,350,566,255,4
2015_02458.jpg,315,69,336,100,21,31,7
2015_02458.jpg,284,68,310,98,26,30,7
2015_02459.jpg,15,174,637,443,622,269,4
2015_02460.jpg,123,119,501,291,378,172,4
2015_02460.jpg,528,163,583,201,55,38,4
2015_02460.jpg,412,140,534,202,122,62,4
2015_02461.jpg,375,146,549,228,174,82,4
2015_02462.jpg,249,147,295,185,46,38,4
2015_02462.jpg,141,137,228,205,87,68,4
2015_02462.jpg,297,146,375,208,78,62,4
2015_02463.jpg,392,236,534,328,142,92,4
2015_02464.jpg,333,220,355,272,22,52,10
2015_02464.jpg,312,216,335,275,23,59,10
2015_02464.jpg,12,186,264,305,252,119,4
2015_02465.jpg,195,250,274,306,79,56,4
2015_02465.jpg,340,252,411,306,71,54,4
2015_02466.jpg,6,119,365,254,359,135,4
2015_02467.jpg,212,218,347,321,135,103,4
2015_02467.jpg,4,211,144,337,140,126,4
2015_02467.jpg,434,216,506,289,72,73,4
2015_02468.jpg,357,181,414,231,57,50,4
2015_02469.jpg,260,34,416,172,156,138,4
2015_02469.jpg,43,31,87,158,44,127,10
2015_02469.jpg,428,12,501,114,73,102,10
2015_02469.jpg,150,51,268,277,118,226,10
2015_02469.jpg,103,20,142,149,39,129,10
2015_02470.jpg,265,270,429,365,164,95,4
2015_02470.jpg,139,386,302,593,163,207,10
2015_02470.jpg,458,265,890,441,432,176,4
2015_02470.jpg,820,237,888,359,68,122,10
2015_02470.jpg,451,245,484,327,33,82,10
2015_02470.jpg,264,412,507,646,243,234,10
2015_02470.jpg,954,225,1013,364,59,139,10
2015_02471.jpg,812,427,905,670,93,243,10
2015_02471.jpg,96,420,781,778,685,358,4
2015_02472.jpg,317,177,636,374,319,197,4
2015_02473.jpg,68,296,460,642,392,346,4
2015_02474.jpg,49,154,122,206,73,52,4
2015_02474.jpg,164,143,187,190,23,47,10
2015_02475.jpg,439,621,2223,1631,1784,1010,4
2015_02475.jpg,52,1106,204,1441,152,335,10
2015_02475.jpg,187,913,567,1434,380,521,4
2015_02476.jpg,5,251,107,349,102,98,4
2015_02476.jpg,416,215,446,308,30,93,10
2015_02476.jpg,322,214,367,304,45,90,10
2015_02476.jpg,173,258,497,372,324,114,4
2015_02477.jpg,105,168,186,225,81,57,4
2015_02477.jpg,313,59,491,345,178,286,10
2015_02477.jpg,144,101,298,348,154,247,10
2015_02478.jpg,12,132,96,176,84,44,4
2015_02478.jpg,156,44,337,371,181,327,10
2015_02478.jpg,57,145,472,374,415,229,9
2015_02478.jpg,2,147,119,236,117,89,4
2015_02478.jpg,308,116,369,166,61,50,4
2015_02479.jpg,38,92,455,295,417,203,4
2015_02480.jpg,87,330,133,368,46,38,4
2015_02480.jpg,272,233,374,428,102,195,4
2015_02480.jpg,239,248,328,398,89,150,4
2015_02480.jpg,51,346,64,363,13,17,10
2015_02480.jpg,64,343,77,364,13,21,10
2015_02480.jpg,15,327,29,366,14,39,10
2015_02480.jpg,208,301,250,370,42,69,4
2015_02481.jpg,68,180,85,212,17,32,10
2015_02481.jpg,51,197,207,259,156,62,4
2015_02481.jpg,280,186,316,207,36,21,4
2015_02481.jpg,153,183,178,200,25,17,4
2015_02481.jpg,58,206,397,364,339,158,4
2015_02482.jpg,4,29,492,371,488,342,4
2015_02483.jpg,70,3,411,303,341,300,4
2015_02484.jpg,221,102,261,144,40,42,10
2015_02484.jpg,169,85,480,300,311,215,4
2015_02484.jpg,131,68,234,159,103,91,4
2015_02485.jpg,46,116,85,141,39,25,4
2015_02485.jpg,108,71,304,298,196,227,10
2015_02485.jpg,17,114,40,133,23,19,4
2015_02485.jpg,2,110,23,129,21,19,4
2015_02485.jpg,245,128,390,203,145,75,4
2015_02486.jpg,147,263,186,299,39,36,4
2015_02487.jpg,38,150,608,366,570,216,4
2015_02488.jpg,34,23,614,437,580,414,4
2015_02489.jpg,7,74,204,231,197,157,4
2015_02489.jpg,158,18,635,247,477,229,4
2015_02490.jpg,30,16,557,388,527,372,4
2015_02491.jpg,242,465,389,588,147,123,4
2015_02492.jpg,208,60,586,299,378,239,4
2015_02493.jpg,576,362,639,447,63,85,4
2015_02493.jpg,367,366,390,387,23,21,10
2015_02493.jpg,345,356,362,385,17,29,10
2015_02493.jpg,3,306,360,476,357,170,4
2015_02494.jpg,16,69,615,414,599,345,4
2015_02495.jpg,79,214,180,258,101,44,4
2015_02495.jpg,296,136,495,361,199,225,10
2015_02495.jpg,304,221,326,241,22,20,10
2015_02496.jpg,78,197,130,314,52,117,10
2015_02496.jpg,4,177,229,293,225,116,4
2015_02496.jpg,301,181,636,348,335,167,4
2015_02496.jpg,174,127,222,216,48,89,10
2015_02497.jpg,15,100,571,411,556,311,4
2015_02498.jpg,118,328,476,536,358,208,4
2015_02499.jpg,12,299,317,433,305,134,4
2015_02500.jpg,3,387,92,484,89,97,6
2015_02500.jpg,298,269,990,564,692,295,4
2015_02501.jpg,330,110,601,211,271,101,4
2015_02501.jpg,103,93,153,115,50,22,4
2015_02502.jpg,39,363,455,563,416,200,4
2015_02503.jpg,15,130,626,432,611,302,4
2015_02504.jpg,355,340,380,410,25,70,10
2015_02504.jpg,238,366,363,422,125,56,4
2015_02504.jpg,423,362,657,438,234,76,4
2015_02504.jpg,741,350,1015,450,274,100,4
2015_02504.jpg,397,342,429,413,32,71,10
2015_02504.jpg,785,330,808,387,23,57,10
2015_02504.jpg,679,334,736,396,57,62,10
2015_02504.jpg,15,398,703,752,688,354,4
2015_02504.jpg,11,362,162,419,151,57,4
2015_02504.jpg,819,329,849,371,30,42,10
2015_02504.jpg,614,337,640,382,26,45,10
2015_02504.jpg,750,334,780,389,30,55,10
2015_02505.jpg,176,258,463,444,287,186,4
2015_02506.jpg,293,161,638,400,345,239,4
2015_02506.jpg,4,238,174,338,170,100,4
2015_02506.jpg,169,240,250,322,81,82,4
2015_02506.jpg,202,78,335,421,133,343,10
2015_02507.jpg,414,111,517,213,103,102,4
2015_02507.jpg,129,238,436,492,307,254,4
2015_02507.jpg,511,36,630,168,119,132,4
2015_02507.jpg,311,159,428,265,117,106,4
2015_02507.jpg,78,322,138,386,60,64,4
2015_02508.jpg,126,275,1021,608,895,333,4
2015_02509.jpg,261,397,394,514,133,117,4
2015_02509.jpg,490,423,696,606,206,183,4
2015_02510.jpg,103,178,405,277,302,99,4
2015_02511.jpg,219,239,586,449,367,210,4
2015_02512.jpg,33,296,821,647,788,351,4
2015_02512.jpg,948,432,1022,490,74,58,4
2015_02513.jpg,29,56,350,586,321,530,10
2015_02513.jpg,511,82,543,141,32,59,10
2015_02513.jpg,363,83,411,180,48,97,10
2015_02513.jpg,825,97,898,139,73,42,4
2015_02513.jpg,765,81,823,225,58,144,10
2015_02513.jpg,485,98,795,340,310,242,4
2015_02514.jpg,319,489,510,580,191,91,4
2015_02515.jpg,550,306,695,416,145,110,4
2015_02515.jpg,201,274,245,332,44,58,10
2015_02516.jpg,134,417,156,439,22,22,4
2015_02516.jpg,146,424,180,450,34,26,4
2015_02516.jpg,69,409,87,425,18,16,4
2015_02516.jpg,252,428,316,479,64,51,4
2015_02516.jpg,211,425,264,473,53,48,4
2015_02516.jpg,82,429,151,480,69,51,4
2015_02517.jpg,225,124,268,159,43,35,4
2015_02517.jpg,82,137,187,211,105,74,4
2015_02517.jpg,384,112,483,183,99,71,4
2015_02517.jpg,450,128,636,262,186,134,4
2015_02517.jpg,165,125,239,174,74,49,4
2015_02518.jpg,130,261,216,294,86,33,4
2015_02519.jpg,2,350,164,549,162,199,4
2015_02519.jpg,294,326,382,405,88,79,4
2015_02519.jpg,363,340,487,432,124,92,4
2015_02519.jpg,115,392,267,550,152,158,4
2015_02520.jpg,760,435,851,502,91,67,4
2015_02521.jpg,571,287,638,365,67,78,4
2015_02521.jpg,367,278,544,408,177,130,4
2015_02521.jpg,333,285,405,367,72,82,4
2015_02521.jpg,475,290,579,368,104,78,4
2015_02522.jpg,189,257,229,389,40,132,2
2015_02522.jpg,159,247,193,387,34,140,2
2015_02522.jpg,554,387,592,463,38,76,2
2015_02522.jpg,120,245,158,395,38,150,2
2015_02522.jpg,742,390,1017,677,275,287,4
2015_02522.jpg,161,460,608,671,447,211,4
2015_02522.jpg,684,327,718,441,34,114,2
2015_02523.jpg,217,320,285,361,68,41,4
2015_02523.jpg,301,324,375,378,74,54,4
2015_02523.jpg,333,339,413,409,80,70,4
2015_02523.jpg,343,361,561,533,218,172,4
2015_02524.jpg,119,62,304,207,185,145,4
2015_02525.jpg,86,169,498,365,412,196,4
2015_02526.jpg,582,342,879,551,297,209,4
2015_02526.jpg,5,347,249,545,244,198,4
2015_02526.jpg,769,315,1022,505,253,190,4
2015_02526.jpg,278,346,516,534,238,188,4
2015_02527.jpg,24,160,288,390,264,230,10
2015_02527.jpg,196,148,576,280,380,132,4
2015_02528.jpg,97,120,675,525,578,405,4
2015_02529.jpg,513,169,637,284,124,115,4
2015_02529.jpg,130,124,500,418,370,294,4
2015_02530.jpg,273,166,439,258,166,92,4
2015_02531.jpg,81,130,390,248,309,118,4
2015_02532.jpg,447,479,736,603,289,124,4
2015_02533.jpg,324,312,693,553,369,241,4
2015_02534.jpg,57,181,433,400,376,219,4
2015_02534.jpg,495,191,639,315,144,124,4
2015_02535.jpg,4,58,69,125,65,67,4
2015_02535.jpg,45,49,625,428,580,379,4
2015_02536.jpg,13,181,235,371,222,190,4
2015_02537.jpg,427,273,528,340,101,67,4
2015_02537.jpg,6,295,197,478,191,183,4
2015_02537.jpg,373,294,498,389,125,95,4
2015_02537.jpg,173,275,411,420,238,145,4
2015_02538.jpg,44,54,452,356,408,302,4
2015_02539.jpg,728,374,950,513,222,139,4
2015_02540.jpg,55,153,466,474,411,321,4
2015_02541.jpg,205,179,328,248,123,69,4
2015_02542.jpg,464,354,572,405,108,51,4
2015_02542.jpg,6,328,91,419,85,91,4
2015_02542.jpg,100,348,210,393,110,45,4
2015_02542.jpg,253,337,500,422,247,85,4
2015_02543.jpg,175,254,222,291,47,37,4
2015_02543.jpg,59,248,107,286,48,38,4
2015_02544.jpg,378,366,428,402,50,36,9
2015_02544.jpg,168,354,356,422,188,68,4
2015_02544.jpg,420,354,583,419,163,65,9
2015_02544.jpg,8,337,156,409,148,72,4
2015_02545.jpg,564,397,640,489,76,92,4
2015_02545.jpg,772,402,970,590,198,188,4
2015_02545.jpg,628,413,679,495,51,82,4
2015_02545.jpg,532,419,622,506,90,87,4
2015_02545.jpg,666,421,731,475,65,54,4
2015_02545.jpg,752,420,804,461,52,41,4
2015_02545.jpg,115,427,355,574,240,147,4
2015_02545.jpg,317,386,486,559,169,173,4
2015_02545.jpg,445,399,543,517,98,118,4
2015_02546.jpg,220,281,237,293,17,12,4
2015_02546.jpg,276,280,317,323,41,43,4
2015_02546.jpg,210,282,222,297,12,15,10
2015_02546.jpg,254,284,287,313,33,29,4
2015_02546.jpg,302,291,345,338,43,47,4
2015_02546.jpg,380,294,486,382,106,88,4
2015_02546.jpg,429,291,638,423,209,132,4
2015_02546.jpg,329,295,403,364,74,69,4
2015_02547.jpg,380,339,410,419,30,80,10
2015_02547.jpg,72,364,112,419,40,55,10
2015_02547.jpg,36,359,60,413,24,54,10
2015_02547.jpg,13,361,39,416,26,55,10
2015_02547.jpg,261,345,293,420,32,75,10
2015_02547.jpg,124,355,249,421,125,66,4
2015_02547.jpg,147,353,191,431,44,78,10
2015_02547.jpg,218,349,243,390,25,41,10
2015_02547.jpg,434,333,638,439,204,106,4
2015_02547.jpg,344,346,382,422,38,76,10
2015_02548.jpg,58,180,997,579,939,399,4
2015_02549.jpg,115,371,191,433,76,62,4
2015_02550.jpg,176,141,597,373,421,232,4
2015_02551.jpg,136,175,301,310,165,135,4
2015_02552.jpg,247,232,624,402,377,170,4
2015_02553.jpg,480,392,1527,989,1047,597,4
2015_02554.jpg,7,54,921,554,914,500,4
2015_02555.jpg,14,251,103,280,89,29,4
2015_02555.jpg,171,239,186,279,15,40,10
2015_02555.jpg,4,262,362,468,358,206,4
2015_02555.jpg,246,240,363,342,117,102,4
2015_02555.jpg,306,232,322,256,16,24,10
2015_02556.jpg,463,271,1090,570,627,299,4
2015_02557.jpg,91,154,200,231,109,77,4
2015_02557.jpg,3,170,82,452,79,282,10
2015_02557.jpg,428,168,942,565,514,397,4
2015_02558.jpg,481,454,1316,787,835,333,4
2015_02559.jpg,291,176,409,281,118,105,4
2015_02559.jpg,26,215,62,273,36,58,10
2015_02560.jpg,115,482,360,607,245,125,4
2015_02561.jpg,245,224,506,326,261,102,4
2015_02561.jpg,1,226,187,318,186,92,4
2015_02562.jpg,230,247,367,332,137,85,4
2015_02562.jpg,415,254,463,289,48,35,4
2015_02563.jpg,80,125,204,180,124,55,10
2015_02563.jpg,24,109,493,337,469,228,4
2015_02564.jpg,312,39,457,297,145,258,10
2015_02564.jpg,66,93,285,245,219,152,4
2015_02565.jpg,16,13,615,476,599,463,4
2015_02566.jpg,121,289,967,590,846,301,4
2015_02567.jpg,190,439,289,494,99,55,4
2015_02568.jpg,473,239,611,360,138,121,4
2015_02569.jpg,1262,542,1455,687,193,145,4
2015_02569.jpg,1160,550,1249,618,89,68,4
2015_02569.jpg,4,555,636,963,632,408,4
2015_02569.jpg,1340,534,1594,884,254,350,4
2015_02569.jpg,641,601,723,678,82,77,6
2015_02569.jpg,761,556,1024,648,263,92,4
2015_02569.jpg,723,591,800,662,77,71,6
2015_02570.jpg,365,206,542,347,177,141,4
2015_02571.jpg,428,153,481,304,53,151,10
2015_02571.jpg,95,199,424,346,329,147,4
2015_02571.jpg,35,162,82,343,47,181,10
2015_02571.jpg,86,167,129,298,43,131,10
2015_02571.jpg,163,178,213,217,50,39,10
2015_02571.jpg,468,150,515,313,47,163,10
2015_02571.jpg,391,164,640,292,249,128,4
2015_02572.jpg,175,313,299,365,124,52,4
2015_02572.jpg,2,307,132,373,130,66,4
2015_02573.jpg,519,328,632,471,113,143,4
2015_02574.jpg,140,393,215,426,75,33,4
2015_02575.jpg,95,109,243,498,148,389,10
2015_02575.jpg,295,217,372,289,77,72,4
2015_02575.jpg,201,224,347,311,146,87,4
2015_02576.jpg,328,272,348,293,20,21,4
2015_02576.jpg,20,290,289,467,269,177,4
2015_02576.jpg,558,260,593,335,35,75,10
2015_02576.jpg,621,262,638,326,17,64,10
2015_02576.jpg,228,271,264,294,36,23,4
2015_02576.jpg,181,266,225,294,44,28,4
2015_02576.jpg,300,272,316,288,16,16,4
2015_02576.jpg,261,274,283,292,22,18,4
2015_02577.jpg,206,428,276,473,70,45,4
2015_02577.jpg,266,421,308,461,42,40,4
2015_02578.jpg,501,323,539,359,38,36,4
2015_02578.jpg,83,329,155,362,72,33,4
2015_02578.jpg,211,327,246,356,35,29,4
2015_02578.jpg,266,331,297,354,31,23,4
2015_02578.jpg,298,329,319,348,21,19,4
2015_02578.jpg,5,350,146,424,141,74,4
2015_02578.jpg,168,333,201,354,33,21,4
2015_02578.jpg,372,326,393,343,21,17,4
2015_02578.jpg,342,326,368,344,26,18,4
2015_02578.jpg,401,334,485,411,84,77,4
2015_02579.jpg,366,196,433,226,67,30,4
2015_02580.jpg,17,332,59,369,42,37,4
2015_02580.jpg,227,331,340,374,113,43,4
2015_02580.jpg,67,337,156,392,89,55,4
2015_02581.jpg,68,2,276,123,208,121,4
2015_02581.jpg,185,167,247,250,62,83,7
2015_02581.jpg,183,32,455,474,272,442,10
2015_02582.jpg,59,158,320,316,261,158,4
2015_02583.jpg,278,441,421,518,143,77,4
2015_02583.jpg,26,435,105,488,79,53,4
2015_02583.jpg,90,439,202,505,112,66,4
2015_02583.jpg,194,443,311,498,117,55,4
2015_02584.jpg,44,526,112,588,68,62,4
2015_02585.jpg,170,371,213,418,43,47,4
2015_02585.jpg,158,354,196,402,38,48,4
2015_02585.jpg,40,349,66,370,26,21,4
2015_02585.jpg,96,376,142,411,46,35,4
2015_02586.jpg,237,236,305,269,68,33,4
2015_02586.jpg,307,238,354,269,47,31,4
2015_02587.jpg,59,195,230,261,171,66,4
2015_02587.jpg,233,220,522,321,289,101,4
2015_02587.jpg,330,34,638,202,308,168,4
2015_02587.jpg,152,82,381,207,229,125,4
2015_02587.jpg,48,117,210,189,162,72,4
2015_02588.jpg,222,490,269,520,47,30,4
2015_02588.jpg,381,493,408,516,27,23,4
2015_02588.jpg,4,497,59,529,55,32,4
2015_02588.jpg,127,495,190,526,63,31,4
2015_02588.jpg,319,495,349,521,30,26,4
2015_02589.jpg,3,429,127,502,124,73,4
2015_02589.jpg,10,456,258,607,248,151,4
2015_02590.jpg,56,263,86,291,30,28,4
2015_02590.jpg,69,297,103,323,34,26,4
2015_02590.jpg,92,337,143,382,51,45,4
2015_02590.jpg,75,307,123,363,48,56,4
2015_02591.jpg,44,238,117,293,73,55,4
2015_02591.jpg,61,218,285,401,224,183,4
2015_02591.jpg,323,239,471,355,148,116,4
2015_02591.jpg,258,247,345,320,87,73,4
2015_02591.jpg,438,216,636,371,198,155,4
2015_02592.jpg,221,341,362,421,141,80,4
2015_02592.jpg,355,269,390,288,35,19,4
2015_02592.jpg,129,297,204,335,75,38,4
2015_02593.jpg,340,198,415,237,75,39,4
2015_02593.jpg,134,204,193,258,59,54,4
2015_02593.jpg,238,205,268,224,30,19,4
2015_02593.jpg,31,162,117,251,86,89,3
2015_02594.jpg,276,380,341,431,65,51,4
2015_02594.jpg,408,373,461,410,53,37,4
2015_02594.jpg,250,370,282,404,32,34,4
2015_02594.jpg,492,388,558,435,66,47,4
2015_02594.jpg,444,378,505,419,61,41,4
2015_02594.jpg,212,379,262,419,50,40,4
2015_02594.jpg,2,372,71,438,69,66,4
2015_02594.jpg,89,384,250,461,161,77,4
2015_02595.jpg,200,360,331,424,131,64,4
2015_02595.jpg,265,336,305,363,40,27,4
2015_02595.jpg,310,338,344,364,34,26,4
2015_02595.jpg,413,338,450,364,37,26,4
2015_02595.jpg,67,332,123,361,56,29,10
2015_02595.jpg,143,335,167,356,24,21,10
2015_02595.jpg,192,335,210,357,18,22,10
2015_02595.jpg,350,335,379,357,29,22,4
2015_02595.jpg,603,323,625,372,22,49,10
2015_02596.jpg,71,201,178,302,107,101,4
2015_02596.jpg,234,203,309,267,75,64,4
2015_02596.jpg,138,187,192,259,54,72,4
2015_02596.jpg,354,197,422,252,68,55,4
2015_02596.jpg,342,178,394,231,52,53,4
2015_02597.jpg,373,215,637,394,264,179,4
2015_02597.jpg,353,335,636,474,283,139,4
2015_02597.jpg,255,271,383,342,128,71,4
2015_02597.jpg,111,292,246,343,135,51,4
2015_02598.jpg,477,283,576,346,99,63,4
2015_02598.jpg,241,292,332,363,91,71,4
2015_02599.jpg,432,210,618,274,186,64,4
2015_02599.jpg,262,205,404,273,142,68,4
2015_02599.jpg,195,134,250,222,55,88,10
2015_02599.jpg,601,186,624,241,23,55,10
2015_02599.jpg,4,205,54,247,50,42,4
2015_02600.jpg,277,209,320,248,43,39,4
2015_02601.jpg,3,275,133,397,130,122,4
2015_02601.jpg,182,288,374,464,192,176,4
2015_02602.jpg,4,264,197,459,193,195,4
2015_02602.jpg,364,278,535,446,171,168,4
2015_02602.jpg,263,252,430,423,167,171,4
2015_02602.jpg,503,231,634,465,131,234,4
2015_02602.jpg,206,299,300,419,94,120,4
2015_02603.jpg,5,155,281,432,276,277,4
2015_02603.jpg,226,133,280,171,54,38,4
2015_02603.jpg,41,130,117,173,76,43,4
2015_02604.jpg,172,324,243,374,71,50,4
2015_02604.jpg,261,336,291,357,30,21,4
2015_02604.jpg,289,332,345,367,56,35,4
2015_02604.jpg,354,337,387,363,33,26,4
2015_02604.jpg,285,317,344,341,59,24,3
2015_02604.jpg,374,313,405,355,31,42,3
2015_02604.jpg,120,327,138,351,18,24,10
2015_02604.jpg,59,322,71,346,12,24,10
2015_02604.jpg,71,326,84,348,13,22,10
2015_02604.jpg,6,318,30,344,24,26,10
2015_02605.jpg,3,190,71,229,68,39,4
2015_02605.jpg,409,181,471,214,62,33,4
2015_02605.jpg,379,170,440,195,61,25,4
2015_02605.jpg,329,178,381,210,52,32,4
2015_02605.jpg,262,181,334,211,72,30,4
2015_02605.jpg,79,193,151,221,72,28,4
2015_02605.jpg,515,183,573,224,58,41,0
2015_02605.jpg,68,202,529,444,461,242,4
2015_02605.jpg,572,159,619,218,47,59,10
2015_02605.jpg,441,168,475,184,34,16,4
2015_02605.jpg,474,168,505,188,31,20,4
2015_02605.jpg,450,187,478,214,28,27,0
2015_02606.jpg,362,340,403,377,41,37,4
2015_02606.jpg,423,341,472,383,49,42,4
2015_02606.jpg,483,346,535,388,52,42,4
2015_02606.jpg,220,333,286,366,66,33,4
2015_02607.jpg,492,385,554,441,62,56,4
2015_02607.jpg,180,376,275,460,95,84,4
2015_02607.jpg,354,377,460,459,106,82,4
2015_02607.jpg,533,381,638,477,105,96,4
2015_02607.jpg,381,372,439,472,58,100,10
2015_02607.jpg,279,385,296,434,17,49,10
2015_02607.jpg,449,383,513,432,64,49,4
2015_02608.jpg,422,377,479,412,57,35,4
2015_02608.jpg,364,373,431,412,67,39,4
2015_02608.jpg,298,363,365,408,67,45,4
2015_02608.jpg,220,361,306,405,86,44,4
2015_02609.jpg,374,416,479,570,105,154,4
2015_02609.jpg,250,427,348,501,98,74,4
2015_02610.jpg,233,277,262,292,29,15,4
2015_02610.jpg,188,276,258,305,70,29,4
2015_02611.jpg,349,250,368,303,19,53,10
2015_02611.jpg,309,255,327,307,18,52,10
2015_02611.jpg,409,253,427,308,18,55,10
2015_02611.jpg,321,249,340,305,19,56,10
2015_02611.jpg,375,251,407,308,32,57,10
2015_02611.jpg,335,257,351,305,16,48,10
2015_02611.jpg,23,240,201,390,178,150,4
2015_02612.jpg,344,86,630,296,286,210,4
2015_02612.jpg,198,27,436,414,238,387,10
2015_02613.jpg,272,304,368,387,96,83,4
2015_02613.jpg,338,304,373,408,35,104,4
2015_02613.jpg,257,309,298,381,41,72,4
2015_02613.jpg,3,247,103,497,100,250,4
2015_02613.jpg,27,269,124,485,97,216,4
2015_02613.jpg,137,305,233,380,96,75,4
2015_02614.jpg,3,524,130,602,127,78,4
2015_02614.jpg,186,541,421,638,235,97,4
2015_02614.jpg,90,533,199,579,109,46,4
2015_02614.jpg,385,540,469,579,84,39,4
2015_02615.jpg,536,377,1591,861,1055,484,4
2015_02616.jpg,353,120,368,150,15,30,10
2015_02616.jpg,266,200,504,326,238,126,4
2015_02616.jpg,279,146,308,207,29,61,10
2015_02616.jpg,367,117,382,155,15,38,10
2015_02616.jpg,379,119,397,155,18,36,10
2015_02616.jpg,7,3,352,255,345,252,1
2015_02616.jpg,330,101,414,142,84,41,4
2015_02616.jpg,256,149,285,213,29,64,10
2015_02617.JPEG,84,62,344,230,260,168,4
2015_02618.JPEG,131,224,188,268,57,44,4
2015_02618.JPEG,252,221,277,239,25,18,4
2015_02618.JPEG,202,238,381,370,179,132,4
2015_02618.JPEG,3,244,170,368,167,124,4
2015_02618.JPEG,59,219,114,254,55,35,4
2015_02618.JPEG,23,221,53,238,30,17,4
2015_02618.JPEG,401,230,463,253,62,23,4
2015_02618.JPEG,323,231,382,272,59,41,4
2015_02618.JPEG,179,219,217,238,38,19,4
2015_02618.JPEG,376,225,412,256,36,31,4
2015_02618.JPEG,194,227,257,267,63,40,4
2015_02618.JPEG,373,249,498,370,125,121,4
2015_02619.JPEG,186,160,271,189,85,29,4
2015_02619.JPEG,291,153,372,186,81,33,4
2015_02619.JPEG,355,167,413,207,58,40,4
2015_02619.JPEG,416,119,495,298,79,179,4
2015_02620.JPEG,76,111,188,191,112,80,4
2015_02620.JPEG,173,140,211,186,38,46,4
2015_02620.JPEG,2,70,89,192,87,122,4
2015_02621.JPEG,171,215,226,268,55,53,10
2015_02621.JPEG,284,184,338,257,54,73,10
2015_02621.JPEG,89,282,359,438,270,156,4
2015_02622.JPEG,272,84,402,139,130,55,4
2015_02622.JPEG,366,86,492,155,126,69,4
2015_02622.JPEG,33,65,216,334,183,269,10
2015_02622.JPEG,168,48,326,335,158,287,10
2015_02623.JPEG,189,150,281,220,92,70,4
2015_02623.JPEG,88,166,201,212,113,46,4
2015_02623.JPEG,287,161,359,212,72,51,4
2015_02623.JPEG,390,157,484,204,94,47,4
2015_02624.JPEG,141,263,499,375,358,112,4
2015_02624.JPEG,63,286,116,327,53,41,8
2015_02624.JPEG,16,234,43,298,27,64,10
2015_02625.JPEG,257,120,313,145,56,25,4
2015_02625.JPEG,64,120,155,151,91,31,4
2015_02625.JPEG,378,125,429,165,51,40,4
2015_02625.JPEG,224,201,265,228,41,27,8
2015_02625.JPEG,298,121,380,164,82,43,4
2015_02626.JPEG,324,225,423,273,99,48,4
2015_02627.JPEG,186,288,263,334,77,46,4
2015_02627.JPEG,404,260,455,283,51,23,4
2015_02627.JPEG,437,260,498,284,61,24,4
2015_02628.JPEG,383,216,499,258,116,42,4
2015_02628.JPEG,102,211,314,287,212,76,4
2015_02629.jpg,561,365,659,452,98,87,4
2015_02629.jpg,738,337,816,405,78,68,4
2015_02629.jpg,689,363,760,417,71,54,4
2015_02630.jpg,507,363,587,437,80,74,4
2015_02630.jpg,725,380,903,490,178,110,4
2015_02630.jpg,4,236,189,756,185,520,10
2015_02631.jpg,772,357,843,425,71,68,4
2015_02631.jpg,532,358,611,444,79,86,4
2015_02631.jpg,618,370,705,426,87,56,4
2015_02631.jpg,409,323,560,453,151,130,4
2015_02632.jpg,694,1385,1181,1779,487,394,4
2015_02632.jpg,388,1290,428,1369,40,79,10
2015_02632.jpg,467,1336,533,1415,66,79,0
2015_02632.jpg,964,1465,1533,2041,569,576,4
2015_02632.jpg,538,1373,869,1628,331,255,4
2015_02633.jpg,693,1729,1664,2135,971,406,4
2015_02633.jpg,553,1297,1680,1768,1127,471,4
2015_02634.jpg,1137,1023,2197,1512,1060,489,4
2015_02634.jpg,920,971,1370,1248,450,277,4
2015_02634.jpg,35,1030,354,1260,319,230,4
2015_02635.jpg,8,36,3184,2357,3176,2321,4
2015_02636.jpg,2135,224,2410,450,275,226,4
2015_02636.jpg,999,192,2361,1255,1362,1063,4
2015_02636.jpg,435,424,655,587,220,163,4
2015_02636.jpg,2479,145,3201,587,722,442,4
2015_02637.jpg,12,601,338,856,326,255,4
2015_02637.jpg,474,513,691,632,217,119,4
2015_02637.jpg,630,553,2650,1818,2020,1265,4
2015_02637.jpg,116,605,830,1131,714,526,4
2015_02637.jpg,1753,246,2668,691,915,445,4
2015_02637.jpg,1174,390,1577,617,403,227,4
2015_02637.jpg,2839,384,3192,768,353,384,4
2015_02637.jpg,1515,284,2022,556,507,272,4
2015_02638.jpg,1226,856,2514,1459,1288,603,4
2015_02638.jpg,2786,728,3196,1099,410,371,4
2015_02638.jpg,2257,793,2672,1080,415,287,4
2015_02639.jpg,1759,1149,2095,1310,336,161,4
2015_02639.jpg,302,1073,1801,2398,1499,1325,4
2015_02640.jpg,848,109,3148,2340,2300,2231,4
2015_02640.jpg,145,1005,424,1284,279,279,4
2015_02640.jpg,308,686,1103,1539,795,853,4
2015_02641.jpg,31,1117,1941,2730,1910,1613,4
2015_02641.jpg,1981,1090,2184,1246,203,156,4
2015_02642.JPG,938,1022,1108,1126,170,104,4
2015_02642.JPG,619,994,917,1126,298,132,4
2015_02642.JPG,221,949,602,1105,381,156,4
2015_02642.JPG,1939,1150,2795,1697,856,547,4
2015_02642.JPG,1690,1192,2005,1393,315,201,9
2015_02642.JPG,1374,1174,1520,1417,146,243,9
2015_02643.JPG,26,925,865,1743,839,818,4
2015_02643.JPG,889,835,2088,1947,1199,1112,4
2015_02644.JPG,643,7,1173,315,530,308,4
2015_02644.JPG,9,17,799,540,790,523,4
2015_02644.JPG,16,20,2899,2411,2883,2391,4
2015_02644.JPG,2726,45,3128,800,402,755,4
2015_02645.JPG,456,325,2961,1538,2505,1213,4
2015_02645.JPG,1835,336,3179,1077,1344,741,4
2015_02645.JPG,2490,308,3270,658,780,350,4
2015_02646.JPG,2431,104,3235,842,804,738,4
2015_02646.JPG,20,76,2778,2318,2758,2242,4
2015_02646.JPG,331,7,892,433,561,426,4
2015_02646.JPG,1995,31,2522,225,527,194,4
2015_02647.JPG,2639,214,3252,834,613,620,4
2015_02647.JPG,37,391,3214,1978,3177,1587,4
2015_02647.JPG,169,249,1493,783,1324,534,4
2015_02648.JPG,175,655,3117,1920,2942,1265,4
2015_02648.JPG,16,869,352,1198,336,329,4
2015_02648.JPG,2539,776,3041,1185,502,409,4
2015_02649.JPG,501,509,1738,921,1237,412,4
2015_02649.JPG,2816,471,3249,824,433,353,4
2015_02649.JPG,207,623,637,956,430,333,4
2015_02649.JPG,432,661,2792,1621,2360,960,4
2015_02649.JPG,2144,443,2844,862,700,419,4
2015_02650.JPG,470,1029,1704,1656,1234,627,4
2015_02650.JPG,1676,1077,2068,1392,392,315,4
2015_02650.JPG,1898,980,3159,1929,1261,949,4
2015_02651.JPG,16,810,1267,1562,1251,752,4
2015_02651.JPG,1925,1022,2126,1220,201,198,4
2015_02651.JPG,2088,1039,2358,1202,270,163,4
2015_02651.JPG,2532,1067,2667,1171,135,104,4
2015_02651.JPG,1749,994,2002,1233,253,239,4
2015_02651.JPG,1551,925,1849,1289,298,364,4
2015_02651.JPG,882,873,1655,1389,773,516,4
2015_02652.JPG,1683,821,3173,1656,1490,835,4
2015_02652.JPG,380,939,1804,1594,1424,655,4
2015_02653.JPG,324,1264,466,1406,142,142,4
2015_02653.JPG,498,1226,664,1344,166,118,4
2015_02653.JPG,127,1243,338,1451,211,208,4
2015_02653.JPG,1731,1171,2265,1559,534,388,4
2015_02653.JPG,1309,1164,1798,1476,489,312,4
2015_02653.JPG,955,1178,1343,1386,388,208,4
2015_02653.JPG,20,1268,197,1469,177,201,4
2015_02653.JPG,2157,1188,2954,1600,797,412,4
2015_02654.JPG,2878,911,3256,1129,378,218,4
2015_02654.JPG,390,1004,1551,1590,1161,586,4
2015_02654.JPG,2029,984,2275,1209,246,225,4
2015_02654.JPG,1367,994,1849,1344,482,350,4
2015_02654.JPG,1745,984,2081,1254,336,270,4
2015_02655.JPG,33,1081,1405,1847,1372,766,4
2015_02655.JPG,1426,949,2947,1885,1521,936,4
2015_02656.JPG,2625,959,3242,1475,617,516,4
2015_02656.JPG,44,883,2539,2227,2495,1344,4
2015_02657.JPG,1898,1091,2165,1257,267,166,4
2015_02657.JPG,2521,1119,3055,1327,534,208,4
2015_02657.JPG,1170,1077,1728,1493,558,416,4
2015_02658.JPG,719,1250,2112,2030,1393,780,4
2015_02659.JPG,761,1043,1392,1400,631,357,4
2015_02659.JPG,2002,1164,2338,1323,336,159,4
2015_02659.JPG,20,1122,294,1430,274,308,4
2015_02659.JPG,1336,1129,1495,1340,159,211,4
2015_02660.JPG,740,918,2129,2068,1389,1150,4
2015_02660.JPG,1963,984,3252,1965,1289,981,4
2015_02661.JPG,255,921,2164,1818,1909,897,4
2015_02662.JPG,463,1334,1236,1722,773,388,4
2015_02663.JPG,626,786,3252,1763,2626,977,4
2015_02664.JPG,2074,946,2199,1053,125,107,4
2015_02664.JPG,879,897,1711,1406,832,509,4
2015_02665.JPG,1572,1115,2248,1593,676,478,4
2015_02666.JPG,1288,918,1811,1372,523,454,4
2015_02666.JPG,2327,1036,2573,1192,246,156,4
2015_02666.JPG,1863,1001,2123,1160,260,159,4
2015_02667.JPG,2320,1025,2594,1223,274,198,4
2015_02667.JPG,1686,973,2064,1191,378,218,4
2015_02667.JPG,30,672,1343,1732,1313,1060,4
2015_02668.JPG,976,1053,1693,1524,717,471,4
2015_02668.JPG,1811,1129,2275,1375,464,246,4
2015_02668.JPG,1572,1119,1815,1275,243,156,4
2015_02668.JPG,2223,1115,2871,1513,648,398,4
2015_02669.JPG,95,818,2416,2351,2321,1533,4
2015_02669.JPG,10,1065,337,1234,327,169,4
2015_02670.JPG,914,826,2182,1855,1268,1029,4
2015_02671.JPG,603,965,721,1245,118,280,10
2015_02671.JPG,976,937,1816,1335,840,398,4
2015_02671.JPG,104,914,598,1383,494,469,4
2015_02671.JPG,734,955,1150,1268,416,313,4
2015_02672.JPG,737,1085,966,1477,229,392,4
2015_02672.JPG,26,1071,452,1474,426,403,4
2015_02672.JPG,893,985,2181,1729,1288,744,4
2015_02673.JPG,2247,1065,2413,1260,166,195,4
2015_02673.JPG,1901,1018,2153,1293,252,275,4
2015_02673.JPG,202,940,1568,1563,1366,623,4
2015_02673.JPG,1228,1013,1979,1368,751,355,4
2015_02673.JPG,2052,1026,2270,1260,218,234,4
2015_02674.JPG,1223,912,1636,1285,413,373,4
2015_02674.JPG,31,856,860,1448,829,592,4
2015_02674.JPG,1584,955,1917,1278,333,323,4
2015_02674.JPG,762,909,1281,1380,519,471,4
2015_02675.JPG,13,786,858,1389,845,603,4
2015_02675.JPG,769,710,2388,1446,1619,736,4
2015_02676.JPG,832,698,2425,1376,1593,678,4
2015_02677.JPG,233,984,511,1098,278,114,4
2015_02677.JPG,452,927,1642,1525,1190,598,4
2015_02678.JPG,23,569,2065,2407,2042,1838,4
2015_02679.JPG,33,214,2378,2405,2345,2191,4
2015_02680.JPG,18,37,2252,2397,2234,2360,4
2015_02681.JPG,96,650,2438,2402,2342,1752,4
2015_02681.JPG,618,526,915,725,297,199,4
2015_02681.JPG,1180,420,1636,652,456,232,4
2015_02682.JPG,235,833,2179,1743,1944,910,4
2015_02683.JPG,613,887,2264,1646,1651,759,4
2015_02683.JPG,406,1096,610,1260,204,164,4
2015_02683.JPG,15,956,176,1237,161,281,4
2015_02684.JPG,149,559,2342,2069,2193,1510,4
2015_02685.JPG,849,299,2500,1716,1651,1417,4
2015_02686.JPG,819,176,2536,1568,1717,1392,4
2015_02687.JPG,20,22,3224,1527,3204,1505,4
2015_02688.JPG,2637,251,3252,632,615,381,4
2015_02688.JPG,25,77,3186,2365,3161,2288,4
2015_02689.JPG,324,973,670,1164,346,191,4
2015_02689.JPG,56,688,2726,2380,2670,1692,4
2015_02690.JPG,779,1584,1372,2054,593,470,4
2015_02690.JPG,198,1630,958,2041,760,411,4
2015_02690.JPG,20,1605,453,1945,433,340,4
2015_02690.JPG,3068,1568,3482,1954,414,386,4
2015_02690.JPG,1088,1602,2401,2201,1313,599,4
2015_02691.JPG,72,1025,297,1187,225,162,4
2015_02691.JPG,555,963,1129,1574,574,611,4
2015_02691.JPG,539,1098,2928,3446,2389,2348,4
2015_02691.JPG,312,1049,510,1214,198,165,4
2015_02692.JPG,723,611,2246,1785,1523,1174,4
2015_02692.JPG,454,595,1078,1099,624,504,4
2015_02692.JPG,2076,725,2728,1117,652,392,4
2015_02692.JPG,2852,836,3980,1476,1128,640,4
2015_02693.JPG,3378,993,3561,1150,183,157,4
2015_02693.JPG,2540,1022,3010,1473,470,451,4
2015_02693.JPG,2122,946,2351,1112,229,166,4
2015_02693.JPG,3083,1065,3519,1269,436,204,4
2015_02693.JPG,1424,1049,2783,1982,1359,933,4
2015_02693.JPG,1502,944,1990,1182,488,238,4
2015_02693.JPG,7,917,355,1511,348,594,4
2015_02693.JPG,28,1630,1085,2972,1057,1342,4
2015_02693.JPG,417,969,1486,1398,1069,429,4
2015_02694.JPG,1340,861,2143,1497,803,636,4
2015_02694.JPG,1310,920,1542,1121,232,201,4
2015_02694.JPG,1495,932,3732,2675,2237,1743,4
2015_02694.JPG,979,886,1263,1037,284,151,4
2015_02695.jpg,101,268,876,648,775,380,4
2015_02696.jpg,95,313,859,575,764,262,4
2015_02697.jpg,365,484,1080,723,715,239,4
2015_02698.JPG,2613,1365,3201,1806,588,441,4
2015_02698.JPG,1616,1365,2508,1852,892,487,4
2015_02699.jpg,79,12,598,355,519,343,4
2015_02700.jpg,237,350,938,638,701,288,4
2015_02701.jpg,9,128,881,535,872,407,4
2015_02702.jpg,354,132,820,424,466,292,4
2015_02703.jpg,86,340,378,461,292,121,4
2015_02703.jpg,294,367,583,540,289,173,4
2015_02704.jpg,81,182,322,384,241,202,4
2015_02704.jpg,415,193,596,366,181,173,4
2015_02705.png,587,98,671,298,84,200,10
2015_02705.png,546,97,892,305,346,208,4
2015_02706.jpg,110,206,689,520,579,314,4
2015_02707.jpg,7,398,541,766,534,368,4
2015_02708.jpg,79,63,288,229,209,166,4
2015_02709.jpg,80,235,238,338,158,103,4
2015_02709.jpg,203,222,273,277,70,55,4
2015_02710.jpg,76,93,893,628,817,535,4
2015_02711.jpg,325,444,764,605,439,161,4
2015_02711.jpg,11,443,193,594,182,151,4
2015_02712.jpg,115,132,737,530,622,398,4
2015_02713.jpg,267,308,504,482,237,174,4
2015_02714.jpg,74,549,383,727,309,178,4
2015_02715.jpg,16,475,73,529,57,54,4
2015_02715.jpg,89,474,163,521,74,47,4
2015_02715.jpg,224,474,485,601,261,127,4
2015_02716.jpg,9,244,419,586,410,342,4
2015_02717.jpg,2,475,269,581,267,106,4
2015_02718.jpg,320,159,342,218,22,59,10
2015_02718.jpg,137,170,220,226,83,56,4
2015_02718.jpg,103,152,125,198,22,46,10
2015_02718.jpg,130,151,150,196,20,45,10
2015_02718.jpg,243,160,332,222,89,62,4
2015_02718.jpg,34,173,125,230,91,57,4
2015_02718.jpg,338,173,431,223,93,50,4
2015_02718.jpg,204,172,246,201,42,29,0
2015_02719.jpg,9,52,324,175,315,123,4
2015_02719.jpg,362,37,637,175,275,138,4
2015_02720.jpg,215,577,773,1018,558,441,4
2015_02721.jpg,60,159,876,553,816,394,4
2015_02722.jpg,29,318,680,656,651,338,4
2015_02723.jpg,94,10,517,379,423,369,4
2015_02724.jpg,674,191,995,358,321,167,4
2015_02724.jpg,193,206,932,542,739,336,4
2015_02725.png,354,445,382,462,28,17,4
2015_02725.png,213,457,344,556,131,99,4
2015_02725.png,4,427,69,508,65,81,4
2015_02726.jpg,295,294,497,423,202,129,4
2015_02727.jpg,174,218,678,491,504,273,4
2015_02728.jpg,520,411,559,439,39,28,4
2015_02728.jpg,519,390,712,574,193,184,4
2015_02728.jpg,447,408,473,459,26,51,10
2015_02728.jpg,772,373,872,656,100,283,10
2015_02728.jpg,850,381,929,657,79,276,10
2015_02729.jpg,172,185,233,253,61,68,4
2015_02729.jpg,283,192,336,234,53,42,4
2015_02729.jpg,354,195,412,253,58,58,4
2015_02730.jpg,5,221,244,359,239,138,4
2015_02730.jpg,216,216,491,325,275,109,4
2015_02731.jpg,112,13,687,400,575,387,4
2015_02732.jpg,660,435,976,608,316,173,4
2015_02733.jpg,102,53,126,129,24,76,10
2015_02733.jpg,187,24,232,164,45,140,10
2015_02733.jpg,62,72,143,122,81,50,4
2015_02734.jpg,252,175,372,244,120,69,4
2015_02734.jpg,200,175,236,251,36,76,10
2015_02735.jpg,6,351,708,835,702,484,4
2015_02736.jpg,35,271,372,468,337,197,4
2015_02737.jpg,374,159,770,432,396,273,4
2015_02738.jpg,7,4,671,563,664,559,4
2015_02739.jpg,100,192,696,607,596,415,4
2015_02739.jpg,663,164,898,277,235,113,4
2015_02740.jpg,123,175,418,372,295,197,4
2015_02741.jpg,319,151,656,370,337,219,4
2015_02742.jpg,371,160,565,333,194,173,4
2015_02742.jpg,215,149,250,222,35,73,10
2015_02742.jpg,7,162,58,216,51,54,4
2015_02742.jpg,50,145,83,221,33,76,10
2015_02742.jpg,107,147,134,220,27,73,10
2015_02743.jpg,128,231,248,299,120,68,4
2015_02743.jpg,378,243,459,307,81,64,4
2015_02743.jpg,260,228,350,307,90,79,4
2015_02744.jpg,44,317,305,467,261,150,4
2015_02744.jpg,281,253,470,388,189,135,4
2015_02745.jpg,165,123,576,451,411,328,4
2015_02746.jpg,104,240,571,472,467,232,4
2015_02747.jpg,325,253,472,347,147,94,4
2015_02747.jpg,177,284,291,376,114,92,4
2015_02748.jpg,490,450,958,668,468,218,4
2015_02749.jpg,277,548,532,718,255,170,4
2015_02750.jpg,73,337,336,554,263,217,4
2015_02751.jpg,509,557,678,679,169,122,4
2015_02751.jpg,45,536,237,624,192,88,4
2015_02752.jpg,43,304,82,366,39,62,6
2015_02752.jpg,313,246,600,398,287,152,4
2015_02753.jpg,596,346,738,466,142,120,4
2015_02754.jpg,99,376,325,523,226,147,4
2015_02754.jpg,614,354,731,454,117,100,4
2015_02755.jpg,5,107,192,215,187,108,4
2015_02755.jpg,66,98,518,353,452,255,4
2015_02756.jpg,461,261,599,372,138,111,4
2015_02756.jpg,46,140,122,191,76,51,4
2015_02756.jpg,113,139,214,223,101,84,4
2015_02756.jpg,207,184,316,269,109,85,4
2015_02756.jpg,169,296,404,436,235,140,4
2015_02756.jpg,24,140,75,176,51,36,4
2015_02757.jpg,143,140,837,604,694,464,4
2015_02758.jpg,394,460,1054,745,660,285,4
2015_02759.jpg,161,100,923,600,762,500,4
2015_02760.jpg,69,308,762,553,693,245,4
2015_02761.png,52,113,659,466,607,353,4
2015_02762.jpg,123,113,946,599,823,486,4
2015_02762.jpg,844,90,950,161,106,71,4
2015_02763.jpg,4,245,326,375,322,130,4
2015_02764.jpg,226,281,398,411,172,130,4
2015_02765.jpg,443,11,895,458,452,447,4
2015_02765.jpg,33,9,735,577,702,568,4
2015_02766.jpg,555,372,878,502,323,130,4
2015_02767.jpg,8,69,939,506,931,437,4
2015_02768.png,101,191,274,266,173,75,4
2015_02768.png,218,216,471,334,253,118,4
2015_02768.png,679,188,712,291,33,103,10
2015_02768.png,609,208,688,240,79,32,4
2015_02768.png,545,209,608,232,63,23,4
2015_02769.jpg,43,146,588,366,545,220,4
2015_02770.jpg,1271,1183,1743,1584,472,401,4
2015_02770.jpg,636,1162,1423,1609,787,447,4
2015_02770.jpg,1661,1222,2083,1530,422,308,4
2015_02770.jpg,2426,1248,2659,1491,233,243,4
2015_02770.jpg,2018,1233,2462,1519,444,286,4
2015_02771.jpg,5,410,337,591,332,181,4
2015_02771.jpg,511,247,636,420,125,173,10
2015_02772.jpg,684,252,814,410,130,158,10
2015_02772.jpg,93,385,161,478,68,93,10
2015_02772.jpg,169,203,672,472,503,269,4
2015_02773.jpg,694,361,1079,601,385,240,4
2015_02773.jpg,599,387,624,433,25,46,9
2015_02773.jpg,532,384,596,466,64,82,9
2015_02774.jpg,322,95,936,348,614,253,4
2015_02775.jpg,294,107,505,243,211,136,4
2015_02775.jpg,96,135,386,262,290,127,4
2015_02776.jpg,310,347,422,457,112,110,4
2015_02776.jpg,437,373,495,428,58,55,4
2015_02777.jpg,372,152,891,463,519,311,4
2015_02777.jpg,5,174,453,530,448,356,4
2015_02778.jpg,4,102,696,456,692,354,4
2015_02778.jpg,652,153,724,201,72,48,4
2015_02779.jpg,570,646,861,914,291,268,4
2015_02780.jpg,396,259,441,316,45,57,10
2015_02780.jpg,458,247,557,304,99,57,10
2015_02780.jpg,907,166,1015,478,108,312,10
2015_02780.jpg,351,265,392,324,41,59,10
2015_02780.jpg,99,265,159,349,60,84,10
2015_02780.jpg,29,216,913,630,884,414,4
2015_02780.jpg,770,177,889,363,119,186,10
2015_02781.jpg,228,64,892,519,664,455,4
2015_02782.jpg,352,439,738,653,386,214,4
2015_02783.jpg,15,11,898,664,883,653,4
2015_02784.jpg,79,377,773,641,694,264,4
2015_02784.jpg,5,340,60,391,55,51,4
2015_02784.jpg,409,361,615,441,206,80,4
2015_02785.jpg,9,114,94,213,85,99,4
2015_02786.jpg,83,288,982,561,899,273,4
2015_02787.jpg,396,40,544,122,148,82,4
2015_02787.jpg,5,76,597,431,592,355,4
2015_02788.jpg,139,245,970,694,831,449,4
2015_02789.jpg,44,313,423,560,379,247,4
2015_02790.jpg,129,210,789,556,660,346,4
2015_02790.jpg,736,356,1003,502,267,146,4
2015_02791.jpg,312,252,780,492,468,240,4
2015_02792.jpg,406,376,553,533,147,157,4
2015_02792.jpg,232,243,333,365,101,122,10
2015_02793.jpg,202,509,328,765,126,256,10
2015_02793.jpg,153,283,472,494,319,211,4
2015_02794.jpg,39,61,515,373,476,312,4
2015_02794.jpg,447,18,589,175,142,157,4
2015_02795.jpg,484,311,538,341,54,30,4
2015_02795.jpg,454,320,640,443,186,123,4
2015_02795.jpg,621,312,706,378,85,66,4
2015_02796.jpg,648,337,744,378,96,41,4
2015_02796.jpg,804,326,898,396,94,70,4
2015_02796.jpg,665,334,855,413,190,79,4
2015_02797.jpg,63,33,529,346,466,313,4
2015_02797.jpg,450,3,595,136,145,133,4
2015_02798.jpg,147,311,881,923,734,612,4
2015_02799.jpg,473,239,581,306,108,67,4
2015_02799.jpg,342,260,480,333,138,73,4
2015_02799.jpg,578,231,645,280,67,49,4
2015_02799.jpg,439,304,595,412,156,108,4
2015_02799.jpg,175,288,354,365,179,77,4
2015_02799.jpg,594,279,644,345,50,66,4
2015_02799.jpg,188,352,447,494,259,142,4
2015_02800.jpg,1068,1885,1229,2073,161,188,9
2015_02800.jpg,2526,1835,2613,1965,87,130,9
2015_02800.jpg,1412,1825,1621,1960,209,135,4
2015_02800.jpg,438,1821,631,1940,193,119,9
2015_02800.jpg,2601,1804,2678,1948,77,144,10
2015_02800.jpg,1143,1828,1465,1982,322,154,4
2015_02800.jpg,977,1820,1150,1957,173,137,4
2015_02800.jpg,1867,1813,1963,1979,96,166,10
2015_02800.jpg,2839,1830,3332,2097,493,267,4
2015_02800.jpg,1963,1840,2074,1951,111,111,9
2015_02801.jpg,617,568,750,683,133,115,4
2015_02801.jpg,556,573,645,662,89,89,4
2015_02801.jpg,706,582,916,722,210,140,4
2015_02801.jpg,485,563,585,626,100,63,4
2015_02802.jpg,3,1289,775,1726,772,437,4
2015_02802.jpg,766,1178,3238,2372,2472,1194,4
2015_02802.jpg,961,607,1545,2762,584,2155,10
2015_02802.jpg,2745,771,3218,2447,473,1676,10
2015_02803.jpg,429,136,789,354,360,218,4
2015_02803.jpg,1007,151,1086,238,79,87,4
2015_02803.jpg,904,167,1020,246,116,79,4
2015_02803.jpg,38,138,350,318,312,180,4
2015_02804.jpg,130,218,350,318,220,100,4
2015_02805.jpg,20,188,184,258,164,70,4
2015_02806.jpg,91,220,787,656,696,436,4
2015_02807.jpg,136,5,598,380,462,375,4
2015_02808.jpg,257,162,961,677,704,515,4
2015_02809.jpg,636,275,1029,548,393,273,4
2015_02809.jpg,158,230,847,595,689,365,4
2015_02810.png,6,255,529,630,523,375,4
2015_02811.jpg,399,212,697,359,298,147,4
2015_02812.jpg,646,426,901,617,255,191,4
2015_02813.jpg,78,125,638,518,560,393,4
2015_02814.jpg,557,339,934,575,377,236,4
2015_02815.jpg,205,378,331,480,126,102,4
2015_02816.jpg,251,170,794,463,543,293,4
2015_02817.jpg,112,333,188,395,76,62,4
2015_02818.jpg,448,552,495,630,47,78,10
2015_02818.jpg,234,558,331,683,97,125,4
2015_02818.jpg,11,571,302,829,291,258,4
2015_02818.jpg,348,583,391,623,43,40,0
2015_02818.jpg,62,575,103,635,41,60,10
2015_02818.jpg,102,569,144,595,42,26,10
2015_02818.jpg,92,616,151,664,59,48,10
2015_02818.jpg,326,558,352,621,26,63,10
2015_02819.jpg,552,289,1005,529,453,240,4
2015_02820.jpg,18,242,1055,592,1037,350,4
2015_02821.jpg,107,228,603,414,496,186,4
2015_02821.jpg,231,136,409,244,178,108,0
2015_02822.jpg,715,275,776,392,61,117,6
2015_02822.jpg,164,199,425,420,261,221,4
2015_02822.jpg,627,184,721,392,94,208,10
2015_02822.jpg,201,135,272,232,71,97,0
2015_02823.jpg,318,281,730,431,412,150,4
2015_02824.jpg,40,337,735,646,695,309,4
2015_02825.jpg,82,112,940,428,858,316,4
2015_02826.jpg,390,291,434,332,44,41,4
2015_02826.jpg,5,278,159,436,154,158,4
2015_02826.jpg,139,294,310,411,171,117,4
2015_02826.jpg,301,275,398,353,97,78,4
2015_02826.jpg,516,286,639,397,123,111,4
2015_02827.jpg,10,403,417,660,407,257,4
2015_02827.jpg,299,341,614,475,315,134,4
2015_02828.jpg,679,582,977,749,298,167,4
2015_02829.jpg,11,311,445,449,434,138,4
2015_02830.jpg,304,18,401,105,97,87,4
2015_02831.jpg,467,302,693,484,226,182,4
2015_02831.jpg,285,154,332,246,47,92,4
2015_02831.jpg,503,270,633,311,130,41,4
2015_02832.jpg,2,26,790,466,788,440,4
2015_02833.jpg,5,332,50,407,45,75,4
2015_02833.jpg,149,319,276,410,127,91,4
2015_02833.jpg,377,266,813,510,436,244,4
2015_02834.jpg,678,448,830,581,152,133,4
2015_02835.jpg,200,407,809,672,609,265,4
2015_02836.jpg,377,301,424,447,47,146,10
2015_02836.jpg,401,319,451,442,50,123,10
2015_02836.jpg,227,335,353,422,126,87,4
2015_02837.jpg,239,189,550,367,311,178,4
2015_02838.jpg,112,89,453,306,341,217,4
2015_02839.jpg,125,78,1293,842,1168,764,4
2015_02840.jpg,17,358,54,443,37,85,10
2015_02840.jpg,447,334,825,498,378,164,4
2015_02840.jpg,129,317,515,625,386,308,4
2015_02840.jpg,67,367,204,434,137,67,4
2015_02840.jpg,809,346,830,395,21,49,10
2015_02841.jpg,482,262,1360,880,878,618,4
2015_02841.jpg,1354,225,1915,721,561,496,4
2015_02842.jpg,413,193,861,367,448,174,4
2015_02842.jpg,908,182,1102,306,194,124,4
2015_02842.jpg,600,165,687,406,87,241,10
2015_02843.jpg,216,378,590,563,374,185,4
2015_02844.jpg,210,253,547,485,337,232,4
2015_02845.jpg,473,427,836,601,363,174,4
2015_02846.jpg,514,284,797,407,283,123,4
2015_02847.jpg,25,106,596,390,571,284,4
2015_02848.jpg,350,334,538,498,188,164,4
2015_02848.jpg,681,381,781,464,100,83,4
2015_02849.jpg,188,157,294,198,106,41,4
2015_02849.jpg,284,251,318,285,34,34,5
2015_02849.jpg,298,206,319,234,21,28,5
2015_02849.jpg,231,197,248,218,17,21,5
2015_02850.jpg,310,247,421,351,111,104,4
2015_02850.jpg,431,268,609,401,178,133,4
2015_02851.jpg,53,825,239,1002,186,177,4
2015_02851.jpg,285,822,488,991,203,169,4
2015_02851.jpg,152,791,206,822,54,31,4
2015_02851.jpg,618,792,771,941,153,149,4
2015_02851.jpg,260,784,299,819,39,35,4
2015_02851.jpg,210,792,252,822,42,30,4
2015_02851.jpg,468,811,651,962,183,151,4
2015_02852.jpg,510,312,829,532,319,220,4
2015_02852.jpg,96,322,176,356,80,34,4
2015_02852.jpg,5,319,87,356,82,37,4
2015_02852.jpg,295,322,383,361,88,39,4
2015_02853.png,36,145,984,624,948,479,4
2015_02854.jpg,17,75,626,419,609,344,4
2015_02855.jpg,741,342,895,489,154,147,4
2015_02855.jpg,326,346,538,518,212,172,4
2015_02856.jpg,540,215,569,260,29,45,10
2015_02856.jpg,169,200,252,263,83,63,4
2015_02856.jpg,565,217,599,319,34,102,10
2015_02856.jpg,398,201,594,320,196,119,4
2015_02857.jpg,900,396,1018,579,118,183,4
2015_02857.jpg,104,379,774,601,670,222,4
2015_02857.jpg,459,354,525,408,66,54,10
2015_02857.jpg,382,370,429,395,47,25,4
2015_02857.jpg,331,368,387,394,56,26,4
2015_02857.jpg,181,358,274,399,93,41,4
2015_02857.jpg,266,368,339,400,73,32,4
2015_02858.jpg,50,90,592,274,542,184,4
2015_02858.jpg,800,173,899,259,99,86,4
2015_02858.jpg,576,144,823,264,247,120,4
2015_02859.jpg,206,196,801,443,595,247,4
2015_02860.jpg,403,582,1467,1015,1064,433,4
2015_02861.jpg,383,272,987,464,604,192,4
2015_02861.jpg,63,314,103,348,40,34,11
2015_02861.jpg,113,315,166,351,53,36,11
2015_02861.jpg,242,314,277,351,35,37,11
2015_02862.jpg,128,16,880,317,752,301,4
2015_02862.jpg,274,188,731,371,457,183,4
2015_02863.jpg,161,192,588,394,427,202,4
2015_02864.png,252,333,808,616,556,283,4
2015_02865.JPEG,18,47,38,168,20,121,10
2015_02865.JPEG,175,101,227,150,52,49,4
2015_02865.JPEG,206,74,419,231,213,157,4
2015_02865.JPEG,419,105,491,137,72,32,4
2015_02865.JPEG,35,61,60,158,25,97,10
2015_02865.JPEG,381,67,413,152,32,85,10
2015_02865.JPEG,141,87,168,155,27,68,10
2015_02865.JPEG,74,77,100,141,26,64,10
2015_02865.JPEG,57,70,77,154,20,84,10
2015_02866.JPEG,64,91,276,196,212,105,4
2015_02866.JPEG,141,103,496,259,355,156,4
2015_02867.JPEG,428,68,466,105,38,37,10
2015_02867.JPEG,44,66,496,373,452,307,4
2015_02867.JPEG,5,69,125,174,120,105,4
2015_02867.JPEG,480,69,499,114,19,45,10
2015_02868.JPEG,5,236,42,340,37,104,10
2015_02868.JPEG,61,251,145,335,84,84,4
2015_02868.JPEG,320,267,373,328,53,61,4
2015_02868.JPEG,285,261,343,317,58,56,4
2015_02868.JPEG,77,248,372,493,295,245,4
2015_02869.JPEG,191,99,420,247,229,148,4
2015_02869.JPEG,111,154,132,175,21,21,4
2015_02869.JPEG,474,151,495,196,21,45,10
2015_02869.JPEG,133,138,189,202,56,64,4
2015_02869.JPEG,164,126,228,216,64,90,4
2015_02869.JPEG,411,152,480,200,69,48,4
2015_02870.JPEG,432,94,448,136,16,42,10
2015_02870.JPEG,369,105,433,183,64,78,4
2015_02870.JPEG,187,113,394,323,207,210,4
2015_02871.JPEG,120,142,425,244,305,102,4
2015_02872.JPEG,22,89,457,270,435,181,4
2015_02873.jpg,9,243,303,350,294,107,4
2015_02874.jpg,186,146,814,478,628,332,4
2015_02875.jpg,132,128,745,491,613,363,4
2015_02876.jpg,53,507,221,662,168,155,11
2015_02876.jpg,475,353,768,547,293,194,4
2015_02876.jpg,127,564,324,674,197,110,6
2015_02877.jpg,14,209,242,288,228,79,4
2015_02877.jpg,364,175,415,313,51,138,10
2015_02877.jpg,496,204,581,252,85,48,4
2015_02877.jpg,413,206,444,233,31,27,4
2015_02877.jpg,464,204,506,229,42,25,4
2015_02877.jpg,175,205,265,233,90,28,4
2015_02878.jpg,314,716,561,860,247,144,4
2015_02878.jpg,93,731,429,967,336,236,4
2015_02878.jpg,36,748,149,877,113,129,4
2015_02879.jpg,649,159,721,209,72,50,4
2015_02879.jpg,118,164,182,213,64,49,4
2015_02879.jpg,42,121,829,489,787,368,4
2015_02879.jpg,38,158,111,201,73,43,4
2015_02879.jpg,620,183,876,308,256,125,4
2015_02879.jpg,711,158,827,213,116,55,4
2015_02879.jpg,516,145,666,245,150,100,4
2015_02880.jpg,3,69,65,516,62,447,10
2015_02880.jpg,376,135,489,216,113,81,10
2015_02880.jpg,28,113,110,478,82,365,10
2015_02880.jpg,241,115,870,526,629,411,4
2015_02880.jpg,85,193,390,412,305,219,4
2015_02881.jpg,121,232,939,601,818,369,4
2015_02882.jpg,417,444,683,611,266,167,4
2015_02882.jpg,759,480,812,533,53,53,4
2015_02883.jpg,427,226,736,342,309,116,4
2015_02883.jpg,334,220,359,285,25,65,10
2015_02883.jpg,658,228,728,261,70,33,4
2015_02883.jpg,661,225,737,262,76,37,4
2015_02884.jpg,61,364,505,638,444,274,4
2015_02884.jpg,587,408,737,529,150,121,4
2015_02884.jpg,818,436,903,494,85,58,4
2015_02885.jpg,705,118,756,147,51,29,4
2015_02885.jpg,276,102,793,506,517,404,4
2015_02886.jpg,191,105,364,209,173,104,4
2015_02886.jpg,8,108,86,198,78,90,4
2015_02887.jpg,453,260,558,324,105,64,4
2015_02887.jpg,375,437,543,494,168,57,4
2015_02887.jpg,720,244,798,333,78,89,4
2015_02888.jpg,23,246,933,587,910,341,4
2015_02889.jpg,284,19,559,143,275,124,4
2015_02889.jpg,601,7,764,148,163,141,4
2015_02890.jpg,178,457,224,493,46,36,4
2015_02890.jpg,818,457,984,546,166,89,4
2015_02890.jpg,357,454,509,577,152,123,4
2015_02890.jpg,489,455,735,639,246,184,4
2015_02890.jpg,203,461,256,503,53,42,4
2015_02891.jpg,191,306,1073,732,882,426,4
2015_02892.jpg,1,295,66,345,65,50,4
2015_02892.jpg,23,294,367,499,344,205,4
2015_02893.jpg,107,429,330,519,223,90,4
2015_02893.jpg,650,351,796,449,146,98,4
2015_02893.jpg,267,274,370,315,103,41,4
2015_02893.jpg,228,394,373,480,145,86,4
2015_02894.jpg,5,302,75,379,70,77,4
2015_02894.jpg,5,267,95,328,90,61,4
2015_02894.jpg,546,281,600,391,54,110,4
2015_02894.jpg,345,265,439,313,94,48,4
2015_02894.jpg,84,299,210,384,126,85,4
2015_02894.jpg,421,253,532,302,111,49,4
2015_02894.jpg,239,282,377,365,138,83,4
2015_02895.jpg,646,279,1001,452,355,173,4
2015_02896.jpg,47,152,303,321,256,169,4
2015_02897.jpg,454,326,669,488,215,162,4
2015_02897.jpg,803,334,893,417,90,83,4
2015_02898.jpg,359,290,719,496,360,206,4
2015_02899.jpg,378,122,683,335,305,213,4
2015_02900.jpg,104,82,343,240,239,158,4
2015_02901.jpg,403,326,664,422,261,96,4
2015_02901.jpg,65,301,239,385,174,84,4
2015_02902.png,324,205,430,289,106,84,4
2015_02902.png,4,209,54,293,50,84,4
2015_02902.png,412,212,478,280,66,68,4
2015_02902.png,37,149,339,373,302,224,4
2015_02902.png,521,204,607,263,86,59,4
2015_02902.png,479,205,522,239,43,34,4
2015_02903.png,135,224,372,444,237,220,4
2015_02903.png,109,144,322,216,213,72,4
2015_02904.jpg,173,402,200,466,27,64,10
2015_02904.jpg,205,379,445,510,240,131,4
2015_02904.jpg,941,403,976,465,35,62,10
2015_02904.jpg,478,418,515,454,37,36,4
2015_02905.jpg,15,136,73,212,58,76,4
2015_02905.jpg,57,85,582,406,525,321,4
2015_02906.jpg,639,273,952,527,313,254,4
2015_02907.jpg,650,198,861,305,211,107,4
2015_02907.jpg,73,232,218,325,145,93,4
2015_02908.jpg,11,366,645,670,634,304,4
2015_02908.jpg,8,442,185,662,177,220,4
2015_02908.jpg,360,362,620,485,260,123,4
2015_02909.jpg,364,94,518,507,154,413,10
2015_02909.jpg,93,148,599,434,506,286,4
2015_02910.jpg,29,30,121,122,92,92,4
2015_02910.jpg,340,67,512,158,172,91,4
2015_02910.jpg,51,43,537,384,486,341,4
2015_02911.jpg,294,221,1017,684,723,463,4
2015_02912.jpg,570,419,829,581,259,162,4
2015_02913.jpg,136,569,231,613,95,44,4
2015_02913.jpg,295,645,410,680,115,35,10
2015_02913.jpg,252,647,285,681,33,34,10
2015_02913.jpg,209,647,239,682,30,35,10
2015_02913.jpg,188,644,208,683,20,39,10
2015_02913.jpg,163,656,183,681,20,25,10
2015_02913.jpg,237,584,288,624,51,40,4
2015_02913.jpg,514,585,534,622,20,37,10
2015_02913.jpg,346,589,404,630,58,41,4
2015_02913.jpg,250,581,364,630,114,49,4
2015_02913.jpg,34,631,63,678,29,47,10
2015_02913.jpg,142,634,164,679,22,45,10
2015_02913.jpg,854,621,892,660,38,39,9
2015_02913.jpg,197,603,229,635,32,32,9
2015_02913.jpg,102,597,170,636,68,39,4
2015_02913.jpg,33,600,115,642,82,42,4
2015_02914.jpg,204,884,431,989,227,105,4
2015_02914.jpg,4,853,211,1021,207,168,4
2015_02914.jpg,630,772,766,1002,136,230,3
2015_02914.jpg,415,895,512,950,97,55,4
2015_02915.jpg,249,634,291,671,42,37,4
2015_02915.jpg,70,644,257,783,187,139,4
2015_02915.jpg,53,696,357,947,304,251,4
2015_02915.jpg,637,644,757,742,120,98,4
2015_02915.jpg,392,656,507,737,115,81,4
2015_02915.jpg,345,646,411,693,66,47,4
2015_02915.jpg,321,641,351,670,30,29,4
2015_02915.jpg,270,642,332,687,62,45,4
2015_02915.jpg,609,677,633,732,24,55,9
2015_02915.jpg,15,663,65,764,50,101,9
2015_02915.jpg,501,650,614,741,113,91,4
2015_02916.jpg,696,495,736,559,40,64,10
2015_02916.jpg,834,513,1021,606,187,93,4
2015_02916.jpg,34,500,125,549,91,49,4
2015_02916.jpg,840,506,994,640,154,134,9
2015_02916.jpg,771,504,809,586,38,82,10
2015_02916.jpg,8,536,268,655,260,119,4
2015_02916.jpg,979,496,1021,526,42,30,10
2015_02916.jpg,177,499,319,574,142,75,4
2015_02916.jpg,322,504,485,593,163,89,4
2015_02916.jpg,403,523,740,643,337,120,4
2015_02916.jpg,654,501,684,547,30,46,10
2015_02916.jpg,398,529,495,682,97,153,10
2015_02917.jpg,890,656,924,740,34,84,10
2015_02917.jpg,412,669,441,734,29,65,10
2015_02917.jpg,228,679,249,739,21,60,10
2015_02917.jpg,363,674,394,748,31,74,10
2015_02917.jpg,329,680,354,746,25,66,10
2015_02917.jpg,411,672,583,763,172,91,4
2015_02917.jpg,753,622,799,761,46,139,10
2015_02917.jpg,5,666,89,766,84,100,4
2015_02917.jpg,961,636,1002,754,41,118,10
2015_02917.jpg,552,641,761,753,209,112,4
2015_02917.jpg,823,615,873,761,50,146,10
2015_02918.jpg,161,612,232,703,71,91,10
2015_02918.jpg,244,625,280,699,36,74,10
2015_02918.jpg,76,620,115,682,39,62,10
2015_02918.jpg,395,600,448,758,53,158,10
2015_02918.jpg,495,621,548,773,53,152,10
2015_02918.jpg,550,613,604,752,54,139,10
2015_02918.jpg,266,633,297,704,31,71,10
2015_02918.jpg,293,626,323,698,30,72,10
2015_02918.jpg,326,624,365,741,39,117,10
2015_02918.jpg,458,642,499,736,41,94,10
2015_02918.jpg,360,605,422,752,62,147,10
2015_02918.jpg,606,650,754,727,148,77,4
2015_02918.jpg,627,632,664,742,37,110,10
2015_02918.jpg,49,634,83,688,34,54,10
2015_02918.jpg,7,673,468,884,461,211,4
2015_02918.jpg,114,639,134,684,20,45,10
2015_02919.jpg,207,811,252,883,45,72,10
2015_02919.jpg,464,813,758,979,294,166,4
2015_02919.jpg,186,849,525,1019,339,170,4
2015_02919.jpg,109,830,239,923,130,93,4
2015_02919.jpg,9,826,125,905,116,79,4
2015_02920.jpg,69,628,192,767,123,139,10
2015_02920.jpg,436,612,485,685,49,73,10
2015_02920.jpg,295,634,468,746,173,112,4
2015_02920.jpg,536,607,768,726,232,119,4
2015_02920.jpg,4,647,77,702,73,55,4
2015_02920.jpg,532,594,627,672,95,78,10
2015_02921.jpg,908,631,945,673,37,42,10
2015_02921.jpg,645,615,663,683,18,68,10
2015_02921.jpg,947,631,985,707,38,76,10
2015_02921.jpg,243,609,463,713,220,104,4
2015_02921.jpg,607,619,628,690,21,71,10
2015_02921.jpg,589,609,609,680,20,71,10
2015_02921.jpg,112,589,148,671,36,82,10
2015_02921.jpg,763,637,943,709,180,72,4
2015_02921.jpg,630,616,647,682,17,66,10
2015_02921.jpg,3,594,61,658,58,64,4
2015_02921.jpg,713,626,752,696,39,70,10
2015_02922.jpg,136,423,525,605,389,182,4
2015_02922.jpg,556,457,839,579,283,122,4
2015_02922.jpg,947,501,1021,669,74,168,0
2015_02922.jpg,845,439,1019,563,174,124,4
2015_02923.jpg,126,516,156,563,30,47,10
2015_02923.jpg,174,511,244,627,70,116,10
2015_02923.jpg,120,543,181,676,61,133,10
2015_02923.jpg,614,535,816,612,202,77,4
2015_02923.jpg,359,542,459,675,100,133,10
2015_02923.jpg,253,562,373,668,120,106,10
2015_02923.jpg,234,534,371,613,137,79,4
2015_02923.jpg,680,556,1021,675,341,119,4
2015_02923.jpg,217,601,281,676,64,75,10
2015_02923.jpg,35,495,70,552,35,57,10
2015_02923.jpg,648,522,684,564,36,42,10
2015_02923.jpg,339,516,431,576,92,60,4
2015_02923.jpg,771,546,930,694,159,148,10
2015_02923.jpg,3,458,188,542,185,84,3
2015_02923.jpg,160,509,199,558,39,49,10
2015_02923.jpg,70,528,127,668,57,140,10
2015_02923.jpg,61,507,104,625,43,118,10
2015_02923.jpg,6,522,51,669,45,147,10
2015_02923.jpg,444,520,537,584,93,64,4
2015_02923.jpg,134,589,231,674,97,85,10
2015_02924.jpg,892,549,946,689,54,140,10
2015_02924.jpg,715,581,758,664,43,83,10
2015_02924.jpg,576,593,608,643,32,50,10
2015_02924.jpg,545,596,570,640,25,44,10
2015_02924.jpg,757,561,826,676,69,115,10
2015_02924.jpg,5,597,152,684,147,87,4
2015_02924.jpg,45,601,81,693,36,92,10
2015_02924.jpg,220,593,675,739,455,146,4
2015_02924.jpg,9,608,41,684,32,76,10
2015_02925.jpg,586,550,746,633,160,83,4
2015_02925.jpg,315,561,347,603,32,42,9
2015_02925.jpg,316,533,347,593,31,60,10
2015_02925.jpg,121,531,249,600,128,69,4
2015_02925.jpg,546,543,638,614,92,71,4
2015_02925.jpg,372,541,441,596,69,55,4
2015_02925.jpg,489,544,564,584,75,40,4
2015_02926.jpg,463,835,495,905,32,70,10
2015_02926.jpg,304,878,358,949,54,71,4
2015_02926.jpg,20,955,206,1022,186,67,4
2015_02926.jpg,560,855,665,936,105,81,4
2015_02926.jpg,146,900,261,989,115,89,4
2015_02926.jpg,117,923,244,1020,127,97,4
2015_02926.jpg,231,885,308,985,77,100,4
2015_02927.jpg,28,721,240,892,212,171,4
2015_02927.jpg,308,746,519,802,211,56,4
2015_02927.jpg,359,735,471,822,112,87,4
2015_02927.jpg,245,724,272,780,27,56,10
2015_02927.jpg,333,705,421,752,88,47,4
2015_02927.jpg,290,713,315,755,25,42,4
2015_02927.jpg,99,687,270,864,171,177,4
2015_02927.jpg,261,743,296,814,35,71,9
2015_02928.jpg,474,449,674,596,200,147,4
2015_02929.jpg,93,111,240,202,147,91,4
2015_02929.jpg,364,133,437,182,73,49,4
2015_02929.jpg,241,92,405,477,164,385,10
2015_02930.jpg,128,404,409,537,281,133,4
2015_02931.jpg,19,386,566,857,547,471,4
2015_02932.jpg,544,478,766,632,222,154,4
2015_02933.jpg,186,508,729,673,543,165,4
2015_02934.jpg,141,142,810,574,669,432,4
2015_02935.jpg,54,67,1005,654,951,587,4
2015_02936.jpg,77,273,807,522,730,249,4
2015_02937.jpg,139,192,763,520,624,328,4
2015_02938.jpg,128,106,801,526,673,420,4
2015_02939.jpg,113,169,869,579,756,410,4
2015_02940.jpg,125,28,976,652,851,624,4
2015_02941.jpg,361,340,424,373,63,33,4
2015_02941.jpg,469,331,575,367,106,36,4
2015_02941.jpg,69,261,385,433,316,172,4
2015_02941.jpg,611,194,798,452,187,258,4
2015_02942.jpg,272,634,339,679,67,45,4
2015_02942.jpg,340,636,522,759,182,123,4
2015_02942.jpg,600,644,770,732,170,88,4
2015_02942.jpg,474,634,577,706,103,72,4
2015_02943.jpg,482,85,568,314,86,229,10
2015_02943.jpg,238,135,607,335,369,200,4
2015_02943.jpg,624,14,757,442,133,428,10
2015_02944.jpg,629,337,690,386,61,49,4
2015_02944.jpg,73,278,266,409,193,131,4
2015_02944.jpg,737,313,828,407,91,94,4
2015_02944.jpg,300,306,393,397,93,91,4
2015_02944.jpg,813,258,981,408,168,150,4
2015_02944.jpg,690,323,755,397,65,74,4
2015_02944.jpg,898,285,1087,437,189,152,4
2015_02945.jpg,113,399,766,719,653,320,4
2015_02945.jpg,722,356,833,681,111,325,10
2015_02945.jpg,830,303,954,668,124,365,10
2015_02946.jpg,353,176,419,208,66,32,4
2015_02946.jpg,283,177,344,219,61,42,4
2015_02946.jpg,459,181,504,235,45,54,4
2015_02947.jpg,364,163,579,246,215,83,4
2015_02947.jpg,7,174,302,309,295,135,4
2015_02947.jpg,215,163,468,272,253,109,4
2015_02948.jpg,336,37,1018,678,682,641,4
2015_02948.jpg,88,137,143,170,55,33,4
2015_02949.jpg,133,82,494,383,361,301,4
2015_02950.jpg,198,241,472,336,274,95,4
2015_02950.jpg,322,229,358,254,36,25,4
2015_02950.jpg,628,228,669,249,41,21,4
2015_02950.jpg,517,229,573,250,56,21,4
2015_02950.jpg,565,228,608,250,43,22,4
2015_02950.jpg,35,249,143,306,108,57,4
2015_02950.jpg,246,240,281,256,35,16,4
2015_02951.jpg,458,435,642,565,184,130,4
2015_02951.jpg,19,411,104,475,85,64,4
2015_02951.jpg,587,430,699,478,112,48,4
2015_02951.jpg,123,419,231,476,108,57,4
2015_02952.jpg,548,457,618,484,70,27,4
2015_02952.jpg,715,453,971,555,256,102,4
2015_02952.jpg,608,455,680,486,72,31,4
2015_02953.jpg,146,276,655,559,509,283,4
2015_02954.jpg,41,261,891,602,850,341,4
2015_02955.jpg,445,543,557,609,112,66,4
2015_02955.jpg,168,554,432,711,264,157,4
2015_02955.jpg,524,529,604,593,80,64,4
2015_02956.png,131,3,276,426,145,423,10
2015_02956.png,225,159,668,395,443,236,4
2015_02957.jpg,64,165,839,402,775,237,4
2015_02958.jpg,88,147,980,517,892,370,4
2015_02959.jpg,83,96,715,399,632,303,4
2015_02960.jpg,53,212,783,495,730,283,4
2015_02961.jpg,394,118,448,152,54,34,4
2015_02961.jpg,285,119,399,184,114,65,4
2015_02961.jpg,85,107,290,218,205,111,4
2015_02962.jpg,470,221,890,572,420,351,4
2015_02962.jpg,568,167,747,241,179,74,4
2015_02962.jpg,7,198,440,665,433,467,4
2015_02963.png,322,150,824,473,502,323,4
2015_02964.jpg,283,243,914,534,631,291,4
2015_02965.jpg,727,398,884,453,157,55,6
2015_02965.jpg,6,378,139,518,133,140,4
2015_02965.jpg,20,350,728,724,708,374,4
2015_02966.jpg,633,248,926,411,293,163,4
2015_02966.jpg,15,266,683,569,668,303,4
2015_02966.jpg,828,233,959,345,131,112,4
2015_02967.jpg,43,638,724,896,681,258,4
2015_02968.jpg,6,420,261,584,255,164,4
2015_02969.jpg,124,213,174,256,50,43,4
2015_02969.jpg,595,238,767,362,172,124,4
2015_02969.jpg,410,257,710,444,300,187,4
2015_02969.jpg,228,224,385,353,157,129,4
2015_02969.jpg,142,220,223,292,81,72,4
2015_02969.jpg,205,201,255,244,50,43,4
2015_02970.jpg,511,744,594,898,83,154,4
2015_02970.jpg,317,711,444,812,127,101,4
2015_02971.jpg,18,339,325,598,307,259,4
2015_02971.jpg,394,300,460,342,66,42,4
2015_02971.jpg,296,330,488,462,192,132,4
2015_02971.jpg,536,321,599,370,63,49,4
2015_02972.jpg,328,196,427,264,99,68,4
2015_02972.jpg,81,199,105,221,24,22,4
2015_02973.jpg,224,296,246,326,22,30,4
2015_02973.jpg,241,289,293,330,52,41,4
2015_02973.jpg,124,297,214,379,90,82,4
2015_02974.jpg,833,274,896,436,63,162,10
2015_02974.jpg,449,226,907,438,458,212,4
2015_02975.jpg,619,275,1100,531,481,256,4
2015_02976.jpg,492,385,721,536,229,151,4
2015_02977.jpg,577,396,599,440,22,44,10
2015_02977.jpg,622,343,732,451,110,108,4
2015_02978.jpg,242,102,833,538,591,436,4
2015_02979.jpg,164,295,920,607,756,312,4
2015_02980.jpg,464,15,640,85,176,70,4
2015_02980.jpg,60,80,913,675,853,595,4
2015_02980.jpg,946,35,1023,135,77,100,4
2015_02980.jpg,159,22,408,116,249,94,4
2015_02981.jpg,116,233,462,392,346,159,4
2015_02982.jpg,566,305,673,352,107,47,4
2015_02982.jpg,448,321,509,369,61,48,4
2015_02982.jpg,501,324,573,386,72,62,4
2015_02982.jpg,535,306,886,629,351,323,4
2015_02982.jpg,292,308,523,486,231,178,4
2015_02983.jpg,375,261,419,286,44,25,4
2015_02983.jpg,257,257,358,329,101,72,4
2015_02984.jpg,30,5,203,422,173,417,10
2015_02984.jpg,961,133,998,172,37,39,10
2015_02984.jpg,189,4,315,401,126,397,10
2015_02984.jpg,281,71,971,486,690,415,4
2015_02984.jpg,886,121,922,205,36,84,10
2015_02984.jpg,306,122,354,199,48,77,10
2015_02985.jpg,98,278,825,521,727,243,4
2015_02986.jpg,273,244,833,592,560,348,4
2015_02987.jpg,419,777,472,896,53,119,10
2015_02987.jpg,18,510,44,599,26,89,10
2015_02987.jpg,317,419,333,458,16,39,10
2015_02987.jpg,295,463,371,528,76,65,4
2015_02987.jpg,256,525,362,615,106,90,4
2015_02987.jpg,299,433,317,469,18,36,10
2015_02988.jpg,437,288,795,438,358,150,4
2015_02989.jpg,4,177,222,445,218,268,4
2015_02989.jpg,275,159,489,245,214,86,4
2015_02990.jpg,160,123,494,417,334,294,4
2015_02990.jpg,129,15,383,224,254,209,4
2015_02991.jpg,4,259,95,411,91,152,4
2015_02991.jpg,49,251,102,324,53,73,10
2015_02991.jpg,168,277,206,340,38,63,10
2015_02991.jpg,557,342,611,445,54,103,10
2015_02991.jpg,95,264,142,316,47,52,4
2015_02991.jpg,73,306,404,476,331,170,4
2015_02992.jpg,755,426,817,462,62,36,4
2015_02992.jpg,167,404,454,514,287,110,4
2015_02993.jpg,580,431,824,547,244,116,4
2015_02994.jpg,606,441,861,557,255,116,4
2015_02995.jpg,559,353,635,379,76,26,4
2015_02995.jpg,696,342,768,382,72,40,4
2015_02995.jpg,167,341,311,440,144,99,4
2015_02995.jpg,321,341,400,405,79,64,4
2015_02995.jpg,403,349,454,392,51,43,4
2015_02996.jpg,93,188,213,241,120,53,4
2015_02997.jpg,118,220,331,354,213,134,4
2015_02998.jpg,237,269,679,577,442,308,4
2015_02999.jpg,907,246,1016,321,109,75,4
2015_02999.jpg,411,244,613,353,202,109,4
2015_03000.jpg,236,242,361,310,125,68,4
2015_03000.jpg,411,224,469,267,58,43,4
2015_03000.jpg,321,234,403,289,82,55,4
2015_03000.jpg,119,235,188,265,69,30,4
2015_03000.jpg,193,230,244,261,51,31,4
2015_03000.jpg,283,221,327,247,44,26,4
2015_03000.jpg,74,263,242,355,168,92,4
2015_03000.jpg,377,217,409,241,32,24,4
2015_03000.jpg,242,226,284,255,42,29,4
2015_03001.jpg,55,191,1025,635,970,444,4
2015_03002.jpg,303,392,414,487,111,95,4
2015_03002.jpg,397,396,431,458,34,62,4
2015_03003.jpg,84,194,640,433,556,239,4
2015_03004.png,319,363,517,484,198,121,4
2015_03004.png,240,381,335,476,95,95,4
2015_03004.png,488,105,1235,514,747,409,4
2015_03005.png,13,127,555,348,542,221,4
2015_03005.png,216,146,272,193,56,47,10
2015_03005.png,127,146,191,210,64,64,10
2015_03005.png,491,144,531,187,40,43,10
2015_03005.png,349,118,719,301,370,183,4
2015_03005.png,426,146,467,187,41,41,10
2015_03006.png,496,269,527,292,31,23,10
2015_03006.png,418,258,569,352,151,94,4
2015_03006.png,372,249,431,346,59,97,10
2015_03007.png,168,242,526,530,358,288,4
2015_03008.png,268,232,517,353,249,121,4
2015_03008.png,791,203,1067,491,276,288,4
2015_03008.png,15,239,359,431,344,192,4
2015_03009.png,528,172,664,270,136,98,4
2015_03009.png,152,213,557,390,405,177,4
2015_03009.png,818,178,1176,352,358,174,4
2015_03010.png,784,371,943,529,159,158,4
2015_03010.png,617,143,752,279,135,136,4
2015_03011.png,369,161,834,464,465,303,4
2015_03011.png,800,142,1174,348,374,206,4
2015_03011.png,363,152,428,204,65,52,4
2015_03011.png,235,162,357,276,122,114,4
2015_03012.png,671,331,933,426,262,95,4
2015_03013.png,723,307,751,355,28,48,10
2015_03013.png,761,320,951,405,190,85,4
2015_03014.png,1010,207,1273,473,263,266,4
2015_03014.png,5,224,278,377,273,153,4
2015_03014.png,451,194,914,396,463,202,4
2015_03014.png,888,234,1078,317,190,83,4
2015_03014.png,1064,240,1182,296,118,56,4
2015_03015.png,188,337,801,515,613,178,4
2015_03016.png,944,381,1054,478,110,97,4
2015_03017.png,454,99,1894,1031,1440,932,4
2015_03018.png,177,420,1446,946,1269,526,4
2015_03019.png,319,174,400,319,81,145,10
2015_03019.png,415,143,607,278,192,135,4
2015_03020.png,342,215,527,385,185,170,4
2015_03021.png,902,318,1267,517,365,199,4
2015_03022.png,463,270,696,445,233,175,4
2015_03022.png,383,270,456,335,73,65,4
2015_03022.png,606,264,660,321,54,57,4
2015_03023.png,1173,666,1307,751,134,85,4
2015_03024.png,59,154,1265,904,1206,750,4
2015_03024.png,1002,18,1867,897,865,879,4
2015_03025.png,1172,451,1467,630,295,179,4
2015_03025.png,591,476,1139,817,548,341,4
2015_03025.png,401,454,649,631,248,177,4
2015_03026.png,374,229,802,394,428,165,4
2015_03027.png,174,327,312,687,138,360,10
2015_03027.png,608,339,660,485,52,146,10
2015_03027.png,321,291,474,666,153,375,10
2015_03027.png,698,343,743,484,45,141,10
2015_03027.png,714,352,1044,543,330,191,4
2015_03028.jpg,64,361,582,670,518,309,4
2015_03029.jpg,877,432,1003,491,126,59,4
2015_03029.jpg,194,207,858,605,664,398,4
2015_03030.jpg,5,375,388,589,383,214,4
2015_03030.jpg,405,421,770,582,365,161,4
2015_03031.jpg,13,71,483,247,470,176,4
2015_03032.jpg,2,23,789,575,787,552,4
2015_03033.jpg,467,225,1155,465,688,240,4
2015_03033.jpg,91,231,264,304,173,73,4
2015_03033.jpg,469,259,515,302,46,43,6
2015_03033.jpg,437,257,477,307,40,50,6
2015_03034.jpg,93,342,293,429,200,87,4
2015_03035.jpg,62,176,863,503,801,327,4
2015_03036.jpg,288,167,542,298,254,131,4
2015_03037.jpg,156,276,273,329,117,53,4
2015_03037.jpg,607,269,866,419,259,150,4
2015_03038.jpg,173,594,746,982,573,388,4
2015_03038.jpg,639,577,755,666,116,89,4
2015_03039.jpg,69,28,575,369,506,341,4
2015_03039.jpg,401,158,595,311,194,153,4
2015_03039.jpg,521,153,557,194,36,41,11
2015_03040.jpg,45,876,1475,1655,1430,779,4
2015_03041.jpg,288,462,410,566,122,104,4
2015_03041.jpg,5,445,151,512,146,67,4
2015_03042.jpg,124,150,377,225,253,75,5
2015_03042.jpg,31,31,392,262,361,231,6
2015_03043.jpg,15,313,348,491,333,178,6
2015_03043.jpg,96,227,175,363,79,136,5
2015_03044.jpg,298,270,819,551,521,281,6
2015_03044.jpg,589,193,689,320,100,127,5
2015_03045.png,202,149,244,222,42,73,5
2015_03046.png,218,173,301,261,83,88,5
2015_03047.png,211,356,345,472,134,116,5
2015_03048.jpg,150,197,223,307,73,110,5
2015_03048.jpg,108,204,231,451,123,247,6
2015_03048.jpg,222,200,373,462,151,262,11
2015_03049.jpg,67,340,272,464,205,124,5
2015_03049.jpg,46,64,371,450,325,386,10
2015_03050.jpg,219,7,549,374,330,367,5
2015_03051.jpg,157,415,194,448,37,33,5
2015_03052.jpg,116,278,219,420,103,142,9
2015_03052.jpg,554,412,646,479,92,67,5
2015_03052.jpg,264,306,389,404,125,98,9
2015_03053.jpg,284,151,394,275,110,124,5
2015_03053.jpg,127,157,189,219,62,62,5
2015_03054.jpg,24,170,190,333,166,163,5
2015_03055.jpg,93,105,187,248,94,143,5
2015_03056.jpg,221,247,259,285,38,38,5
2015_03056.jpg,317,201,359,228,42,27,4
2015_03056.jpg,283,200,315,223,32,23,4
2015_03056.jpg,371,193,461,236,90,43,4
2015_03057.jpg,82,9,885,758,803,749,5
2015_03058.jpg,430,174,488,258,58,84,5
2015_03059.jpg,4,348,97,472,93,124,6
2015_03059.jpg,147,303,174,340,27,37,6
2015_03059.jpg,169,300,193,339,24,39,6
2015_03059.jpg,26,278,149,466,123,188,10
2015_03059.jpg,127,397,180,424,53,27,5
2015_03060.jpg,3,4,365,422,362,418,5
2015_03061.jpg,269,312,309,358,40,46,5
2015_03062.jpg,132,93,526,708,394,615,5
2015_03063.jpg,429,174,501,234,72,60,5
2015_03064.jpg,214,167,284,226,70,59,5
2015_03064.jpg,326,164,363,232,37,68,5
2015_03065.jpg,92,316,133,372,41,56,5
2015_03066.jpg,367,156,512,367,145,211,5
2015_03067.jpg,613,9,717,92,104,83,11
2015_03067.jpg,585,169,714,263,129,94,5
2015_03068.jpg,241,89,438,315,197,226,5
2015_03069.jpg,49,103,380,407,331,304,5
2015_03070.jpg,83,67,162,296,79,229,10
2015_03070.jpg,372,167,422,201,50,34,5
2015_03071.jpg,49,191,141,309,92,118,5
2015_03072.jpg,38,107,392,297,354,190,5
2015_03073.jpg,377,249,429,310,52,61,5
2015_03074.jpg,287,230,323,271,36,41,0
2015_03074.jpg,403,235,464,356,61,121,0
2015_03074.jpg,129,247,242,395,113,148,0
2015_03074.jpg,311,276,338,308,27,32,5
2015_03075.jpg,187,13,381,333,194,320,5
2015_03076.jpg,349,208,373,225,24,17,4
2015_03076.jpg,332,207,352,224,20,17,4
2015_03076.jpg,282,205,302,224,20,19,4
2015_03076.jpg,214,299,265,334,51,35,5
2015_03077.jpg,179,318,199,357,20,39,5
2015_03078.jpg,22,250,103,344,81,94,0
2015_03078.jpg,233,289,271,315,38,26,5
2015_03079.jpg,401,106,419,158,18,52,11
2015_03079.jpg,149,119,191,153,42,34,4
2015_03079.jpg,377,269,459,318,82,49,5
2015_03079.jpg,441,101,469,178,28,77,11
2015_03079.jpg,182,118,218,149,36,31,4
2015_03080.jpg,7,10,390,375,383,365,0
2015_03080.jpg,742,29,1016,297,274,268,4
2015_03080.jpg,408,216,709,352,301,136,5
2015_03081.jpg,159,280,267,394,108,114,5
2015_03082.jpg,158,269,221,330,63,61,5
2015_03082.jpg,256,271,283,305,27,34,5
2015_03083.jpg,171,382,942,857,771,475,5
2015_03084.jpg,361,311,453,364,92,53,5
2015_03085.jpg,148,174,401,632,253,458,10
2015_03085.jpg,370,487,484,639,114,152,5
2015_03086.jpg,172,234,215,262,43,28,4
2015_03086.jpg,196,278,227,303,31,25,5
2015_03087.jpg,185,445,214,485,29,40,5
2015_03088.jpg,277,257,332,310,55,53,5
2015_03088.jpg,252,243,276,282,24,39,5
2015_03088.jpg,188,251,213,290,25,39,5
2015_03088.jpg,350,290,423,353,73,63,5
2015_03089.jpg,308,240,330,276,22,36,5
2015_03090.jpg,202,75,255,217,53,142,10
2015_03090.jpg,142,314,194,371,52,57,5
2015_03091.jpg,384,80,555,288,171,208,5
2015_03092.jpg,95,32,548,423,453,391,5
2015_03093.jpg,192,197,479,342,287,145,5
2015_03093.jpg,54,214,190,339,136,125,5
2015_03094.jpg,210,385,304,476,94,91,5
2015_03094.jpg,472,290,541,352,69,62,5
2015_03095.jpg,155,33,370,282,215,249,5
2015_03096.jpg,220,199,441,359,221,160,5
2015_03097.jpg,401,102,493,201,92,99,5
2015_03098.jpg,6,19,572,266,566,247,4
2015_03098.jpg,394,229,598,334,204,105,5
2015_03099.jpg,531,42,613,129,82,87,5
2015_03099.jpg,15,317,173,401,158,84,5
2015_03099.jpg,224,244,322,375,98,131,5
2015_03100.jpg,437,202,567,365,130,163,5
2015_03101.jpg,552,83,636,283,84,200,9
2015_03101.jpg,261,260,301,338,40,78,5
2015_03101.jpg,438,174,473,216,35,42,4
2015_03101.jpg,474,179,503,209,29,30,4
2015_03101.jpg,3,92,237,318,234,226,4
2015_03101.jpg,199,149,356,255,157,106,4
2015_03101.jpg,309,147,393,242,84,95,4
2015_03101.jpg,369,159,417,232,48,73,4
2015_03101.jpg,513,125,603,239,90,114,4
2015_03101.jpg,404,165,454,226,50,61,4
2015_03102.jpg,231,225,319,297,88,72,5
2015_03102.jpg,412,187,462,248,50,61,5
2015_03103.jpg,230,196,301,246,71,50,4
2015_03103.jpg,125,124,174,218,49,94,10
2015_03103.jpg,368,262,406,319,38,57,5
2015_03104.jpg,170,291,199,358,29,67,5
2015_03104.jpg,189,185,245,289,56,104,9
2015_03104.jpg,230,199,281,311,51,112,0
2015_03105.jpg,526,65,638,288,112,223,6
2015_03105.jpg,24,102,609,295,585,193,11
2015_03105.jpg,200,113,225,162,25,49,2
2015_03105.jpg,148,111,184,158,36,47,7
2015_03105.jpg,386,43,457,145,71,102,5
2015_03106.jpg,9,177,219,580,210,403,5
2015_03106.jpg,234,213,424,607,190,394,5
2015_03107.jpg,406,72,488,228,82,156,4
2015_03107.jpg,377,203,406,253,29,50,5
2015_03107.jpg,468,8,634,287,166,279,4
2015_03107.jpg,125,108,237,195,112,87,4
2015_03107.jpg,357,147,402,168,45,21,4
2015_03107.jpg,325,143,365,172,40,29,4
2015_03108.jpg,145,32,428,318,283,286,5
2015_03109.jpg,59,14,629,419,570,405,5
2015_03110.jpg,648,107,890,495,242,388,5
2015_03111.jpg,8,7,487,467,479,460,5
2015_03112.jpg,100,424,156,474,56,50,5
2015_03112.jpg,157,243,180,274,23,31,5
2015_03112.jpg,245,282,278,335,33,53,5
2015_03112.jpg,216,257,251,279,35,22,5
2015_03112.jpg,142,418,188,482,46,64,5
2015_03112.jpg,176,290,214,315,38,25,5
2015_03112.jpg,140,294,174,321,34,27,5
2015_03113.jpg,265,214,535,457,270,243,5
2015_03114.jpg,125,275,262,356,137,81,5
2015_03115.jpg,136,436,207,526,71,90,5
2015_03115.jpg,280,434,359,527,79,93,5
2015_03116.jpg,340,402,494,472,154,70,5
2015_03117.jpg,191,184,271,253,80,69,5
2015_03118.jpg,47,3,492,419,445,416,5
2015_03119.jpg,169,73,617,595,448,522,5
2015_03120.jpg,8,1,415,370,407,369,5
2015_03121.jpg,5,7,487,371,482,364,5
2015_03122.jpg,4,3,369,296,365,293,6
2015_03122.jpg,119,19,267,258,148,239,5
2015_03123.jpg,156,1,226,161,70,160,6
2015_03123.jpg,293,134,425,210,132,76,5
2015_03123.jpg,321,117,393,278,72,161,5
2015_03123.jpg,31,3,174,235,143,232,6
2015_03124.jpg,278,189,348,227,70,38,5
2015_03124.jpg,205,243,318,287,113,44,5
2015_03124.jpg,45,398,278,504,233,106,5
2015_03125.jpg,2,56,297,473,295,417,5
2015_03126.jpg,151,49,403,286,252,237,5
2015_03127.jpg,88,232,371,496,283,264,5
2015_03128.jpg,176,122,429,294,253,172,5
2015_03129.jpg,292,41,1019,610,727,569,5
2015_03130.jpg,190,76,348,174,158,98,5
2015_03131.jpg,4,74,358,609,354,535,5
2015_03132.jpg,60,51,161,139,101,88,5
2015_03132.jpg,291,233,478,430,187,197,5
2015_03132.jpg,115,114,227,239,112,125,5
2015_03133.jpg,76,330,144,399,68,69,5
2015_03134.jpg,260,17,497,370,237,353,5
2015_03135.jpg,62,42,319,307,257,265,5
2015_03136.jpg,160,30,300,128,140,98,4
2015_03136.jpg,354,137,414,301,60,164,5
2015_03137.jpg,138,294,233,467,95,173,5
2015_03138.jpg,26,327,304,635,278,308,5
2015_03139.jpg,190,411,456,683,266,272,5
2015_03140.jpg,83,238,261,406,178,168,5
2015_03141.jpg,178,57,898,658,720,601,5
2015_03142.jpg,110,19,291,226,181,207,5
2015_03142.jpg,216,466,339,619,123,153,5
2015_03142.jpg,249,320,441,460,192,140,5
2015_03143.jpg,4,101,121,158,117,57,5
2015_03143.jpg,295,156,402,273,107,117,5
2015_03143.jpg,123,149,278,262,155,113,5
2015_03144.jpg,17,17,419,405,402,388,4
2015_03144.jpg,274,384,383,533,109,149,5
2015_03145.jpg,81,138,445,336,364,198,5
2015_03146.jpg,261,8,348,204,87,196,5
2015_03147.jpg,91,177,140,203,49,26,4
2015_03147.jpg,389,262,487,396,98,134,5
2015_03147.jpg,385,172,441,192,56,20,4
2015_03148.jpg,546,320,717,460,171,140,5
2015_03148.jpg,345,365,433,449,88,84,5
2015_03149.jpg,258,175,555,421,297,246,5
2015_03150.jpg,223,127,451,400,228,273,5
2015_03151.jpg,255,113,422,337,167,224,5
2015_03152.jpg,120,463,291,566,171,103,5
2015_03153.jpg,310,290,387,340,77,50,5
2015_03154.jpg,183,154,234,197,51,43,5
2015_03155.jpg,61,50,412,479,351,429,5
2015_03156.jpg,84,35,414,356,330,321,5
2015_03157.jpg,157,194,256,298,99,104,5
2015_03158.jpg,497,184,552,244,55,60,5
2015_03158.jpg,105,240,220,324,115,84,5
2015_03158.jpg,300,200,365,319,65,119,5
2015_03158.jpg,394,229,451,321,57,92,5
2015_03159.jpg,258,550,326,596,68,46,5
2015_03159.jpg,163,381,228,443,65,62,4
2015_03160.jpg,98,81,380,351,282,270,5
2015_03161.jpg,166,303,186,329,20,26,5
2015_03162.jpg,544,207,637,262,93,55,4
2015_03162.jpg,414,225,475,266,61,41,4
2015_03162.jpg,195,187,339,279,144,92,4
2015_03162.jpg,314,202,526,311,212,109,5
2015_03163.jpg,194,101,631,406,437,305,5
2015_03164.jpg,48,323,115,415,67,92,0
2015_03164.jpg,29,417,74,477,45,60,5
2015_03165.jpg,77,73,392,417,315,344,5
2015_03166.jpg,144,321,203,395,59,74,5
2015_03167.jpg,266,196,401,281,135,85,5
2015_03168.jpg,213,3,427,263,214,260,6
2015_03168.jpg,24,3,212,268,188,265,6
2015_03168.jpg,352,113,585,343,233,230,6
2015_03169.jpg,318,431,477,603,159,172,5
2015_03170.jpg,102,322,199,440,97,118,5
2015_03171.jpg,57,92,310,384,253,292,5
2015_03172.jpg,116,126,230,307,114,181,5
2015_03173.jpg,189,86,368,261,179,175,5
2015_03174.jpg,146,54,499,568,353,514,5
2015_03175.jpg,216,105,352,326,136,221,5
2015_03176.jpg,275,17,615,477,340,460,5
2015_03177.jpg,379,295,442,335,63,40,5
2015_03177.jpg,5,259,130,427,125,168,0
2015_03177.jpg,318,215,391,285,73,70,0
2015_03177.jpg,479,179,513,224,34,45,4
2015_03178.jpg,367,280,460,344,93,64,4
2015_03178.jpg,333,289,380,333,47,44,4
2015_03178.jpg,238,287,298,336,60,49,4
2015_03178.jpg,260,348,292,389,32,41,5
2015_03178.jpg,194,247,242,363,48,116,10
2015_03178.jpg,505,251,638,397,133,146,4
2015_03179.jpg,57,104,333,296,276,192,5
2015_03180.jpg,155,32,614,476,459,444,5
2015_03181.jpg,97,488,613,941,516,453,5
2015_03182.jpg,260,247,439,364,179,117,5
2015_03182.jpg,303,98,426,199,123,101,5
2015_03182.jpg,424,172,521,274,97,102,5
2015_03183.jpg,431,211,771,558,340,347,5
2015_03184.jpg,145,198,256,307,111,109,5
2015_03185.jpg,135,116,322,381,187,265,5
2015_03186.jpg,189,260,282,436,93,176,5
2015_03187.jpg,124,324,526,685,402,361,5
2015_03188.jpg,212,356,244,404,32,48,5
2015_03188.jpg,239,374,302,406,63,32,5
2015_03189.jpg,180,14,515,406,335,392,5
2015_03190.jpg,144,7,630,421,486,414,5
2015_03191.jpg,179,200,490,446,311,246,5
2015_03192.jpg,238,156,273,214,35,58,9
2015_03192.jpg,287,151,327,241,40,90,9
2015_03192.jpg,116,256,161,329,45,73,5
2015_03193.jpg,214,74,455,200,241,126,5
2015_03194.jpg,52,20,482,474,430,454,5
2015_03195.jpg,206,334,432,568,226,234,5
2015_03196.jpg,3,191,132,363,129,172,5
2015_03196.jpg,181,227,281,345,100,118,5
2015_03196.jpg,357,215,453,352,96,137,5
2015_03197.jpg,189,128,570,704,381,576,5
2015_03198.jpg,153,383,323,567,170,184,5
2015_03199.jpg,9,61,225,333,216,272,4
2015_03199.jpg,283,245,346,320,63,75,5
2015_03200.jpg,89,203,304,396,215,193,5
2015_03201.jpg,237,26,819,606,582,580,5
2015_03202.jpg,356,178,506,305,150,127,5
2015_03203.jpg,34,57,474,908,440,851,5
2015_03204.jpg,246,143,450,272,204,129,5
2015_03205.jpg,259,413,333,576,74,163,5
2015_03206.jpg,386,128,507,224,121,96,6
2015_03206.jpg,64,204,115,304,51,100,5
2015_03206.jpg,264,74,283,105,19,31,2
2015_03206.jpg,315,77,328,109,13,32,2
2015_03206.jpg,83,115,246,172,163,57,6
2015_03206.jpg,236,94,355,197,119,103,11
2015_03207.jpg,163,417,215,466,52,49,5
2015_03208.jpg,424,2,507,87,83,85,4
2015_03208.jpg,234,112,332,227,98,115,5
2015_03209.jpg,433,268,502,304,69,36,5
2015_03209.jpg,443,249,493,281,50,32,5
2015_03209.jpg,204,109,262,245,58,136,10
2015_03209.jpg,384,295,518,358,134,63,5
2015_03210.jpg,310,264,723,622,413,358,5
2015_03211.jpg,168,121,637,384,469,263,5
2015_03212.jpg,337,350,509,532,172,182,5
2015_03213.jpg,142,131,253,285,111,154,5
2015_03214.jpg,91,344,120,372,29,28,5
2015_03214.jpg,232,358,251,393,19,35,5
2015_03215.jpg,116,82,224,348,108,266,5
2015_03215.jpg,172,217,338,357,166,140,5
2015_03216.jpg,399,102,620,413,221,311,5
2015_03217.jpg,322,242,374,286,52,44,5
2015_03218.jpg,227,342,280,444,53,102,5
2015_03219.jpg,228,5,573,248,345,243,5
2015_03220.jpg,63,42,848,772,785,730,5
2015_03221.jpg,145,219,850,860,705,641,5
2015_03222.jpg,51,33,625,1000,574,967,5
2015_03223.jpg,76,15,520,422,444,407,5
2015_03224.jpg,31,242,789,910,758,668,5
2015_03225.jpg,251,100,1013,684,762,584,5
2015_03226.jpg,440,206,595,369,155,163,5
2015_03226.jpg,7,113,147,240,140,127,5
2015_03227.jpg,207,323,250,358,43,35,5
2015_03228.jpg,34,76,947,559,913,483,5
2015_03229.jpg,154,109,417,350,263,241,5
2015_03230.jpg,235,103,510,298,275,195,5
2015_03231.jpg,253,121,309,245,56,124,5
2015_03232.jpg,40,62,502,351,462,289,5
2015_03233.jpg,18,107,345,381,327,274,5
2015_03234.jpg,108,437,349,616,241,179,5
2015_03234.jpg,146,84,203,226,57,142,10
2015_03235.jpg,8,371,61,432,53,61,5
2015_03235.jpg,92,233,131,301,39,68,6
2015_03235.jpg,130,238,173,308,43,70,11
2015_03236.jpg,296,112,313,155,17,43,10
2015_03236.jpg,347,153,375,211,28,58,10
2015_03236.jpg,312,110,329,153,17,43,10
2015_03236.jpg,99,247,157,318,58,71,5
2015_03237.jpg,150,105,274,199,124,94,5
2015_03237.jpg,275,110,362,207,87,97,5
2015_03238.jpg,433,287,494,338,61,51,4
2015_03238.jpg,105,385,149,412,44,27,5
2015_03238.jpg,378,287,424,327,46,40,4
2015_03238.jpg,264,289,340,349,76,60,4
2015_03239.jpg,219,208,275,291,56,83,5
2015_03239.jpg,269,102,372,244,103,142,4
2015_03240.jpg,231,287,250,322,19,35,5
2015_03240.jpg,402,285,438,324,36,39,5
2015_03241.jpg,207,133,412,365,205,232,5
2015_03242.jpg,190,277,232,307,42,30,5
2015_03243.jpg,309,211,391,256,82,45,5
2015_03244.jpg,233,271,285,311,52,40,5
2015_03245.jpg,209,178,334,304,125,126,5
2015_03246.jpg,275,201,348,247,73,46,5
2015_03247.jpg,127,30,435,474,308,444,5
2015_03248.jpg,144,223,356,435,212,212,5
2015_03249.jpg,555,339,646,422,91,83,5
2015_03250.jpg,265,334,316,367,51,33,5
2015_03251.jpg,288,270,336,339,48,69,5
2015_03252.jpg,329,178,377,209,48,31,5
2015_03253.jpg,8,43,399,450,391,407,5
2015_03254.jpg,375,170,543,360,168,190,5
2015_03255.jpg,209,417,341,570,132,153,5
2015_03255.jpg,109,280,138,342,29,62,10
2015_03256.jpg,313,125,451,324,138,199,5
2015_03257.jpg,132,456,214,521,82,65,5
2015_03257.jpg,231,405,290,491,59,86,6
2015_03257.jpg,159,427,226,507,67,80,6
2015_03258.jpg,240,419,291,476,51,57,5
2015_03259.jpg,222,124,276,311,54,187,10
2015_03259.jpg,371,296,419,344,48,48,5
2015_03260.jpg,702,410,927,615,225,205,5
2015_03261.jpg,192,93,525,684,333,591,5
2015_03262.jpg,58,476,117,553,59,77,5
2015_03263.jpg,141,4,550,440,409,436,5
2015_03264.jpg,349,158,445,253,96,95,5
2015_03264.jpg,11,5,238,420,227,415,10
2015_03265.jpg,42,101,896,633,854,532,5
2015_03266.jpg,81,56,516,618,435,562,5
2015_03267.jpg,146,604,262,700,116,96,5
2015_03268.jpg,278,201,335,247,57,46,4
2015_03268.jpg,157,294,216,345,59,51,5
2015_03269.jpg,186,241,250,303,64,62,5
2015_03269.jpg,313,317,419,395,106,78,5
2015_03270.jpg,425,254,512,384,87,130,5
2015_03270.jpg,152,194,176,231,24,37,5
2015_03271.jpg,178,256,699,1039,521,783,5
2015_03272.jpg,129,156,317,304,188,148,6
2015_03272.jpg,352,230,445,307,93,77,11
2015_03272.jpg,295,87,627,454,332,367,5
2015_03273.jpg,164,246,187,278,23,32,5
2015_03274.jpg,122,259,169,320,47,61,5
2015_03275.jpg,144,4,376,410,232,406,5
2015_03276.jpg,406,112,596,337,190,225,5
2015_03277.jpg,120,228,283,332,163,104,5
2015_03278.jpg,237,70,374,183,137,113,5
2015_03279.jpg,240,267,292,295,52,28,5
2015_03280.jpg,23,93,833,582,810,489,5
2015_03281.jpg,224,209,336,264,112,55,5
2015_03282.jpg,212,401,448,613,236,212,5
2015_03283.jpg,346,308,400,362,54,54,5
2015_03284.jpg,162,364,190,378,28,14,5
2015_03285.jpg,66,202,258,458,192,256,5
2015_03286.jpg,757,314,974,710,217,396,5
2015_03287.jpg,99,62,256,284,157,222,5
2015_03288.jpg,209,349,286,406,77,57,5
2015_03289.jpg,155,407,228,539,73,132,5
2015_03290.jpg,377,259,496,318,119,59,5
2015_03290.jpg,263,298,422,367,159,69,5
2015_03290.jpg,266,217,354,289,88,72,5
2015_03290.jpg,120,240,194,324,74,84,5
2015_03290.jpg,429,207,470,242,41,35,5
2015_03291.jpg,129,254,253,349,124,95,5
2015_03292.jpg,237,255,428,460,191,205,5
2015_03293.jpg,129,107,479,309,350,202,5
2015_03294.jpg,84,88,190,242,106,154,5
2015_03295.jpg,283,201,389,283,106,82,5
2015_03296.jpg,271,180,381,292,110,112,5
2015_03297.jpg,291,240,579,353,288,113,5
2015_03297.jpg,130,242,319,350,189,108,5
2015_03298.jpg,239,144,376,305,137,161,5
2015_03299.jpg,309,95,382,217,73,122,5
2015_03300.jpg,84,42,321,395,237,353,5
2015_03301.jpg,351,261,523,396,172,135,5
2015_03302.jpg,232,8,417,265,185,257,5
2015_03303.jpg,305,280,425,383,120,103,5
2015_03303.jpg,222,222,336,427,114,205,10
2015_03303.jpg,174,379,496,622,322,243,11
2015_03303.jpg,262,379,305,446,43,67,7
2015_03304.jpg,212,282,372,415,160,133,5
2015_03304.jpg,319,144,497,234,178,90,4
2015_03305.jpg,78,60,605,419,527,359,5
2015_03306.jpg,3,97,602,425,599,328,5
2015_03307.jpg,165,289,485,439,320,150,5
2015_03307.jpg,7,2,627,475,620,473,0
2015_03308.jpg,21,111,387,392,366,281,5
2015_03309.jpg,206,171,471,330,265,159,5
2015_03309.jpg,39,4,275,61,236,57,4
2015_03309.jpg,7,14,634,477,627,463,9
2015_03310.jpg,207,125,372,303,165,178,5
2015_03311.jpg,227,158,389,296,162,138,5
2015_03312.jpg,77,134,257,308,180,174,5
2015_03313.jpg,204,138,358,337,154,199,5
2015_03314.jpg,49,11,490,629,441,618,5
2015_03315.jpg,31,140,638,472,607,332,5
2015_03316.jpg,72,8,365,381,293,373,5
2015_03317.jpg,82,6,561,350,479,344,5
2015_03318.jpg,45,87,578,460,533,373,5
2015_03319.jpg,362,153,497,280,135,127,5
2015_03320.jpg,309,186,422,328,113,142,5
2015_03321.jpg,514,36,573,125,59,89,7
2015_03321.jpg,114,95,623,457,509,362,5
2015_03322.jpg,249,168,388,269,139,101,5
2015_03323.jpg,167,47,381,259,214,212,5
2015_03324.jpg,82,44,560,399,478,355,5
2015_03325.jpg,132,49,512,435,380,386,5
2015_03326.jpg,354,58,635,425,281,367,5
2015_03327.jpg,6,22,339,605,333,583,5
2015_03328.jpg,477,308,605,414,128,106,5
2015_03328.jpg,168,48,605,253,437,205,4
2015_03329.jpg,215,71,485,351,270,280,5
2015_03330.jpg,271,146,358,257,87,111,5
2015_03331.jpg,194,201,279,433,85,232,5
2015_03331.jpg,461,269,564,404,103,135,5
2015_03331.jpg,362,261,425,324,63,63,5
2015_03331.jpg,109,222,197,394,88,172,5
2015_03331.jpg,5,298,111,405,106,107,5
2015_03331.jpg,295,250,430,453,135,203,5
2015_03332.jpg,259,157,422,247,163,90,8
2015_03332.jpg,15,326,265,633,250,307,5
2015_03332.jpg,361,213,486,350,125,137,5
2015_03333.jpg,186,159,372,275,186,116,5
2015_03333.jpg,9,10,475,580,466,570,9
2015_03334.jpg,164,63,217,168,53,105,5
2015_03335.jpg,187,89,571,283,384,194,5
2015_03336.jpg,239,70,431,225,192,155,5
2015_03337.jpg,209,152,602,384,393,232,5
2015_03338.jpg,175,117,619,235,444,118,5
2015_03339.jpg,14,151,493,445,479,294,5
2015_03340.jpg,54,305,323,470,269,165,5
2015_03341.jpg,220,129,236,153,16,24,10
2015_03341.jpg,350,176,368,209,18,33,10
2015_03341.jpg,406,165,424,200,18,35,10
2015_03341.jpg,317,199,343,242,26,43,10
2015_03341.jpg,446,221,463,264,17,43,10
2015_03341.jpg,266,189,282,223,16,34,10
2015_03341.jpg,474,268,494,316,20,48,10
2015_03341.jpg,252,182,270,213,18,31,10
2015_03341.jpg,213,274,438,472,225,198,5
2015_03341.jpg,192,256,212,297,20,41,10
2015_03341.jpg,231,217,258,259,27,42,10
2015_03341.jpg,192,178,215,211,23,33,10
2015_03341.jpg,349,163,373,190,24,27,10
2015_03341.jpg,285,167,302,198,17,31,10
2015_03342.jpg,163,196,320,385,157,189,5
2015_03343.jpg,139,195,356,525,217,330,5
2015_03344.jpg,54,253,186,407,132,154,5
2015_03345.jpg,218,204,430,381,212,177,5
2015_03346.jpg,27,201,630,469,603,268,4
2015_03346.jpg,287,145,375,227,88,82,5
2015_03347.jpg,19,216,429,474,410,258,5
2015_03347.jpg,249,48,572,223,323,175,5
2015_03348.jpg,27,40,197,262,170,222,5
2015_03348.jpg,202,122,366,494,164,372,5
2015_03349.jpg,194,118,355,246,161,128,5
2015_03350.jpg,169,84,549,282,380,198,5
2015_03351.jpg,116,33,455,305,339,272,5
2015_03352.jpg,146,159,223,371,77,212,5
2015_03353.jpg,399,132,622,421,223,289,5
2015_03354.jpg,40,65,260,183,220,118,5
2015_03355.JPEG,222,176,317,248,95,72,5
2015_03356.JPEG,223,163,290,229,67,66,5
2015_03356.JPEG,157,115,252,163,95,48,5
2015_03357.JPEG,172,194,421,345,249,151,11
2015_03357.JPEG,413,221,481,334,68,113,6
2015_03357.JPEG,304,194,411,370,107,176,6
2015_03357.JPEG,158,194,275,370,117,176,6
2015_03357.JPEG,45,186,154,365,109,179,6
2015_03357.JPEG,239,185,303,223,64,38,6
2015_03358.JPEG,327,114,403,183,76,69,5
2015_03358.JPEG,111,223,283,291,172,68,5
2015_03359.JPEG,230,166,439,326,209,160,5
2015_03359.JPEG,364,150,497,313,133,163,5
2015_03359.JPEG,36,174,193,329,157,155,5
2015_03360.JPEG,127,5,413,244,286,239,5
2015_03361.jpg,263,236,682,539,419,303,5
2015_03362.jpg,974,907,2115,1461,1141,554,5
2015_03363.jpg,923,17,1426,999,503,982,10
2015_03363.jpg,474,74,875,387,401,313,4
2015_03363.jpg,1256,37,3179,1379,1923,1342,4
2015_03363.jpg,1541,1022,1813,1335,272,313,5
2015_03363.jpg,308,44,648,251,340,207,4
2015_03364.jpg,1351,547,2000,1138,649,591,5
2015_03365.JPG,1229,1219,1340,1434,111,215,5
2015_03365.JPG,234,845,1055,1257,821,412,4
2015_03366.JPG,51,838,793,1278,742,440,4
2015_03366.JPG,144,1503,549,1860,405,357,4
2015_03366.JPG,1558,1292,1714,1566,156,274,5
2015_03367.JPG,1503,1133,1846,1667,343,534,5
2015_03368.jpg,413,355,532,489,119,134,5
2015_03368.jpg,182,105,999,722,817,617,6
2015_03369.JPG,1024,1344,1405,1666,381,322,5
2015_03370.JPG,1856,1046,2074,1171,218,125,5
2015_03371.JPG,37,1384,538,1987,501,603,4
2015_03371.JPG,835,1324,1922,1689,1087,365,5
2015_03371.JPG,364,1575,3867,2951,3503,1376,4
2015_03372.JPG,28,1261,461,1834,433,573,4
2015_03372.JPG,122,1443,3842,2967,3720,1524,4
2015_03372.JPG,1047,1125,2240,1702,1193,577,5
2015_03373.JPG,852,925,1761,1770,909,845,5
2015_03374.JPG,1361,1362,1888,2109,527,747,5
2015_03374.JPG,1986,46,3973,2088,1987,2042,4
2015_03375.JPG,920,1184,2181,2161,1261,977,5
2015_03376.jpg,62,7,592,432,530,425,5
2015_03377.jpg,175,528,471,783,296,255,5
2015_03378.jpg,20,25,452,497,432,472,5
2015_03379.jpg,97,10,598,196,501,186,5
2015_03380.jpg,200,62,838,617,638,555,5
2015_03381.jpg,14,83,654,601,640,518,5
2015_03382.jpg,108,33,763,487,655,454,5
2015_03383.jpg,104,20,897,518,793,498,5
2015_03384.jpg,300,71,896,605,596,534,5
2015_03385.jpg,64,210,713,886,649,676,5
2015_03386.jpg,397,167,753,884,356,717,5
2015_03387.jpg,471,565,759,753,288,188,4
2015_03387.jpg,430,275,554,472,124,197,5
2015_03388.jpg,138,92,816,537,678,445,5
2015_03389.jpg,54,19,451,763,397,744,5
2015_03390.jpg,72,253,186,377,114,124,5
2015_03390.jpg,99,168,591,269,492,101,10
2015_03390.jpg,325,138,469,209,144,71,8
2015_03391.jpg,156,39,771,762,615,723,10
2015_03391.jpg,338,292,584,759,246,467,5
2015_03392.jpg,404,297,602,525,198,228,5
2015_03393.jpg,368,460,586,646,218,186,5
2015_03394.jpg,554,278,1035,649,481,371,5
2015_03395.jpg,173,176,459,617,286,441,5
2015_03396.jpg,13,417,427,625,414,208,5
2015_03397.jpg,75,224,214,346,139,122,5
2015_03397.jpg,405,68,604,185,199,117,5
2015_03398.png,16,21,335,490,319,469,5
2015_03399.jpg,156,88,281,203,125,115,5
2015_03399.jpg,35,173,701,888,666,715,5
2015_03400.jpg,55,182,656,926,601,744,5
2015_03401.jpg,99,123,320,348,221,225,5
2015_03402.jpg,255,380,509,543,254,163,5
2015_03403.jpg,360,276,998,737,638,461,5
2015_03404.jpg,99,99,770,558,671,459,5
2015_03405.jpg,177,92,534,382,357,290,5
2015_03406.jpg,105,93,225,160,120,67,5
2015_03407.jpg,362,10,508,250,146,240,5
2015_03407.jpg,38,288,405,469,367,181,5
2015_03408.jpg,55,19,661,841,606,822,5
2015_03409.jpg,516,285,712,359,196,74,4
2015_03409.jpg,274,392,462,673,188,281,5
2015_03410.jpg,111,92,443,617,332,525,5
2015_03411.jpg,225,9,674,480,449,471,5
2015_03412.jpg,293,68,522,551,229,483,5
2015_03413.jpg,400,346,511,555,111,209,5
2015_03413.jpg,13,107,522,514,509,407,6
2015_03414.jpg,29,285,598,635,569,350,5
2015_03415.jpg,102,134,311,462,209,328,5
2015_03416.jpg,421,15,835,599,414,584,5
2015_03417.jpg,205,172,378,361,173,189,5
2015_03418.jpg,585,105,826,366,241,261,5
2015_03419.jpg,87,127,465,444,378,317,5
2015_03420.jpg,141,59,627,391,486,332,5
2015_03421.jpg,124,225,270,416,146,191,5
2015_03422.jpg,124,130,773,657,649,527,5
2015_03423.jpg,303,57,762,351,459,294,5
2015_03424.jpg,37,55,202,407,165,352,5
2015_03424.jpg,345,56,566,398,221,342,5
2015_03425.jpg,386,141,677,458,291,317,5
2015_03426.jpg,272,153,525,584,253,431,5
2015_03427.jpg,16,55,659,483,643,428,5
2015_03428.jpg,270,181,606,429,336,248,5
2015_03429.jpg,5,37,117,190,112,153,5
2015_03430.jpg,571,174,759,481,188,307,5
2015_03431.jpg,88,115,440,314,352,199,5
2015_03432.jpg,228,176,385,437,157,261,5
2015_03433.jpg,169,403,273,481,104,78,5
2015_03434.jpg,224,173,363,323,139,150,5
2015_03435.png,38,97,403,347,365,250,5
2015_03436.jpg,410,392,551,482,141,90,5
2015_03437.jpg,428,156,574,306,146,150,5
2015_03438.jpg,341,21,1094,717,753,696,5
2015_03439.jpg,60,799,263,1089,203,290,5
2015_03440.jpg,8,311,113,476,105,165,11
2015_03440.jpg,170,80,343,498,173,418,5
2015_03441.jpg,176,63,490,374,314,311,5
2015_03442.jpg,236,163,591,460,355,297,5
2015_03443.jpg,17,241,330,692,313,451,5
2015_03444.jpg,274,236,413,384,139,148,5
2015_03445.jpg,73,3,500,376,427,373,5
2015_03446.jpg,115,197,511,1067,396,870,5
2015_03447.jpg,226,16,635,625,409,609,5
2015_03448.jpg,255,10,891,432,636,422,5
2015_03449.jpg,281,271,626,632,345,361,5
2015_03450.jpg,86,72,410,445,324,373,5
2015_03451.jpg,312,208,1011,675,699,467,5
2015_03452.jpg,155,270,520,663,365,393,5
2015_03453.jpg,315,78,1075,710,760,632,5
2015_03454.jpg,401,110,599,324,198,214,5
2015_03455.jpg,533,367,711,492,178,125,5
2015_03456.jpg,181,116,731,691,550,575,5
2015_03457.jpg,21,105,431,519,410,414,5
2015_03458.jpg,201,430,720,726,519,296,5
2015_03459.jpg,121,27,842,647,721,620,5
2015_03460.jpg,47,301,636,910,589,609,5
2015_03461.jpg,204,162,834,651,630,489,5
2015_03462.jpg,16,139,659,547,643,408,5
2015_03463.jpg,301,699,485,820,184,121,5
2015_03463.jpg,306,399,391,456,85,57,5
2015_03463.jpg,400,572,526,661,126,89,5
2015_03463.jpg,548,182,742,368,194,186,4
2015_03463.jpg,514,587,626,661,112,74,5
2015_03464.jpg,189,99,971,619,782,520,5
2015_03465.jpg,291,387,332,441,41,54,5
2015_03465.jpg,426,427,463,470,37,43,5
2015_03465.jpg,401,476,458,564,57,88,5
2015_03466.jpg,62,250,238,357,176,107,5
2015_03466.jpg,42,420,554,748,512,328,5
2015_03467.jpg,78,96,408,543,330,447,5
2015_03468.jpg,353,273,573,648,220,375,5
2015_03469.jpg,232,368,565,690,333,322,5
2015_03470.jpg,695,155,844,337,149,182,6
2015_03470.jpg,371,253,706,471,335,218,5
2015_03471.jpg,74,57,318,392,244,335,5
2015_03472.jpg,324,46,1014,573,690,527,5
2015_03473.jpg,140,90,586,415,446,325,5
2015_03474.jpg,151,99,583,440,432,341,5
2015_03475.jpg,226,175,471,262,245,87,5
2015_03476.jpg,117,12,767,660,650,648,5
2015_03477.jpg,469,341,600,555,131,214,5
2015_03478.jpg,316,262,499,505,183,243,5
2015_03479.jpg,378,164,575,505,197,341,5
2015_03480.jpg,49,21,256,356,207,335,5
2015_03481.jpg,90,13,752,589,662,576,5
2015_03482.jpg,214,345,416,624,202,279,5
2015_03482.jpg,522,158,679,318,157,160,5
2015_03482.jpg,705,404,955,566,250,162,5
2015_03483.jpg,93,112,1007,614,914,502,5
2015_03484.jpg,325,377,435,469,110,92,5
2015_03484.jpg,433,371,567,454,134,83,5
2015_03485.jpg,243,137,376,274,133,137,5
2015_03486.jpg,345,56,945,650,600,594,5
2015_03487.jpg,168,440,366,862,198,422,5
2015_03488.jpg,281,140,567,649,286,509,5
2015_03489.jpg,17,42,713,745,696,703,5
2015_03490.jpg,21,18,527,445,506,427,5
2015_03491.jpg,311,17,660,532,349,515,5
2015_03492.jpg,91,85,527,598,436,513,5
2015_03493.jpg,926,495,1479,933,553,438,5
2015_03494.jpg,344,50,829,629,485,579,5
2015_03495.jpg,117,130,493,538,376,408,5
2015_03496.jpg,140,110,471,483,331,373,5
2015_03497.jpg,778,285,1730,1111,952,826,5
2015_03498.jpg,261,55,763,800,502,745,5
2015_03499.jpg,165,11,549,428,384,417,5
2015_03500.jpg,541,357,696,468,155,111,5
2015_03501.jpg,219,152,852,551,633,399,5
2015_03502.jpg,1,154,465,691,464,537,5
2015_03503.jpg,273,91,644,486,371,395,5
2015_03504.jpg,75,15,708,775,633,760,5
2015_03505.jpg,311,220,782,678,471,458,5
2015_03506.jpg,21,15,837,624,816,609,5
2015_03507.jpg,182,101,353,388,171,287,5
2015_03508.jpg,477,295,573,505,96,210,5
2015_03509.jpg,391,276,516,404,125,128,5
2015_03510.jpg,243,218,389,428,146,210,5
2015_03511.jpg,77,45,531,636,454,591,5
2015_03512.jpg,13,339,286,656,273,317,5
2015_03512.jpg,559,369,763,597,204,228,5
2015_03512.jpg,305,315,562,559,257,244,5
2015_03513.jpg,412,232,715,751,303,519,5
2015_03513.jpg,15,28,381,1007,366,979,0
2015_03514.jpg,165,147,427,334,262,187,5
2015_03515.jpg,224,159,442,297,218,138,5
2015_03516.jpg,342,373,505,496,163,123,5
2015_03517.jpg,102,15,728,574,626,559,5
2015_03518.jpg,283,83,701,521,418,438,5
2015_03519.jpg,195,148,431,495,236,347,5
2015_03520.jpg,110,50,943,616,833,566,5
2015_03521.jpg,183,515,268,630,85,115,5
2015_03522.jpg,214,30,711,528,497,498,5
2015_03523.jpg,25,8,674,512,649,504,5
2015_03524.jpg,160,119,405,373,245,254,5
2015_03525.jpg,95,122,986,881,891,759,5
2015_03526.jpg,482,328,755,547,273,219,5
2015_03527.jpg,245,96,455,277,210,181,5
2015_03528.jpg,367,50,737,544,370,494,5
2015_03529.jpg,185,199,345,390,160,191,5
2015_03530.jpg,152,135,617,488,465,353,5
2015_03531.jpg,337,371,480,590,143,219,5
2015_03532.jpg,465,456,686,733,221,277,5
2015_03533.jpg,618,277,914,618,296,341,5
2015_03534.jpg,14,118,527,396,513,278,5
2015_03535.jpg,71,74,545,343,474,269,5
2015_03536.jpg,98,80,183,148,85,68,5
2015_03536.jpg,139,87,226,140,87,53,5
2015_03536.jpg,159,116,212,159,53,43,5
2015_03537.jpg,12,13,377,538,365,525,5
2015_03538.jpg,112,32,633,393,521,361,5
2015_03539.jpg,182,238,672,901,490,663,5
2015_03540.jpg,309,144,738,753,429,609,5
2015_03541.jpg,427,227,537,406,110,179,5
2015_03542.jpg,98,2,557,416,459,414,5
2015_03543.jpg,78,13,478,660,400,647,5
2015_03544.jpg,453,242,729,541,276,299,5
2015_03545.jpg,231,114,479,376,248,262,5
2015_03546.jpg,108,19,541,410,433,391,5
2015_03547.jpg,163,180,570,564,407,384,5
2015_03548.jpg,64,196,660,995,596,799,5
2015_03549.jpg,420,265,483,426,63,161,5
2015_03550.jpg,130,12,591,418,461,406,5
2015_03551.jpg,117,54,529,446,412,392,5
2015_03552.jpg,645,135,825,253,180,118,4
2015_03552.jpg,486,321,594,476,108,155,5
2015_03552.jpg,69,188,740,665,671,477,4
2015_03553.jpg,180,97,649,662,469,565,5
2015_03554.jpg,162,146,807,486,645,340,5
2015_03555.jpg,48,166,431,358,383,192,5
2015_03556.jpg,141,66,638,422,497,356,5
2015_03557.jpg,64,238,624,1006,560,768,5
2015_03558.jpg,129,115,690,515,561,400,5
2015_03559.jpg,83,135,876,616,793,481,5
2015_03560.jpg,195,338,497,527,302,189,5
2015_03560.jpg,537,203,608,274,71,71,5
2015_03560.jpg,644,294,779,407,135,113,5
2015_03560.jpg,760,195,838,272,78,77,5
2015_03560.jpg,64,336,366,491,302,155,5
2015_03560.jpg,928,183,989,248,61,65,5
2015_03560.jpg,877,300,1065,464,188,164,5
2015_03560.jpg,898,255,1052,321,154,66,5
2015_03560.jpg,609,220,731,269,122,49,5
2015_03560.jpg,575,256,708,384,133,128,5
2015_03560.jpg,209,77,265,146,56,69,5
2015_03560.jpg,11,95,36,174,25,79,5
2015_03561.jpg,256,161,443,432,187,271,5
2015_03562.jpg,239,28,797,446,558,418,5
2015_03563.jpg,38,35,247,223,209,188,5
2015_03564.jpg,207,13,879,519,672,506,5
2015_03565.jpg,126,199,572,742,446,543,5
2015_03566.jpg,240,17,1013,561,773,544,5
2015_03567.jpg,41,12,495,429,454,417,5
2015_03568.jpg,450,274,779,583,329,309,5
2015_03569.jpg,36,260,921,514,885,254,5
2015_03570.jpg,170,7,575,355,405,348,5
2015_03571.jpg,15,276,765,901,750,625,5
2015_03572.jpg,210,63,404,264,194,201,5
2015_03573.jpg,241,207,586,548,345,341,5
2015_03574.jpg,27,219,677,525,650,306,5
2015_03575.jpg,24,264,281,552,257,288,5
2015_03575.jpg,36,57,125,155,89,98,4
2015_03575.jpg,302,70,426,192,124,122,4
2015_03575.jpg,255,340,434,655,179,315,5
2015_03576.jpg,185,38,576,550,391,512,5
2015_03577.jpg,294,159,687,478,393,319,5
2015_03578.jpg,279,198,340,260,61,62,5
2015_03579.jpg,42,123,501,447,459,324,5
2015_03580.jpg,95,93,588,450,493,357,5
2015_03581.jpg,509,85,781,472,272,387,5
2015_03582.jpg,20,117,1003,670,983,553,5
2015_03583.jpg,324,121,687,465,363,344,5
2015_03584.png,117,146,435,392,318,246,5
2015_03585.jpg,252,24,516,329,264,305,5
2015_03586.jpg,122,411,482,793,360,382,5
2015_03587.jpg,271,95,555,305,284,210,5
2015_03588.jpg,21,106,417,296,396,190,5
2015_03589.jpg,275,254,393,437,118,183,5
2015_03589.jpg,240,146,452,453,212,307,10
2015_03590.jpg,17,17,673,645,656,628,5
2015_03591.jpg,443,277,742,499,299,222,5
2015_03591.jpg,71,128,372,493,301,365,5
2015_03592.jpg,38,64,398,589,360,525,5
2015_03593.jpg,77,229,712,562,635,333,5
2015_03594.png,58,125,885,806,827,681,5
2015_03595.jpg,417,345,567,554,150,209,5
2015_03595.jpg,614,338,724,446,110,108,5
2015_03595.jpg,753,436,1018,567,265,131,5
2015_03596.png,536,137,721,345,185,208,5
2015_03596.png,41,299,322,495,281,196,5
2015_03597.jpg,84,164,379,578,295,414,5
2015_03598.jpg,231,114,581,660,350,546,5
2015_03599.jpg,46,137,833,589,787,452,5
2015_03600.jpg,455,69,876,591,421,522,5
2015_03601.jpg,25,9,736,553,711,544,5
2015_03602.jpg,125,377,316,545,191,168,5
2015_03602.jpg,333,376,391,407,58,31,4
2015_03602.jpg,697,370,792,504,95,134,5
2015_03602.jpg,399,377,443,408,44,31,4
2015_03603.jpg,246,383,480,701,234,318,5
2015_03604.jpg,182,152,518,600,336,448,5
2015_03605.jpg,417,231,713,440,296,209,5
2015_03606.jpg,53,10,801,897,748,887,5
2015_03607.jpg,18,55,767,345,749,290,5
2015_03608.jpg,66,49,872,623,806,574,6
2015_03608.jpg,290,119,704,359,414,240,5
2015_03609.jpg,322,283,571,903,249,620,5
2015_03610.jpg,257,88,882,616,625,528,5
2015_03611.jpg,311,212,591,588,280,376,5
2015_03612.jpg,326,206,1002,726,676,520,5
2015_03613.jpg,136,72,886,486,750,414,5
2015_03614.jpg,126,10,276,216,150,206,5
2015_03615.jpg,71,1,430,457,359,456,5
2015_03615.jpg,378,84,734,566,356,482,5
2015_03616.jpg,129,61,254,213,125,152,5
2015_03617.jpg,545,224,792,607,247,383,5
2015_03618.jpg,55,12,419,440,364,428,5
2015_03619.JPEG,14,29,263,198,249,169,5
2015_03619.JPEG,200,82,465,287,265,205,5
2015_03620.JPEG,157,39,483,295,326,256,5
2015_03620.JPEG,19,64,342,336,323,272,5
2015_03621.JPEG,93,52,497,284,404,232,5
2015_03622.jpg,91,169,451,404,360,235,5
2015_03623.JPEG,65,176,371,392,306,216,5
2015_03624.JPEG,68,40,289,478,221,438,5
2015_03625.jpg,161,6,390,312,229,306,5
2015_03626.jpg,558,78,1739,1392,1181,1314,5
2015_03627.jpg,136,139,536,858,400,719,5
2015_03628.jpg,127,109,347,499,220,390,5
2015_03629.jpg,23,304,703,751,680,447,5
2015_03630.jpg,400,291,538,404,138,113,5
2015_03631.jpg,745,619,1733,965,988,346,5
2015_03632.jpg,94,59,376,379,282,320,5
2015_03633.jpg,201,152,728,546,527,394,5
2015_03634.jpg,189,216,270,267,81,51,5
2015_03635.jpg,304,180,751,451,447,271,5
2015_03636.jpg,211,109,571,388,360,279,5
2015_03637.jpg,330,15,895,464,565,449,5
2015_03638.jpg,832,359,875,401,43,42,4
2015_03638.jpg,870,369,892,396,22,27,4
2015_03638.jpg,761,355,844,412,83,57,4
2015_03638.jpg,449,339,577,446,128,107,5
2015_03639.jpg,193,47,728,656,535,609,5
2015_03640.jpg,286,235,397,340,111,105,5
2015_03641.jpg,176,24,675,492,499,468,5
2015_03642.jpg,358,147,703,666,345,519,5
2015_03643.png,181,168,350,265,169,97,5
2015_03644.png,370,12,1002,526,632,514,4
2015_03644.png,270,303,461,574,191,271,5
2015_03645.jpg,25,159,499,829,474,670,5
2015_03646.jpg,52,3,901,659,849,656,5
2015_03647.jpg,35,182,607,499,572,317,5
2015_03648.jpg,416,182,548,286,132,104,5
2015_03649.jpg,47,205,888,537,841,332,5
2015_03650.jpg,133,113,491,599,358,486,5
2015_03651.jpg,84,56,314,194,230,138,5
2015_03652.jpg,146,18,971,717,825,699,5
2015_03653.jpg,433,255,665,690,232,435,5
2015_03654.jpg,336,492,1324,755,988,263,5
2015_03655.jpg,11,287,796,612,785,325,5
2015_03656.png,102,154,313,347,211,193,5
2015_03656.png,252,121,417,299,165,178,5
2015_03657.jpg,222,131,755,792,533,661,5
2015_03658.jpg,32,29,398,164,366,135,5
2015_03659.jpg,477,302,606,502,129,200,5
2015_03659.jpg,122,141,273,370,151,229,5
2015_03659.jpg,490,360,700,600,210,240,5
2015_03660.jpg,19,294,400,1013,381,719,5
2015_03661.jpg,312,321,510,678,198,357,5
2015_03662.jpg,147,24,717,614,570,590,5
2015_03663.jpg,306,21,659,442,353,421,5
2015_03664.jpg,39,72,581,682,542,610,5
2015_03665.jpg,208,12,414,339,206,327,5
2015_03666.jpg,90,57,767,651,677,594,5
2015_03667.jpg,47,98,391,333,344,235,5
2015_03668.jpg,171,55,592,460,421,405,5
2015_03669.jpg,17,61,499,377,482,316,5
2015_03670.jpg,253,25,473,461,220,436,5
2015_03670.jpg,9,77,180,458,171,381,5
2015_03671.jpg,263,17,817,767,554,750,5
2015_03672.jpg,194,59,565,371,371,312,5
2015_03673.jpg,210,173,468,617,258,444,5
2015_03674.jpg,434,250,788,525,354,275,5
2015_03675.jpg,190,310,678,530,488,220,5
2015_03676.jpg,51,36,377,722,326,686,5
2015_03677.jpg,123,49,419,431,296,382,5
2015_03678.jpg,221,10,548,434,327,424,5
2015_03679.jpg,99,294,722,682,623,388,5
2015_03680.jpg,145,22,672,510,527,488,5
2015_03681.jpg,252,334,591,920,339,586,5
2015_03682.jpg,173,330,818,628,645,298,5
2015_03683.jpg,241,113,697,704,456,591,5
2015_03684.jpg,311,97,756,670,445,573,5
2015_03685.jpg,59,142,459,487,400,345,5
2015_03686.jpg,32,93,468,386,436,293,5
2015_03687.jpg,226,61,428,357,202,296,5
2015_03688.jpg,406,90,666,407,260,317,5
2015_03689.jpg,238,196,438,292,200,96,5
2015_03690.jpg,30,148,852,657,822,509,5
2015_03691.jpg,126,114,300,360,174,246,5
2015_03692.jpg,119,220,466,726,347,506,5
2015_03693.jpg,296,275,702,643,406,368,5
2015_03694.jpg,397,176,558,503,161,327,5
2015_03695.jpg,172,83,872,525,700,442,5
2015_03696.jpg,137,22,713,648,576,626,5
2015_03697.jpg,114,14,987,654,873,640,5
2015_03698.jpg,62,144,752,751,690,607,5
2015_03699.jpg,345,275,493,390,148,115,5
2015_03700.jpg,13,220,209,498,196,278,5
2015_03700.jpg,257,233,404,433,147,200,5
2015_03701.jpg,390,187,728,595,338,408,5
2015_03702.jpg,26,59,526,647,500,588,5
2015_03703.jpg,11,25,686,669,675,644,5
2015_03704.jpg,91,87,377,389,286,302,5
2015_03705.jpg,38,97,552,533,514,436,5
2015_03706.jpg,77,13,558,551,481,538,5
2015_03707.jpg,333,12,669,539,336,527,5
2015_03708.jpg,33,209,183,362,150,153,5
2015_03708.jpg,152,119,228,179,76,60,5
2015_03708.jpg,366,149,457,232,91,83,5
2015_03709.jpg,149,50,670,581,521,531,5
2015_03710.jpg,392,247,496,333,104,86,5
2015_03711.jpg,202,198,528,386,326,188,5
2015_03712.jpg,157,97,862,684,705,587,5
2015_03713.jpg,183,107,268,242,85,135,5
2015_03714.jpg,329,307,508,547,179,240,5
2015_03715.jpg,363,116,884,653,521,537,5
2015_03716.jpg,208,506,316,661,108,155,5
2015_03717.jpg,278,198,871,825,593,627,5
2015_03717.jpg,291,550,617,879,326,329,7
2015_03718.png,146,100,490,473,344,373,5
2015_03719.jpg,142,43,435,345,293,302,5
2015_03720.jpg,77,215,875,752,798,537,5
2015_03721.jpg,155,124,872,631,717,507,5
2015_03722.jpg,345,330,455,560,110,230,5
2015_03723.jpg,275,174,863,577,588,403,5
2015_03724.jpg,275,490,651,846,376,356,5
2015_03725.jpg,55,542,264,781,209,239,5
2015_03726.jpg,528,503,692,710,164,207,5
2015_03727.jpg,139,125,686,844,547,719,5
2015_03728.jpg,343,16,875,581,532,565,5
2015_03729.jpg,94,78,675,730,581,652,5
2015_03730.jpg,151,199,654,592,503,393,5
2015_03731.jpg,114,148,430,595,316,447,5
2015_03732.png,183,55,340,238,157,183,5
2015_03732.png,94,173,331,389,237,216,8
2015_03733.png,475,85,1201,419,726,334,5
2015_03733.png,79,329,1244,673,1165,344,10
2015_03734.png,77,334,1258,671,1181,337,10
2015_03734.png,475,130,1198,410,723,280,5
2015_03735.png,532,511,665,654,133,143,5
2015_03736.png,346,478,646,698,300,220,5
2015_03737.png,523,100,649,249,126,149,5
2015_03737.png,489,269,571,384,82,115,5
2015_03737.png,568,555,678,710,110,155,5
2015_03737.png,541,153,745,628,204,475,10
2015_03737.png,114,229,262,336,148,107,5
2015_03738.png,184,64,379,368,195,304,5
2015_03739.png,338,353,501,437,163,84,5
2015_03739.png,359,205,518,325,159,120,5
2015_03739.png,471,28,567,239,96,211,5
2015_03739.png,691,182,840,325,149,143,5
2015_03739.png,720,320,796,539,76,219,5
2015_03739.png,613,320,712,512,99,192,5
2015_03739.png,785,352,910,548,125,196,5
2015_03739.png,433,91,746,671,313,580,10
2015_03739.png,243,199,436,325,193,126,5
2015_03740.png,345,74,747,706,402,632,10
2015_03740.png,323,140,483,323,160,183,5
2015_03740.png,653,384,872,501,219,117,5
2015_03740.png,421,8,628,136,207,128,5
2015_03740.png,178,85,425,177,247,92,5
2015_03740.png,287,371,408,665,121,294,5
2015_03740.png,590,263,810,442,220,179,5
2015_03741.png,271,71,313,125,42,54,5
2015_03741.png,87,211,145,296,58,85,8
2015_03742.png,534,267,909,627,375,360,5
2015_03743.png,214,45,406,321,192,276,5
2015_03744.png,395,117,687,561,292,444,5
2015_03745.png,691,508,794,598,103,90,5
2015_03745.png,840,535,924,617,84,82,5
2015_03745.png,955,532,1115,608,160,76,5
2015_03745.png,323,513,422,600,99,87,5
2015_03746.png,47,502,259,627,212,125,5
2015_03746.png,1026,543,1171,629,145,86,5
2015_03746.png,868,547,974,658,106,111,5
2015_03746.png,663,350,735,525,72,175,10
2015_03746.png,696,512,867,621,171,109,5
2015_03746.png,276,538,420,617,144,79,5
2015_03747.png,1095,531,1277,629,182,98,5
2015_03747.png,713,497,850,626,137,129,5
2015_03747.png,903,536,1027,645,124,109,5
2015_03747.png,755,456,827,514,72,58,5
2015_03747.png,697,478,739,526,42,48,5
2015_03747.png,575,469,640,518,65,49,5
2015_03747.png,229,528,339,620,110,92,5
2015_03747.png,13,489,201,615,188,126,5
2015_03747.png,638,339,744,470,106,131,10
2015_03748.png,5,452,63,623,58,171,5
2015_03748.png,113,547,265,645,152,98,5
2015_03748.png,776,403,837,476,61,73,5
2015_03748.png,624,229,739,442,115,213,10
2015_03748.png,744,489,861,645,117,156,5
2015_03748.png,1182,535,1264,663,82,128,5
2015_03748.png,967,545,1081,681,114,136,5
2015_03749.png,72,71,426,386,354,315,5
2015_03750.png,708,186,1018,522,310,336,5
2015_03751.png,274,185,680,515,406,330,5
2015_03752.png,202,61,471,515,269,454,10
2015_03752.png,617,275,712,429,95,154,5
2015_03752.png,364,233,651,518,287,285,10
2015_03752.png,16,36,263,513,247,477,10
2015_03753.png,42,154,414,521,372,367,10
2015_03753.png,636,324,731,460,95,136,5
2015_03754.png,375,415,443,509,68,94,5
2015_03754.png,306,205,424,492,118,287,10
2015_03755.png,935,421,993,489,58,68,5
2015_03756.png,560,173,739,465,179,292,5
2015_03757.png,359,18,592,513,233,495,5
2015_03758.jpg,133,103,550,511,417,408,5
2015_03759.jpg,181,156,344,440,163,284,5
2015_03760.jpg,273,168,324,256,51,88,5
2015_03761.jpg,224,20,673,573,449,553,5
2015_03762.jpg,167,36,392,423,225,387,5
2015_03763.jpg,220,115,405,401,185,286,5
2015_03764.jpg,374,61,674,512,300,451,5
2015_03765.jpg,17,190,260,447,243,257,5
2015_03766.jpg,10,12,220,378,210,366,6
2015_03766.jpg,223,92,348,210,125,118,5
2015_03767.jpg,65,401,462,906,397,505,5
2015_03768.jpg,247,179,417,414,170,235,5
2015_03769.jpg,58,17,463,443,405,426,5
2015_03770.jpg,365,240,463,345,98,105,5
2015_03771.jpg,230,234,593,601,363,367,5
2015_03772.jpg,133,137,221,229,88,92,5
2015_03772.jpg,274,49,364,146,90,97,5
2015_03772.jpg,260,186,327,268,67,82,5
2015_03773.jpg,159,15,591,798,432,783,5
2015_03774.jpg,88,21,478,450,390,429,5
2015_03775.jpg,372,310,548,509,176,199,5
2015_03776.jpg,67,196,248,317,181,121,5
2015_03777.png,224,175,261,211,37,36,6
2015_03777.png,161,164,227,235,66,71,6
2015_03777.png,239,143,269,168,30,25,6
2015_03777.png,73,178,173,278,100,100,6
2015_03778.jpg,40,162,253,463,213,301,10
2015_03778.jpg,200,111,320,383,120,272,6
2015_03779.jpg,388,144,485,322,97,178,6
2015_03779.jpg,240,163,394,326,154,163,6
2015_03779.jpg,5,166,151,330,146,164,6
2015_03779.jpg,40,101,60,150,20,49,2
2015_03779.jpg,4,104,22,143,18,39,2
2015_03779.jpg,26,84,51,116,25,32,2
2015_03779.jpg,84,137,427,310,343,173,11
2015_03779.jpg,359,130,377,167,18,37,7
2015_03779.jpg,296,167,313,199,17,32,7
2015_03779.jpg,281,144,295,177,14,33,7
2015_03779.jpg,195,156,220,190,25,34,7
2015_03779.jpg,184,155,199,192,15,37,7
2015_03779.jpg,206,190,223,232,17,42,7
2015_03779.jpg,188,186,207,231,19,45,7
2015_03780.jpg,343,104,432,283,89,179,6
2015_03780.jpg,95,31,370,323,275,292,10
2015_03781.jpg,3,148,39,307,36,159,10
2015_03781.jpg,19,191,149,376,130,185,10
2015_03781.jpg,49,145,146,369,97,224,10
2015_03781.jpg,85,151,134,270,49,119,10
2015_03781.jpg,389,124,459,364,70,240,10
2015_03781.jpg,231,39,310,351,79,312,10
2015_03781.jpg,316,129,389,368,73,239,10
2015_03781.jpg,439,126,498,366,59,240,10
2015_03781.jpg,177,127,246,344,69,217,10
2015_03781.jpg,201,276,294,372,93,96,6
2015_03782.jpg,174,220,305,369,131,149,6
2015_03783.jpg,265,191,380,288,115,97,11
2015_03783.jpg,36,178,153,351,117,173,6
2015_03783.jpg,349,157,496,356,147,199,6
2015_03784.jpg,103,157,200,290,97,133,6
2015_03784.jpg,210,151,298,275,88,124,6
2015_03784.jpg,154,148,265,283,111,135,11
2015_03785.png,5,344,103,476,98,132,6
2015_03785.png,37,350,112,441,75,91,11
2015_03785.png,279,323,367,411,88,88,0
2015_03786.jpg,205,308,233,373,28,65,7
2015_03786.jpg,150,327,183,375,33,48,7
2015_03786.jpg,114,183,166,247,52,64,6
2015_03786.jpg,191,188,285,248,94,60,6
2015_03786.jpg,73,289,104,354,31,65,7
2015_03786.jpg,171,294,202,368,31,74,7
2015_03786.jpg,168,192,239,281,71,89,6
2015_03787.jpg,192,216,279,351,87,135,6
2015_03787.jpg,71,175,170,247,99,72,11
2015_03787.jpg,152,211,307,311,155,100,11
2015_03787.jpg,105,201,186,325,81,124,6
2015_03788.jpg,226,219,292,355,66,136,6
2015_03788.jpg,297,222,377,354,80,132,6
2015_03788.jpg,81,216,153,356,72,140,6
2015_03788.jpg,18,201,86,330,68,129,6
2015_03788.jpg,373,203,444,335,71,132,6
2015_03788.jpg,158,217,221,358,63,141,6
2015_03789.jpg,100,316,303,495,203,179,6
2015_03790.jpg,89,295,269,475,180,180,11
2015_03790.jpg,174,325,324,499,150,174,6
2015_03790.jpg,57,282,164,472,107,190,6
2015_03791.jpg,241,127,264,155,23,28,2
2015_03791.jpg,199,121,240,148,41,27,2
2015_03791.jpg,102,77,163,180,61,103,10
2015_03791.jpg,88,158,291,376,203,218,10
2015_03791.jpg,253,242,385,369,132,127,10
2015_03791.jpg,153,97,194,136,41,39,2
2015_03791.jpg,308,179,412,247,104,68,6
2015_03791.jpg,60,140,72,171,12,31,2
2015_03791.jpg,250,145,267,184,17,39,2
2015_03791.jpg,94,279,141,373,47,94,2
2015_03792.jpg,64,75,191,322,127,247,6
2015_03792.jpg,190,60,321,290,131,230,6
2015_03793.jpg,8,213,116,373,108,160,6
2015_03793.jpg,363,157,415,197,52,40,10
2015_03793.jpg,272,135,293,174,21,39,10
2015_03793.jpg,291,138,315,179,24,41,10
2015_03794.jpg,52,120,202,341,150,221,10
2015_03794.jpg,52,237,193,446,141,209,6
2015_03795.jpg,62,120,368,482,306,362,6
2015_03795.jpg,76,157,364,491,288,334,10
2015_03796.jpg,154,221,356,482,202,261,6
2015_03797.jpg,39,273,129,412,90,139,10
2015_03797.jpg,28,322,125,486,97,164,6
2015_03797.jpg,165,289,259,428,94,139,10
2015_03797.jpg,149,376,221,487,72,111,6
2015_03798.jpg,312,57,454,290,142,233,6
2015_03798.jpg,106,97,173,213,67,116,6
2015_03798.jpg,218,229,240,253,22,24,7
2015_03798.jpg,143,160,225,277,82,117,5
2015_03798.jpg,209,9,382,298,173,289,10
2015_03799.jpg,51,199,129,372,78,173,6
2015_03799.jpg,341,160,487,326,146,166,6
2015_03799.jpg,128,188,191,352,63,164,6
2015_03799.jpg,193,185,280,346,87,161,6
2015_03800.jpg,286,5,408,214,122,209,6
2015_03800.jpg,10,9,332,370,322,361,8
2015_03801.jpg,122,144,143,200,21,56,2
2015_03801.jpg,142,126,163,185,21,59,2
2015_03801.jpg,228,139,411,371,183,232,6
2015_03801.jpg,161,147,180,180,19,33,7
2015_03802.jpg,220,88,267,153,47,65,6
2015_03803.jpg,144,22,449,336,305,314,6
2015_03804.jpg,185,101,579,370,394,269,6
2015_03805.jpg,120,211,184,298,64,87,6
2015_03805.jpg,197,216,269,307,72,91,6
2015_03805.jpg,155,212,232,299,77,87,11
2015_03806.jpg,174,298,294,373,120,75,6
2015_03807.jpg,256,48,489,316,233,268,6
2015_03808.jpg,68,54,387,455,319,401,10
2015_03808.jpg,152,321,307,591,155,270,6
2015_03809.jpg,98,364,125,426,27,62,10
2015_03809.jpg,181,385,218,429,37,44,6
2015_03809.jpg,241,387,297,447,56,60,6
2015_03809.jpg,67,349,96,425,29,76,10
2015_03810.jpg,324,22,442,237,118,215,6
2015_03811.jpg,160,241,315,492,155,251,6
2015_03811.jpg,110,114,285,496,175,382,10
2015_03812.jpg,274,165,466,326,192,161,6
2015_03812.jpg,186,40,433,284,247,244,10
2015_03813.jpg,142,380,425,511,283,131,11
2015_03813.jpg,336,374,519,634,183,260,6
2015_03814.jpg,80,522,645,776,565,254,11
2015_03814.jpg,147,237,436,614,289,377,10
2015_03814.jpg,329,579,595,788,266,209,6
2015_03815.jpg,522,195,921,541,399,346,6
2015_03815.jpg,247,190,443,482,196,292,6
2015_03816.jpg,277,214,345,264,68,50,6
2015_03817.jpg,10,189,180,332,170,143,6
2015_03817.jpg,169,139,228,207,59,68,6
2015_03818.jpg,109,234,150,304,41,70,10
2015_03818.jpg,162,233,205,307,43,74,10
2015_03818.jpg,143,215,177,268,34,53,10
2015_03818.jpg,86,327,249,442,163,115,6
2015_03819.jpg,192,251,310,410,118,159,6
2015_03819.jpg,99,161,261,415,162,254,10
2015_03820.jpg,168,303,192,336,24,33,6
2015_03820.jpg,27,276,152,462,125,186,10
2015_03820.jpg,12,346,100,461,88,115,6
2015_03820.jpg,122,397,176,425,54,28,5
2015_03820.jpg,148,302,171,338,23,36,6
2015_03821.jpg,39,85,314,447,275,362,6
2015_03822.jpg,370,189,435,272,65,83,6
2015_03822.jpg,292,183,389,273,97,90,11
2015_03822.jpg,292,196,349,281,57,85,6
2015_03823.jpg,62,301,178,439,116,138,6
2015_03824.jpg,282,188,496,331,214,143,6
2015_03825.jpg,83,224,125,260,42,36,6
2015_03825.jpg,258,241,344,299,86,58,6
2015_03825.jpg,175,233,229,278,54,45,6
2015_03826.jpg,167,115,317,304,150,189,11
2015_03826.jpg,300,78,463,300,163,222,6
2015_03826.jpg,40,104,189,300,149,196,6
2015_03827.jpg,129,150,180,199,51,49,6
2015_03827.jpg,22,220,208,490,186,270,6
2015_03828.jpg,298,156,379,266,81,110,6
2015_03829.jpg,219,86,553,417,334,331,6
2015_03830.jpg,280,215,382,330,102,115,6
2015_03831.jpg,301,217,455,314,154,97,6
2015_03831.jpg,355,209,482,274,127,65,6
2015_03832.jpg,211,60,380,369,169,309,6
2015_03832.jpg,344,31,409,243,65,212,10
2015_03832.jpg,125,5,306,339,181,334,10
2015_03833.jpg,60,186,194,330,134,144,6
2015_03834.jpg,421,232,545,376,124,144,6
2015_03834.jpg,344,232,441,371,97,139,6
2015_03835.jpg,168,189,278,347,110,158,6
2015_03835.jpg,322,94,393,318,71,224,10
2015_03836.jpg,188,71,435,420,247,349,6
2015_03837.jpg,216,229,285,345,69,116,6
2015_03838.jpg,60,184,135,290,75,106,6
2015_03838.jpg,260,171,317,259,57,88,6
2015_03838.jpg,318,173,375,258,57,85,6
2015_03838.jpg,148,185,218,291,70,106,6
2015_03838.jpg,210,187,288,292,78,105,6
2015_03839.jpg,44,65,422,560,378,495,10
2015_03839.jpg,10,234,406,624,396,390,6
2015_03840.jpg,525,267,627,398,102,131,11
2015_03840.jpg,622,280,690,385,68,105,6
2015_03840.jpg,195,297,319,467,124,170,10
2015_03840.jpg,491,268,547,375,56,107,6
2015_03840.jpg,310,294,408,436,98,142,0
2015_03841.jpg,99,119,211,316,112,197,10
2015_03841.jpg,59,203,167,333,108,130,6
2015_03842.jpg,109,462,305,634,196,172,6
2015_03843.jpg,25,245,127,369,102,124,6
2015_03843.jpg,214,233,246,274,32,41,6
2015_03844.jpg,363,75,628,420,265,345,6
2015_03845.jpg,331,231,443,340,112,109,6
2015_03846.jpg,167,195,515,370,348,175,6
2015_03846.jpg,123,163,168,285,45,122,10
2015_03847.jpg,12,197,220,385,208,188,11
2015_03847.jpg,300,120,459,364,159,244,6
2015_03848.jpg,146,142,217,298,71,156,10
2015_03848.jpg,44,146,134,312,90,166,10
2015_03848.jpg,260,156,323,251,63,95,11
2015_03848.jpg,366,179,472,318,106,139,6
2015_03848.jpg,102,194,185,295,83,101,11
2015_03848.jpg,311,200,436,334,125,134,6
2015_03848.jpg,308,145,349,209,41,64,6
2015_03848.jpg,180,157,240,271,60,114,6
2015_03849.jpg,434,351,490,410,56,59,6
2015_03849.jpg,483,369,573,452,90,83,6
2015_03850.jpg,80,187,164,222,84,35,11
2015_03850.jpg,332,297,456,337,124,40,11
2015_03850.jpg,38,183,119,234,81,51,6
2015_03850.jpg,281,234,344,287,63,53,6
2015_03850.jpg,237,241,318,295,81,54,6
2015_03850.jpg,36,231,161,327,125,96,6
2015_03850.jpg,154,235,253,316,99,81,6
2015_03851.jpg,97,174,330,567,233,393,6
2015_03852.jpg,149,363,335,458,186,95,6
2015_03853.jpg,212,98,279,273,67,175,10
2015_03853.jpg,267,100,320,282,53,182,10
2015_03853.jpg,352,157,407,237,55,80,6
2015_03853.jpg,54,117,93,190,39,73,10
2015_03853.jpg,21,132,67,222,46,90,10
2015_03853.jpg,65,21,204,295,139,274,10
2015_03854.jpg,111,489,268,595,157,106,6
2015_03855.jpg,116,293,401,627,285,334,6
2015_03856.jpg,107,249,339,471,232,222,6
2015_03857.jpg,281,142,615,521,334,379,6
2015_03857.jpg,30,204,297,532,267,328,8
2015_03858.jpg,281,196,418,300,137,104,6
2015_03858.jpg,282,168,379,282,97,114,10
2015_03858.jpg,76,199,205,319,129,120,6
2015_03858.jpg,169,259,304,313,135,54,11
2015_03858.jpg,223,210,297,271,74,61,11
2015_03859.jpg,63,378,269,483,206,105,6
2015_03860.jpg,343,244,392,316,49,72,6
2015_03860.jpg,285,230,407,303,122,73,11
2015_03860.jpg,393,198,447,300,54,102,10
2015_03860.jpg,407,235,462,307,55,72,6
2015_03861.jpg,65,224,214,425,149,201,6
2015_03861.jpg,206,222,571,423,365,201,11
2015_03862.jpg,10,254,203,504,193,250,6
2015_03862.jpg,82,277,291,553,209,276,6
2015_03863.jpg,77,122,284,423,207,301,6
2015_03863.jpg,286,225,540,422,254,197,11
2015_03863.jpg,333,283,370,372,37,89,2
2015_03864.jpg,74,73,590,376,516,303,6
2015_03865.jpg,79,189,189,322,110,133,6
2015_03866.jpg,384,128,521,335,137,207,6
2015_03866.jpg,4,147,146,387,142,240,6
2015_03867.JPG,32,286,583,451,551,165,11
2015_03867.JPG,175,301,351,469,176,168,6
2015_03868.JPG,133,258,356,327,223,69,11
2015_03868.JPG,369,250,415,287,46,37,6
2015_03868.JPG,13,318,137,457,124,139,6
2015_03868.JPG,491,261,552,316,61,55,6
2015_03868.JPG,258,274,625,400,367,126,11
2015_03868.JPG,33,259,126,358,93,99,6
2015_03868.JPG,415,251,459,295,44,44,6
2015_03869.jpg,278,171,342,319,64,148,10
2015_03869.jpg,329,178,356,261,27,83,10
2015_03869.jpg,354,180,391,264,37,84,10
2015_03869.jpg,382,177,406,229,24,52,10
2015_03869.jpg,397,181,428,261,31,80,10
2015_03869.jpg,413,267,493,384,80,117,6
2015_03869.jpg,501,265,581,396,80,131,6
2015_03869.jpg,459,267,620,383,161,116,11
2015_03869.jpg,433,174,481,265,48,91,10
2015_03869.jpg,194,166,241,360,47,194,10
2015_03870.jpg,40,75,269,421,229,346,6
2015_03871.jpg,180,340,256,445,76,105,6
2015_03872.jpg,1541,77,1596,327,55,250,2
2015_03872.jpg,19,31,792,862,773,831,6
2015_03872.jpg,868,321,1595,884,727,563,11
2015_03873.jpg,261,83,495,414,234,331,6
2015_03874.jpg,201,206,266,288,65,82,6
2015_03874.jpg,272,206,342,296,70,90,6
2015_03875.jpg,91,252,237,420,146,168,6
2015_03875.jpg,248,267,409,418,161,151,6
2015_03875.jpg,557,207,624,330,67,123,6
2015_03875.jpg,165,254,412,408,247,154,11
2015_03875.jpg,322,127,416,270,94,143,10
2015_03875.jpg,86,103,185,250,99,147,10
2015_03875.jpg,365,116,442,215,77,99,10
2015_03875.jpg,452,131,551,358,99,227,10
2015_03876.jpg,211,187,370,280,159,93,6
2015_03876.jpg,48,145,178,309,130,164,6
2015_03876.jpg,160,234,269,329,109,95,11
2015_03877.jpg,174,72,437,485,263,413,6
2015_03878.jpg,191,302,378,490,187,188,6
2015_03879.jpg,121,263,206,415,85,152,6
2015_03879.jpg,4,104,150,386,146,282,10
2015_03879.jpg,199,257,384,411,185,154,6
2015_03879.jpg,13,298,65,390,52,92,7
2015_03880.jpg,78,71,214,312,136,241,10
2015_03880.jpg,212,136,384,211,172,75,10
2015_03880.jpg,60,126,196,319,136,193,6
2015_03880.jpg,181,140,450,242,269,102,6
2015_03881.jpg,155,208,223,306,68,98,6
2015_03881.jpg,75,197,264,485,189,288,6
2015_03882.jpg,153,165,244,255,91,90,11
2015_03882.jpg,230,166,320,300,90,134,11
2015_03882.jpg,201,153,274,271,73,118,6
2015_03882.jpg,123,159,185,257,62,98,6
2015_03882.jpg,315,160,367,245,52,85,6
2015_03883.jpg,34,221,158,283,124,62,6
2015_03884.jpg,168,213,235,329,67,116,6
2015_03884.jpg,285,198,361,320,76,122,6
2015_03884.jpg,348,192,399,269,51,77,6
2015_03884.jpg,7,186,52,286,45,100,6
2015_03884.jpg,12,145,59,195,47,50,10
2015_03884.jpg,343,144,369,177,26,33,10
2015_03884.jpg,119,161,178,315,59,154,10
2015_03884.jpg,201,83,310,327,109,244,10
2015_03884.jpg,102,191,157,311,55,120,6
2015_03884.jpg,366,144,398,187,32,43,10
2015_03885.jpg,219,84,384,216,165,132,10
2015_03885.jpg,141,127,244,282,103,155,6
2015_03885.jpg,3,139,135,368,132,229,6
2015_03885.jpg,267,128,387,301,120,173,6
2015_03886.jpg,252,153,299,237,47,84,6
2015_03886.jpg,225,156,349,219,124,63,11
2015_03886.jpg,158,82,192,219,34,137,10
2015_03887.jpg,334,50,431,209,97,159,6
2015_03887.jpg,139,59,358,317,219,258,10
2015_03888.jpg,11,210,47,258,36,48,6
2015_03888.jpg,324,62,415,299,91,237,10
2015_03888.jpg,438,64,497,284,59,220,10
2015_03888.jpg,23,35,148,330,125,295,10
2015_03888.jpg,223,200,249,243,26,43,6
2015_03888.jpg,222,53,342,319,120,266,10
2015_03888.jpg,145,39,241,322,96,283,10
2015_03888.jpg,125,204,154,249,29,45,6
2015_03888.jpg,32,205,66,251,34,46,6
2015_03889.jpg,109,343,249,495,140,152,6
2015_03890.jpg,83,186,182,307,99,121,6
2015_03890.jpg,324,190,428,316,104,126,6
2015_03891.jpg,53,134,497,369,444,235,6
2015_03892.jpg,278,253,366,436,88,183,6
2015_03892.jpg,52,152,172,493,120,341,10
2015_03892.jpg,125,68,309,495,184,427,10
2015_03893.jpg,35,237,382,372,347,135,11
2015_03893.jpg,313,99,498,336,185,237,6
2015_03893.jpg,5,119,333,361,328,242,6
2015_03894.jpg,180,184,399,375,219,191,6
2015_03894.jpg,316,105,495,365,179,260,6
2015_03894.jpg,34,80,161,349,127,269,6
2015_03894.jpg,31,27,462,368,431,341,11
2015_03895.jpg,116,11,199,89,83,78,6
2015_03895.jpg,38,24,97,85,59,61,6
2015_03895.jpg,217,24,257,89,40,65,6
2015_03895.jpg,272,20,351,90,79,70,6
2015_03895.jpg,81,75,286,430,205,355,6
2015_03896.jpg,61,129,142,197,81,68,6
2015_03896.jpg,5,153,53,261,48,108,6
2015_03896.jpg,152,181,258,370,106,189,6
2015_03896.jpg,211,234,495,371,284,137,11
2015_03896.jpg,245,129,282,206,37,77,6
2015_03897.jpg,4,45,201,198,197,153,6
2015_03897.jpg,228,23,327,209,99,186,6
2015_03897.jpg,291,32,497,197,206,165,11
2015_03897.jpg,345,4,482,212,137,208,6
2015_03898.jpg,64,188,141,322,77,134,10
2015_03898.jpg,121,16,189,106,68,90,10
2015_03898.jpg,3,311,173,490,170,179,6
2015_03898.jpg,276,304,371,488,95,184,6
2015_03898.jpg,177,298,302,498,125,200,6
2015_03899.jpg,139,91,332,383,193,292,10
2015_03899.jpg,39,37,449,472,410,435,6
2015_03900.jpg,321,262,363,322,42,60,6
2015_03900.jpg,149,210,191,273,42,63,6
2015_03900.jpg,215,174,252,230,37,56,6
2015_03900.jpg,228,130,262,182,34,52,6
2015_03900.jpg,190,312,233,374,43,62,6
2015_03900.jpg,234,307,276,372,42,65,6
2015_03900.jpg,354,122,390,165,36,43,6
2015_03900.jpg,360,152,390,195,30,43,6
2015_03900.jpg,343,166,377,214,34,48,6
2015_03900.jpg,308,162,345,215,37,53,6
2015_03900.jpg,257,237,294,295,37,58,6
2015_03900.jpg,281,285,329,346,48,61,6
2015_03900.jpg,135,142,169,196,34,54,6
2015_03900.jpg,170,116,201,166,31,50,6
2015_03900.jpg,411,194,451,243,40,49,6
2015_03900.jpg,411,224,453,284,42,60,6
2015_03900.jpg,455,253,498,321,43,68,6
2015_03900.jpg,352,232,389,292,37,60,6
2015_03901.jpg,357,185,495,368,138,183,6
2015_03901.jpg,112,54,355,371,243,317,10
2015_03902.jpg,187,269,265,379,78,110,6
2015_03902.jpg,153,275,243,416,90,141,6
2015_03902.jpg,91,270,243,422,152,152,11
2015_03902.jpg,116,256,191,333,75,77,6
2015_03902.jpg,81,270,172,396,91,126,6
2015_03903.jpg,310,210,487,329,177,119,6
2015_03903.jpg,293,162,403,329,110,167,11
2015_03903.jpg,274,165,349,231,75,66,6
2015_03903.jpg,202,198,267,301,65,103,6
2015_03903.jpg,392,156,498,234,106,78,6
2015_03903.jpg,406,190,498,253,92,63,11
2015_03904.jpg,75,115,279,329,204,214,6
2015_03905.jpg,3,203,256,372,253,169,6
2015_03905.jpg,337,235,453,371,116,136,6
2015_03905.jpg,240,194,333,371,93,177,6
2015_03905.jpg,275,244,497,347,222,103,11
2015_03906.jpg,220,67,466,374,246,307,6
2015_03906.jpg,35,6,481,364,446,358,10
2015_03907.jpg,387,174,480,284,93,110,6
2015_03907.jpg,123,199,396,313,273,114,6
2015_03907.jpg,190,296,375,349,185,53,11
2015_03907.jpg,4,180,86,281,82,101,6
2015_03908.jpg,18,144,245,392,227,248,6
2015_03908.jpg,155,158,206,266,51,108,8
2015_03909.jpg,309,249,435,398,126,149,6
2015_03909.jpg,106,258,208,314,102,56,8
2015_03909.jpg,103,248,185,277,82,29,8
2015_03909.jpg,273,226,484,368,211,142,11
2015_03910.jpg,99,192,380,369,281,177,11
2015_03910.jpg,172,71,231,247,59,176,7
2015_03910.jpg,197,166,435,373,238,207,6
2015_03910.jpg,4,181,187,371,183,190,6
2015_03911.jpg,139,195,382,366,243,171,6
2015_03911.jpg,2,324,128,373,126,49,11
2015_03912.jpg,68,160,218,371,150,211,6
2015_03912.jpg,114,151,309,359,195,208,11
2015_03913.jpg,120,163,301,486,181,323,6
2015_03914.jpg,64,239,273,493,209,254,6
2015_03915.jpg,24,132,471,363,447,231,6
2015_03916.jpg,84,143,209,303,125,160,10
2015_03916.jpg,180,105,251,280,71,175,10
2015_03916.jpg,182,77,255,168,73,91,10
2015_03916.jpg,285,76,370,176,85,100,10
2015_03916.jpg,318,75,454,211,136,136,11
2015_03916.jpg,247,112,339,217,92,105,6
2015_03917.jpg,37,164,224,308,187,144,6
2015_03917.jpg,146,108,416,324,270,216,11
2015_03918.jpg,131,186,458,356,327,170,6
2015_03919.jpg,60,45,298,452,238,407,6
2015_03920.jpg,236,50,454,260,218,210,11
2015_03920.jpg,21,7,263,327,242,320,10
2015_03920.jpg,382,44,498,240,116,196,6
2015_03921.jpg,278,141,372,235,94,94,11
2015_03921.jpg,207,149,291,259,84,110,6
2015_03921.jpg,336,148,429,256,93,108,6
2015_03921.jpg,322,98,424,239,102,141,10
2015_03921.jpg,224,138,299,231,75,93,6
2015_03922.jpg,227,117,492,368,265,251,6
2015_03922.jpg,190,35,439,356,249,321,10
2015_03922.jpg,42,187,239,366,197,179,8
2015_03923.jpg,339,59,427,210,88,151,10
2015_03923.jpg,384,53,453,159,69,106,10
2015_03923.jpg,382,83,477,241,95,158,6
2015_03923.jpg,53,18,401,372,348,354,10
2015_03923.jpg,269,38,315,118,46,80,10
2015_03924.jpg,939,177,1080,260,141,83,4
2015_03924.jpg,244,87,731,710,487,623,6
2015_03924.jpg,516,173,629,283,113,110,4
2015_03924.jpg,667,180,798,241,131,61,4
2015_03925.jpg,91,235,161,344,70,109,6
2015_03925.jpg,95,125,297,494,202,369,10
2015_03925.jpg,14,224,88,347,74,123,6
2015_03926.jpg,20,98,137,290,117,192,6
2015_03926.jpg,102,101,467,373,365,272,10
2015_03927.jpg,284,127,300,165,16,38,2
2015_03927.jpg,303,125,322,167,19,42,2
2015_03927.jpg,316,119,340,165,24,46,2
2015_03927.jpg,114,95,289,287,175,192,10
2015_03927.jpg,56,293,261,493,205,200,6
2015_03927.jpg,109,208,289,331,180,123,2
2015_03928.jpg,457,363,507,431,50,68,10
2015_03928.jpg,494,373,555,438,61,65,10
2015_03928.jpg,376,404,677,572,301,168,6
2015_03928.jpg,549,373,624,439,75,66,10
2015_03929.jpg,141,187,543,435,402,248,11
2015_03929.jpg,245,230,277,263,32,33,7
2015_03929.jpg,102,227,304,461,202,234,6
2015_03930.jpg,46,98,169,357,123,259,10
2015_03930.jpg,147,202,193,280,46,78,6
2015_03930.jpg,282,191,362,294,80,103,6
2015_03930.jpg,443,193,551,315,108,122,6
2015_03930.jpg,418,196,495,297,77,101,6
2015_03931.jpg,7,9,821,752,814,743,6
2015_03932.jpg,396,31,633,471,237,440,6
2015_03932.jpg,33,48,279,388,246,340,6
2015_03932.jpg,229,95,380,313,151,218,6
2015_03933.jpg,603,274,1014,657,411,383,6
2015_03933.jpg,104,313,420,642,316,329,6
2015_03934.JPG,75,133,233,319,158,186,6
2015_03934.JPG,413,137,568,314,155,177,6
2015_03934.JPG,187,149,235,211,48,62,6
2015_03934.JPG,211,129,406,318,195,189,6
2015_03935.jpg,331,285,426,456,95,171,6
2015_03935.jpg,145,223,222,321,77,98,10
2015_03936.jpg,217,34,427,468,210,434,10
2015_03936.jpg,327,24,446,194,119,170,6
2015_03937.jpg,409,67,695,466,286,399,6
2015_03938.jpg,199,293,318,409,119,116,11
2015_03938.jpg,190,258,212,284,22,26,10
2015_03938.jpg,525,273,552,327,27,54,7
2015_03938.jpg,457,286,566,312,109,26,11
2015_03938.jpg,198,284,273,402,75,118,7
2015_03938.jpg,572,274,597,334,25,60,7
2015_03938.jpg,266,304,460,476,194,172,6
2015_03938.jpg,395,310,636,450,241,140,11
2015_03938.jpg,463,237,487,290,24,53,10
2015_03938.jpg,489,237,514,290,25,53,10
2015_03938.jpg,296,240,321,300,25,60,10
2015_03938.jpg,271,237,298,290,27,53,10
2015_03939.jpg,113,365,275,577,162,212,6
2015_03939.jpg,261,404,401,603,140,199,11
2015_03940.jpg,10,227,233,349,223,122,6
2015_03940.jpg,107,207,339,577,232,370,6
2015_03941.jpg,312,36,902,631,590,595,6
2015_03942.jpg,480,365,534,477,54,112,6
2015_03942.jpg,443,413,511,534,68,121,6
2015_03942.jpg,363,371,489,502,126,131,11
2015_03942.jpg,313,401,400,515,87,114,6
2015_03942.jpg,307,365,372,453,65,88,6
2015_03943.jpg,712,386,1003,652,291,266,6
2015_03943.jpg,467,384,706,631,239,247,6
2015_03943.jpg,203,386,467,642,264,256,6
2015_03944.jpg,229,145,373,373,144,228,6
2015_03944.jpg,331,49,420,181,89,132,6
2015_03944.jpg,355,64,467,228,112,164,6
2015_03944.jpg,149,89,350,420,201,331,10
2015_03945.jpg,56,319,265,559,209,240,6
2015_03946.jpg,179,158,280,281,101,123,6
2015_03946.jpg,253,163,356,260,103,97,11
2015_03947.jpg,258,229,507,473,249,244,6
2015_03947.jpg,119,244,465,404,346,160,11
2015_03948.jpg,51,533,624,909,573,376,6
2015_03948.jpg,7,452,132,505,125,53,4
2015_03949.jpg,103,205,270,455,167,250,6
2015_03950.jpg,431,150,631,457,200,307,6
2015_03950.jpg,93,262,238,489,145,227,6
2015_03950.jpg,214,256,335,474,121,218,6
2015_03951.jpg,115,138,278,323,163,185,6
2015_03952.jpg,241,159,457,341,216,182,3
2015_03952.jpg,212,257,454,459,242,202,6
2015_03953.jpg,302,15,561,406,259,391,6
2015_03954.jpg,254,205,343,336,89,131,6
2015_03955.jpg,170,428,390,728,220,300,6
2015_03955.jpg,24,367,228,766,204,399,6
2015_03955.jpg,153,359,387,511,234,152,11
2015_03955.jpg,429,224,545,407,116,183,6
2015_03955.jpg,324,477,548,849,224,372,6
2015_03955.jpg,423,605,676,894,253,289,11
2015_03956.jpg,266,296,359,367,93,71,6
2015_03957.jpg,25,117,597,385,572,268,6
2015_03958.jpg,420,387,817,919,397,532,6
2015_03959.jpg,234,307,304,412,70,105,6
2015_03959.jpg,210,272,249,361,39,89,10
2015_03960.jpg,227,291,562,705,335,414,6
2015_03961.jpg,259,346,403,614,144,268,6
2015_03961.jpg,43,358,185,614,142,256,6
2015_03961.jpg,152,392,279,569,127,177,11
2015_03962.jpg,148,249,335,455,187,206,6
2015_03963.jpg,161,257,334,444,173,187,6
2015_03963.jpg,17,231,318,382,301,151,10
2015_03964.jpg,19,644,334,928,315,284,6
2015_03965.jpg,373,172,607,466,234,294,6
2015_03965.jpg,74,113,197,310,123,197,6
2015_03966.jpg,385,346,520,472,135,126,6
2015_03966.jpg,300,305,409,441,109,136,6
2015_03966.jpg,508,324,628,476,120,152,6
2015_03966.jpg,369,303,471,438,102,135,6
2015_03967.jpg,63,220,175,363,112,143,6
2015_03967.jpg,300,182,474,263,174,81,11
2015_03967.jpg,284,147,311,196,27,49,6
2015_03967.jpg,301,192,365,325,64,133,6
2015_03967.jpg,332,160,454,191,122,31,11
2015_03967.jpg,359,220,469,375,110,155,6
2015_03968.jpg,492,135,847,514,355,379,6
2015_03969.jpg,291,459,569,735,278,276,6
2015_03970.jpg,173,200,311,466,138,266,6
2015_03971.jpg,51,55,420,574,369,519,6
2015_03972.jpg,15,64,603,760,588,696,6
2015_03973.jpg,133,177,216,302,83,125,6
2015_03973.jpg,410,190,492,278,82,88,6
2015_03974.jpg,158,349,475,925,317,576,6
2015_03974.jpg,805,285,1014,884,209,599,6
2015_03974.jpg,488,214,809,878,321,664,6
2015_03975.jpg,337,53,472,325,135,272,6
2015_03976.jpg,413,650,606,961,193,311,6
2015_03977.jpg,437,81,637,419,200,338,6
2015_03978.jpg,263,490,519,1015,256,525,6
2015_03978.jpg,21,481,254,1014,233,533,6
2015_03979.jpg,159,423,314,612,155,189,6
2015_03980.jpg,219,478,391,683,172,205,6
2015_03981.jpg,110,242,392,425,282,183,11
2015_03981.jpg,180,201,332,450,152,249,6
2015_03982.jpg,199,147,279,356,80,209,10
2015_03982.jpg,6,249,92,353,86,104,6
2015_03983.jpg,146,194,285,243,139,49,11
2015_03983.jpg,7,262,483,425,476,163,11
2015_03983.jpg,277,295,345,380,68,85,7
2015_03983.jpg,378,201,621,420,243,219,6
2015_03984.jpg,211,53,583,427,372,374,6
2015_03984.jpg,101,273,247,422,146,149,11
2015_03985.jpg,358,135,494,269,136,134,6
2015_03986.jpg,136,36,628,402,492,366,6
2015_03987.jpg,635,460,673,551,38,91,7
2015_03987.jpg,469,297,567,363,98,66,4
2015_03987.jpg,602,472,633,558,31,86,7
2015_03987.jpg,606,410,639,542,33,132,2
2015_03987.jpg,730,468,764,553,34,85,7
2015_03987.jpg,668,426,709,544,41,118,2
2015_03987.jpg,539,480,573,557,34,77,7
2015_03987.jpg,703,459,735,537,32,78,7
2015_03987.jpg,571,407,613,558,42,151,2
2015_03987.jpg,517,518,786,814,269,296,11
2015_03987.jpg,311,304,472,413,161,109,4
2015_03987.jpg,62,345,203,523,141,178,0
2015_03987.jpg,163,496,423,861,260,365,6
2015_03988.jpg,53,208,248,576,195,368,6
2015_03988.jpg,155,307,496,585,341,278,11
2015_03989.jpg,322,228,425,372,103,144,6
2015_03989.jpg,186,220,344,417,158,197,6
2015_03989.jpg,462,120,502,159,40,39,6
2015_03989.jpg,329,133,361,171,32,38,6
2015_03989.jpg,177,224,230,268,53,44,6
2015_03990.jpg,245,227,518,480,273,253,6
2015_03991.jpg,108,185,144,225,36,40,7
2015_03991.jpg,297,186,408,307,111,121,6
2015_03991.jpg,42,269,402,474,360,205,11
2015_03991.jpg,84,132,229,215,145,83,11
2015_03991.jpg,411,79,509,228,98,149,6
2015_03991.jpg,201,124,219,150,18,26,7
2015_03991.jpg,41,201,291,292,250,91,11
2015_03992.jpg,499,278,837,559,338,281,6
2015_03993.jpg,149,214,401,617,252,403,6
2015_03994.jpg,76,1110,1889,1980,1813,870,6
2015_03995.jpg,615,388,778,558,163,170,6
2015_03996.jpg,525,361,606,466,81,105,6
2015_03996.jpg,462,398,517,466,55,68,11
2015_03996.jpg,371,356,445,467,74,111,6
2015_03997.jpg,107,196,207,331,100,135,6
2015_03997.jpg,216,155,241,178,25,23,10
2015_03997.jpg,237,151,263,181,26,30,10
2015_03997.jpg,265,157,294,204,29,47,10
2015_03997.jpg,282,149,334,199,52,50,10
2015_03997.jpg,2,202,126,268,124,66,11
2015_03997.jpg,213,171,260,286,47,115,6
2015_03997.jpg,373,196,487,328,114,132,6
2015_03997.jpg,272,183,337,321,65,138,6
2015_03997.jpg,204,152,225,178,21,26,10
2015_03997.jpg,381,153,411,182,30,29,10
2015_03997.jpg,402,160,441,207,39,47,10
2015_03997.jpg,424,165,457,207,33,42,10
2015_03997.jpg,346,141,371,169,25,28,10
2015_03997.jpg,310,151,340,186,30,35,10
2015_03997.jpg,129,145,171,186,42,41,10
2015_03997.jpg,333,157,382,199,49,42,10
2015_03997.jpg,100,156,132,186,32,30,10
2015_03997.jpg,4,126,59,193,55,67,10
2015_03997.jpg,173,172,237,208,64,36,11
2015_03997.jpg,309,189,417,326,108,137,11
2015_03998.jpg,370,277,482,402,112,125,6
2015_03998.jpg,486,279,623,427,137,148,6
2015_03998.jpg,266,288,451,423,185,135,6
2015_03998.jpg,5,288,92,429,87,141,6
2015_03998.jpg,99,272,182,429,83,157,6
2015_03998.jpg,42,265,132,407,90,142,6
2015_03998.jpg,144,277,258,427,114,150,6
2015_03999.jpg,78,208,194,496,116,288,10
2015_03999.jpg,161,319,338,489,177,170,6
2015_04000.jpg,100,250,305,402,205,152,6
2015_04001.jpg,4,520,82,593,78,73,11
2015_04001.jpg,211,340,253,418,42,78,10
2015_04001.jpg,179,392,225,515,46,123,6
2015_04001.jpg,11,470,128,519,117,49,11
2015_04001.jpg,100,459,180,630,80,171,6
2015_04001.jpg,73,349,202,599,129,250,10
2015_04001.jpg,284,293,313,359,29,66,10
2015_04001.jpg,299,317,333,358,34,41,10
2015_04001.jpg,87,293,206,364,119,71,4
2015_04001.jpg,225,369,265,447,40,78,6
2015_04001.jpg,319,353,378,441,59,88,6
2015_04001.jpg,150,344,205,393,55,49,10
2015_04001.jpg,345,377,417,504,72,127,6
2015_04001.jpg,56,507,139,635,83,128,6
2015_04001.jpg,251,297,273,341,22,44,10
2015_04002.jpg,513,262,736,491,223,229,6
2015_04003.jpg,346,247,381,322,35,75,6
2015_04003.jpg,290,259,352,344,62,85,6
2015_04003.jpg,113,273,233,420,120,147,6
2015_04003.jpg,207,274,267,417,60,143,6
2015_04003.jpg,16,265,217,347,201,82,11
2015_04004.jpg,134,219,256,287,122,68,6
2015_04004.jpg,445,219,506,282,61,63,6
2015_04004.jpg,257,217,385,286,128,69,6
2015_04005.jpg,7,217,111,416,104,199,6
2015_04005.jpg,159,225,311,449,152,224,6
2015_04005.jpg,34,119,312,347,278,228,10
2015_04006.jpg,8,124,330,597,322,473,6
2015_04007.jpg,394,25,815,664,421,639,6
2015_04008.jpg,348,270,662,585,314,315,6
2015_04009.jpg,486,327,996,579,510,252,11
2015_04009.jpg,675,189,743,363,68,174,2
2015_04009.jpg,583,198,636,365,53,167,2
2015_04009.jpg,549,244,605,461,56,217,2
2015_04009.jpg,648,258,733,540,85,282,2
2015_04009.jpg,718,302,796,466,78,164,7
2015_04009.jpg,580,344,650,554,70,210,7
2015_04009.jpg,122,275,430,580,308,305,6
2015_04009.jpg,525,225,569,444,44,219,2
2015_04009.jpg,781,353,868,553,87,200,7
2015_04010.jpg,56,433,686,952,630,519,11
2015_04010.jpg,123,489,542,993,419,504,6
2015_04011.jpg,278,200,406,390,128,190,6
2015_04011.jpg,553,227,635,338,82,111,6
2015_04011.jpg,495,223,562,311,67,88,6
2015_04011.jpg,385,201,466,361,81,160,6
2015_04011.jpg,6,203,129,413,123,210,6
2015_04011.jpg,216,207,285,357,69,150,6
2015_04011.jpg,108,212,189,324,81,112,6
2015_04012.jpg,715,76,1084,671,369,595,6
2015_04013.jpg,292,237,363,334,71,97,6
2015_04013.jpg,151,255,255,335,104,80,11
2015_04013.jpg,64,249,172,338,108,89,6
2015_04013.jpg,192,257,311,337,119,80,6
2015_04014.jpg,200,316,320,463,120,147,6
2015_04014.jpg,127,269,303,428,176,159,11
2015_04015.jpg,282,163,370,328,88,165,11
2015_04015.jpg,235,127,306,217,71,90,10
2015_04015.jpg,167,143,311,333,144,190,6
2015_04015.jpg,192,84,270,224,78,140,10
2015_04016.jpg,226,304,516,649,290,345,6
2015_04017.jpg,22,223,254,439,232,216,6
2015_04018.jpg,86,135,230,356,144,221,6
2015_04018.jpg,380,157,520,358,140,201,6
2015_04018.jpg,239,166,398,379,159,213,11
2015_04019.jpg,45,164,127,297,82,133,6
2015_04019.jpg,189,192,230,230,41,38,10
2015_04019.jpg,184,174,231,259,47,85,6
2015_04019.jpg,119,152,163,268,44,116,10
2015_04019.jpg,90,180,153,287,63,107,10
2015_04020.jpg,39,356,179,457,140,101,6
2015_04021.jpg,333,181,379,228,46,47,6
2015_04021.jpg,274,172,311,199,37,27,6
2015_04021.jpg,54,206,252,319,198,113,6
2015_04022.jpg,195,644,395,919,200,275,6
2015_04023.jpg,157,200,344,348,187,148,11
2015_04023.jpg,213,158,297,217,84,59,6
2015_04023.jpg,322,211,404,338,82,127,6
2015_04023.jpg,86,269,178,379,92,110,6
2015_04023.jpg,219,301,318,412,99,111,6
2015_04024.jpg,497,269,689,437,192,168,6
2015_04024.jpg,139,281,328,431,189,150,6
2015_04025.jpg,303,167,319,190,16,23,6
2015_04025.jpg,340,157,353,185,13,28,10
2015_04025.jpg,286,166,302,191,16,25,6
2015_04025.jpg,316,192,401,313,85,121,6
2015_04025.jpg,240,189,314,304,74,115,6
2015_04026.jpg,57,158,304,548,247,390,10
2015_04026.jpg,5,233,288,543,283,310,6
2015_04027.jpg,8,112,345,421,337,309,6
2015_04028.jpg,60,144,409,421,349,277,6
2015_04028.jpg,373,105,505,137,132,32,4
2015_04028.jpg,526,113,636,160,110,47,4
2015_04029.jpg,49,232,197,488,148,256,6
2015_04029.jpg,337,227,523,509,186,282,6
2015_04029.jpg,144,236,335,510,191,274,6
2015_04029.jpg,15,238,358,512,343,274,11
2015_04030.jpg,211,202,257,252,46,50,6
2015_04030.jpg,260,202,297,251,37,49,6
2015_04031.jpg,55,111,252,443,197,332,6
2015_04031.jpg,265,185,300,219,35,34,7
2015_04031.jpg,420,169,451,236,31,67,7
2015_04031.jpg,170,184,495,473,325,289,11
2015_04031.jpg,416,128,635,468,219,340,6
2015_04032.jpg,26,42,324,356,298,314,6
2015_04033.jpg,263,413,471,558,208,145,6
2015_04033.jpg,447,408,716,581,269,173,6
2015_04034.jpg,242,269,509,598,267,329,6
2015_04035.jpg,324,232,408,280,84,48,6
2015_04036.jpg,144,37,296,301,152,264,6
2015_04037.jpg,109,231,266,463,157,232,10
2015_04037.jpg,45,293,233,489,188,196,6
2015_04038.jpg,177,194,506,821,329,627,6
2015_04039.jpg,461,210,773,531,312,321,6
2015_04040.jpg,93,177,219,373,126,196,6
2015_04041.jpg,451,300,585,417,134,117,6
2015_04041.jpg,331,228,391,295,60,67,6
2015_04041.jpg,389,276,566,304,177,28,11
2015_04041.jpg,132,180,181,245,49,65,10
2015_04041.jpg,107,230,212,273,105,43,6
2015_04041.jpg,552,297,635,371,83,74,6
2015_04041.jpg,296,234,327,292,31,58,11
2015_04041.jpg,378,290,472,373,94,83,6
2015_04041.jpg,424,252,498,292,74,40,6
2015_04041.jpg,234,231,294,283,60,52,6
2015_04041.jpg,356,257,427,332,71,75,6
2015_04042.jpg,193,192,369,467,176,275,6
2015_04042.jpg,204,125,246,209,42,84,2
2015_04042.jpg,271,171,432,418,161,247,6
2015_04042.jpg,123,173,328,414,205,241,11
2015_04043.jpg,233,93,293,189,60,96,10
2015_04043.jpg,347,178,435,373,88,195,6
2015_04043.jpg,238,188,353,387,115,199,6
2015_04043.jpg,117,204,258,388,141,184,6
2015_04043.jpg,523,114,589,208,66,94,10
2015_04043.jpg,455,110,532,321,77,211,10
2015_04043.jpg,212,110,240,146,28,36,10
2015_04043.jpg,83,116,97,151,14,35,2
2015_04043.jpg,457,186,559,369,102,183,6
2015_04043.jpg,91,107,106,144,15,37,2
2015_04043.jpg,64,129,78,158,14,29,2
2015_04043.jpg,50,128,62,161,12,33,2
2015_04043.jpg,35,125,52,162,17,37,2
2015_04043.jpg,20,104,33,146,13,42,2
2015_04043.jpg,6,113,22,147,16,34,2
2015_04043.jpg,323,152,344,194,21,42,7
2015_04043.jpg,447,127,466,171,19,44,2
2015_04043.jpg,58,106,87,133,29,27,2
2015_04043.jpg,357,133,381,189,24,56,2
2015_04043.jpg,436,128,453,169,17,41,2
2015_04044.jpg,242,272,353,400,111,128,6
2015_04045.jpg,150,236,328,422,178,186,6
2015_04045.jpg,365,307,410,348,45,41,7
2015_04045.jpg,34,242,59,291,25,49,10
2015_04045.jpg,308,200,636,408,328,208,10
2015_04045.jpg,10,242,37,289,27,47,10
2015_04046.jpg,619,375,723,546,104,171,10
2015_04046.jpg,545,430,844,548,299,118,6
2015_04047.jpg,143,64,578,420,435,356,6
2015_04048.jpg,257,295,400,487,143,192,6
2015_04048.jpg,79,278,175,439,96,161,6
2015_04049.jpg,375,147,611,424,236,277,6
2015_04049.jpg,323,358,358,413,35,55,7
2015_04050.jpg,74,260,244,505,170,245,6
2015_04050.jpg,118,201,321,492,203,291,6
2015_04051.jpg,386,194,437,279,51,85,6
2015_04051.jpg,135,197,180,248,45,51,6
2015_04051.jpg,61,232,369,336,308,104,11
2015_04051.jpg,432,197,500,301,68,104,6
2015_04052.jpg,415,349,540,582,125,233,6
2015_04053.jpg,160,104,187,136,27,32,7
2015_04053.jpg,188,77,336,291,148,214,6
2015_04054.jpg,380,279,493,424,113,145,6
2015_04055.jpg,440,695,618,907,178,212,11
2015_04055.jpg,295,621,526,1003,231,382,6
2015_04056.jpg,45,261,363,535,318,274,10
2015_04056.jpg,206,228,313,397,107,169,6
2015_04057.jpg,112,270,273,338,161,68,6
2015_04058.jpg,320,153,475,387,155,234,6
2015_04058.jpg,154,176,411,405,257,229,11
2015_04058.jpg,273,151,375,349,102,198,6
2015_04058.jpg,86,160,256,386,170,226,6
2015_04059.jpg,995,360,1343,673,348,313,6
2015_04060.jpg,7,736,384,1056,377,320,6
2015_04060.jpg,1229,472,1369,669,140,197,6
2015_04060.jpg,956,636,1255,1053,299,417,6
2015_04060.jpg,1063,494,1221,696,158,202,6
2015_04060.jpg,775,466,873,626,98,160,6
2015_04060.jpg,954,417,1014,498,60,81,6
2015_04060.jpg,894,574,1059,824,165,250,6
2015_04060.jpg,1005,477,1129,650,124,173,6
2015_04061.jpg,101,96,384,308,283,212,6
2015_04061.jpg,385,103,676,356,291,253,6
2015_04061.jpg,83,290,565,510,482,220,11
2015_04062.jpg,1426,433,1569,755,143,322,10
2015_04062.jpg,1100,587,1266,751,166,164,6
2015_04063.jpg,6,225,246,350,240,125,11
2015_04063.jpg,76,241,260,480,184,239,6
2015_04063.jpg,235,223,315,398,80,175,6
2015_04064.jpg,32,143,149,263,117,120,6
2015_04064.jpg,165,192,286,318,121,126,11
2015_04064.jpg,296,148,448,311,152,163,6
2015_04065.jpg,200,416,430,786,230,370,6
2015_04066.jpg,45,359,971,1034,926,675,6
2015_04067.jpg,150,284,257,342,107,58,6
2015_04068.jpg,336,343,457,497,121,154,6
2015_04068.jpg,193,355,306,496,113,141,6
2015_04069.jpg,24,151,166,326,142,175,6
2015_04070.jpg,117,289,252,462,135,173,6
2015_04071.jpg,82,22,328,235,246,213,6
2015_04072.jpg,67,319,300,630,233,311,6
2015_04073.jpg,88,286,334,493,246,207,6
2015_04073.jpg,208,219,433,488,225,269,10
2015_04074.jpg,161,331,257,456,96,125,6
2015_04075.jpg,159,9,481,477,322,468,6
2015_04076.jpg,13,183,379,391,366,208,11
2015_04076.jpg,392,83,632,415,240,332,6
2015_04076.jpg,230,116,281,235,51,119,2
2015_04077.jpg,301,38,499,245,198,207,10
2015_04077.jpg,129,243,693,482,564,239,6
2015_04078.jpg,233,196,279,242,46,46,10
2015_04078.jpg,321,256,437,311,116,55,6
2015_04079.jpg,183,177,224,237,41,60,10
2015_04079.jpg,250,184,299,228,49,44,10
2015_04079.jpg,106,252,203,403,97,151,6
2015_04079.jpg,265,328,417,473,152,145,6
2015_04079.jpg,442,310,590,436,148,126,6
2015_04079.jpg,282,178,317,221,35,43,10
2015_04079.jpg,424,358,627,474,203,116,6
2015_04079.jpg,384,182,428,256,44,74,10
2015_04079.jpg,217,181,259,234,42,53,10
2015_04079.jpg,21,233,91,352,70,119,6
2015_04079.jpg,323,331,525,466,202,135,11
2015_04080.jpg,56,319,336,622,280,303,6
2015_04081.jpg,298,338,470,668,172,330,6
2015_04081.jpg,455,370,549,445,94,75,6
2015_04081.jpg,526,360,634,432,108,72,6
2015_04081.jpg,666,322,698,378,32,56,2
2015_04081.jpg,9,384,285,627,276,243,11
2015_04082.jpg,128,69,295,323,167,254,10
2015_04082.jpg,101,147,211,325,110,178,6
2015_04082.jpg,204,149,407,325,203,176,11
2015_04083.jpg,192,207,245,282,53,75,6
2015_04083.jpg,254,202,298,273,44,71,6
2015_04084.jpg,311,322,397,444,86,122,6
2015_04085.jpg,272,88,524,363,252,275,10
2015_04085.jpg,406,156,538,361,132,205,6
2015_04086.jpg,331,411,435,630,104,219,6
2015_04087.jpg,267,215,298,263,31,48,7
2015_04087.jpg,303,213,331,265,28,52,7
2015_04087.jpg,218,247,459,413,241,166,11
2015_04087.jpg,326,131,473,417,147,286,10
2015_04087.jpg,157,251,317,423,160,172,6
2015_04088.jpg,7,138,325,478,318,340,6
2015_04088.jpg,205,148,634,465,429,317,11
2015_04089.jpg,176,176,285,260,109,84,6
2015_04089.jpg,451,170,637,347,186,177,6
2015_04089.jpg,292,207,390,302,98,95,11
2015_04089.jpg,350,276,562,420,212,144,6
2015_04089.jpg,-2,294,199,417,201,123,6
2015_04089.jpg,53,199,192,315,139,116,6
2015_04090.jpg,209,181,257,284,48,103,6
2015_04090.jpg,400,81,478,289,78,208,10
2015_04090.jpg,235,226,347,318,112,92,11
2015_04090.jpg,326,152,412,286,86,134,6
2015_04090.jpg,250,84,322,241,72,157,10
2015_04090.jpg,113,79,188,303,75,224,10
2015_04090.jpg,23,72,163,329,140,257,10
2015_04090.jpg,255,230,273,255,18,25,7
2015_04091.jpg,6,228,335,420,329,192,6
2015_04091.jpg,463,235,527,329,64,94,6
2015_04091.jpg,173,321,409,424,236,103,11
2015_04092.jpg,12,172,169,435,157,263,6
2015_04092.jpg,522,226,637,439,115,213,11
2015_04093.jpg,110,242,239,423,129,181,6
2015_04093.jpg,218,195,398,377,180,182,6
2015_04094.jpg,446,295,520,413,74,118,6
2015_04094.jpg,559,275,639,337,80,62,11
2015_04094.jpg,312,283,460,341,148,58,11
2015_04094.jpg,500,285,572,371,72,86,6
2015_04094.jpg,360,316,460,424,100,108,6
2015_04094.jpg,288,297,374,433,86,136,6
2015_04094.jpg,531,336,636,442,105,106,11
2015_04095.jpg,409,220,465,314,56,94,6
2015_04095.jpg,579,194,637,281,58,87,10
2015_04095.jpg,204,220,259,317,55,97,6
2015_04095.jpg,563,199,597,266,34,67,10
2015_04095.jpg,183,197,233,321,50,124,10
2015_04095.jpg,8,278,126,419,118,141,6
2015_04095.jpg,457,199,532,301,75,102,10
2015_04095.jpg,122,248,187,379,65,131,6
2015_04095.jpg,3,268,120,324,117,56,11
2015_04095.jpg,370,204,422,285,52,81,6
2015_04095.jpg,33,221,97,272,64,51,6
2015_04095.jpg,539,256,558,283,19,27,7
2015_04095.jpg,105,231,210,268,105,37,11
2015_04095.jpg,148,192,193,235,45,43,10
2015_04096.jpg,112,29,308,475,196,446,10
2015_04096.jpg,287,146,422,476,135,330,10
2015_04096.jpg,457,298,600,474,143,176,6
2015_04097.jpg,5,120,141,284,136,164,6
2015_04097.jpg,167,91,322,342,155,251,10
2015_04097.jpg,170,115,317,275,147,160,6
2015_04097.jpg,331,152,495,364,164,212,6
2015_04097.jpg,1,109,143,336,142,227,10
2015_04097.jpg,259,48,279,89,20,41,2
2015_04097.jpg,170,6,219,76,49,70,10
2015_04097.jpg,92,35,154,136,62,101,6
2015_04097.jpg,271,133,485,366,214,233,10
2015_04097.jpg,129,75,203,175,74,100,6
2015_04097.jpg,307,90,392,196,85,106,6
2015_04098.jpg,253,25,636,472,383,447,10
2015_04098.jpg,5,293,102,479,97,186,7
2015_04098.jpg,147,214,244,381,97,167,6
2015_04098.jpg,256,211,383,381,127,170,6
2015_04099.jpg,4,211,319,473,315,262,6
2015_04099.jpg,308,216,377,318,69,102,6
2015_04099.jpg,514,231,582,307,68,76,6
2015_04100.jpg,17,267,188,422,171,155,6
2015_04100.jpg,88,230,309,421,221,191,11
2015_04100.jpg,367,296,471,418,104,122,11
2015_04100.jpg,434,215,635,426,201,211,6
2015_04101.jpg,146,62,390,385,244,323,10
2015_04101.jpg,326,105,518,342,192,237,6
2015_04102.jpg,248,2,316,101,68,99,10
2015_04102.jpg,370,34,480,140,110,106,6
2015_04102.jpg,169,78,621,353,452,275,11
2015_04102.jpg,298,3,367,162,69,159,6
2015_04102.jpg,406,218,463,279,57,61,7
2015_04102.jpg,2,83,233,353,231,270,11
2015_04103.jpg,146,98,543,420,397,322,6
2015_04104.jpg,78,249,207,479,129,230,6
2015_04105.jpg,191,95,487,474,296,379,10
2015_04105.jpg,329,6,491,286,162,280,10
2015_04105.jpg,550,13,608,102,58,89,10
2015_04105.jpg,81,2,279,265,198,263,10
2015_04105.jpg,51,14,259,371,208,357,6
2015_04105.jpg,497,32,567,144,70,112,10
2015_04106.jpg,7,174,286,411,279,237,11
2015_04106.jpg,193,191,334,402,141,211,6
2015_04107.jpg,162,333,239,471,77,138,6
2015_04107.jpg,233,166,412,477,179,311,10
2015_04108.jpg,54,321,302,472,248,151,11
2015_04108.jpg,244,192,639,467,395,275,6
2015_04108.jpg,10,178,90,279,80,101,6
2015_04109.jpg,88,188,260,400,172,212,6
2015_04109.jpg,378,186,601,392,223,206,6
2015_04110.jpg,382,243,492,331,110,88,6
2015_04110.jpg,172,22,322,331,150,309,10
2015_04110.jpg,326,244,379,333,53,89,6
2015_04110.jpg,2,236,68,330,66,94,6
2015_04111.jpg,150,307,261,421,111,114,11
2015_04111.jpg,259,242,450,419,191,177,6
2015_04111.jpg,67,262,221,402,154,140,6
2015_04112.jpg,62,274,423,443,361,169,11
2015_04112.jpg,5,266,325,636,320,370,6
2015_04113.jpg,125,178,384,226,259,48,11
2015_04113.jpg,335,150,419,280,84,130,10
2015_04113.jpg,223,162,332,276,109,114,10
2015_04113.jpg,353,205,426,299,73,94,6
2015_04113.jpg,251,192,329,277,78,85,6
2015_04114.jpg,174,286,303,476,129,190,6
2015_04114.jpg,158,273,349,339,191,66,11
2015_04115.jpg,335,199,362,241,27,42,10
2015_04115.jpg,123,210,175,287,52,77,10
2015_04115.jpg,132,209,151,244,19,35,10
2015_04115.jpg,71,183,106,287,35,104,10
2015_04115.jpg,572,239,612,295,40,56,6
2015_04115.jpg,586,241,638,299,52,58,6
2015_04115.jpg,500,239,549,296,49,57,6
2015_04115.jpg,479,241,515,290,36,49,6
2015_04115.jpg,398,239,455,297,57,58,6
2015_04115.jpg,334,239,393,295,59,56,6
2015_04115.jpg,266,244,321,302,55,58,6
2015_04115.jpg,127,240,178,296,51,56,6
2015_04115.jpg,252,198,279,238,27,40,10
2015_04115.jpg,183,242,240,286,57,44,6
2015_04116.jpg,147,166,631,446,484,280,6
2015_04116.jpg,303,283,539,479,236,196,6
2015_04116.jpg,254,27,406,385,152,358,10
2015_04117.jpg,65,332,157,505,92,173,11
2015_04117.jpg,62,315,203,629,141,314,6
2015_04118.jpg,177,269,541,374,364,105,11
2015_04118.jpg,19,150,299,472,280,322,6
2015_04119.jpg,323,254,596,607,273,353,6
2015_04120.jpg,29,159,159,330,130,171,6
2015_04120.jpg,77,173,302,303,225,130,11
2015_04121.jpg,211,157,290,287,79,130,5
2015_04121.jpg,462,270,633,424,171,154,6
2015_04121.jpg,36,250,237,421,201,171,6
2015_04121.jpg,203,278,508,412,305,134,11
2015_04122.jpg,6,263,170,479,164,216,6
2015_04122.jpg,98,193,366,465,268,272,11
2015_04123.jpg,423,169,523,288,100,119,6
2015_04123.jpg,300,149,362,243,62,94,6
2015_04123.jpg,234,180,300,236,66,56,11
2015_04123.jpg,361,168,445,262,84,94,11
2015_04124.jpg,134,248,218,340,84,92,6
2015_04124.jpg,161,221,197,263,36,42,6
2015_04124.jpg,51,272,296,626,245,354,6
2015_04125.jpg,104,215,217,299,113,84,6
2015_04125.jpg,221,233,285,323,64,90,6
2015_04126.jpg,167,120,549,284,382,164,11
2015_04126.jpg,150,214,328,419,178,205,6
2015_04126.jpg,405,166,443,209,38,43,7
2015_04127.jpg,319,224,580,424,261,200,6
2015_04127.jpg,8,231,409,411,401,180,11
2015_04128.jpg,507,167,606,424,99,257,10
2015_04128.jpg,422,164,502,417,80,253,10
2015_04128.jpg,194,249,630,416,436,167,6
2015_04129.jpg,94,203,557,426,463,223,11
2015_04129.jpg,19,232,175,432,156,200,6
2015_04129.jpg,247,270,299,317,52,47,7
2015_04129.jpg,220,199,261,270,41,71,7
2015_04130.jpg,331,294,477,424,146,130,11
2015_04130.jpg,554,228,632,366,78,138,6
2015_04130.jpg,428,232,571,425,143,193,6
2015_04130.jpg,300,227,377,359,77,132,6
2015_04131.jpg,280,240,438,312,158,72,11
2015_04131.jpg,211,216,361,265,150,49,6
2015_04131.jpg,450,216,539,308,89,92,6
2015_04131.jpg,174,243,383,363,209,120,6
2015_04132.jpg,143,115,321,454,178,339,10
2015_04132.jpg,364,200,408,257,44,57,6
2015_04132.jpg,449,240,581,410,132,170,11
2015_04132.jpg,522,96,640,475,118,379,10
2015_04132.jpg,544,115,598,144,54,29,2
2015_04132.jpg,4,274,88,444,84,170,11
2015_04132.jpg,394,243,470,353,76,110,6
2015_04132.jpg,350,233,431,339,81,106,2
2015_04132.jpg,2,256,18,302,16,46,2
2015_04133.jpg,139,165,311,344,172,179,11
2015_04133.jpg,304,66,622,421,318,355,6
2015_04134.jpg,72,209,156,369,84,160,6
2015_04134.jpg,202,252,417,374,215,122,6
2015_04134.jpg,88,203,149,283,61,80,6
2015_04134.jpg,223,208,313,354,90,146,6
2015_04134.jpg,182,205,260,337,78,132,6
2015_04134.jpg,116,219,253,367,137,148,11
2015_04135.jpg,456,225,556,327,100,102,10
2015_04135.jpg,48,18,433,466,385,448,10
2015_04135.jpg,260,36,559,462,299,426,10
2015_04135.jpg,422,326,589,464,167,138,6
2015_04136.jpg,188,334,234,367,46,33,6
2015_04136.jpg,132,343,191,388,59,45,6
2015_04136.jpg,62,315,127,360,65,45,0
2015_04136.jpg,315,332,370,357,55,25,6
2015_04136.jpg,84,384,301,492,217,108,6
2015_04136.jpg,4,355,78,421,74,66,6
2015_04136.jpg,532,321,560,367,28,46,10
2015_04136.jpg,309,384,510,486,201,102,6
2015_04136.jpg,378,330,448,360,70,30,6
2015_04137.jpg,81,93,218,239,137,146,10
2015_04137.jpg,301,89,365,163,64,74,10
2015_04137.jpg,357,100,445,231,88,131,10
2015_04137.jpg,192,85,279,165,87,80,10
2015_04137.jpg,130,57,166,153,36,96,10
2015_04137.jpg,576,89,637,220,61,131,10
2015_04137.jpg,126,292,198,476,72,184,2
2015_04137.jpg,14,274,99,476,85,202,2
2015_04137.jpg,541,182,638,334,97,152,6
2015_04137.jpg,508,152,584,279,76,127,6
2015_04137.jpg,132,212,276,349,144,137,6
2015_04137.jpg,178,163,476,474,298,311,10
2015_04137.jpg,389,118,504,206,115,88,11
2015_04137.jpg,279,125,295,166,16,41,2
2015_04137.jpg,90,53,128,109,38,56,10
2015_04137.jpg,180,146,374,243,194,97,11
2015_04137.jpg,223,131,239,175,16,44,2
2015_04138.jpg,462,107,636,407,174,300,6
2015_04138.jpg,310,219,459,478,149,259,8
2015_04139.jpg,56,218,248,499,192,281,6
2015_04139.jpg,50,186,162,417,112,231,10
2015_04139.jpg,413,267,594,493,181,226,6
2015_04140.jpg,168,146,239,201,71,55,11
2015_04140.jpg,12,101,183,242,171,141,6
2015_04141.jpg,297,212,455,468,158,256,6
2015_04141.jpg,122,115,349,635,227,520,10
2015_04142.jpg,330,205,346,237,16,32,2
2015_04142.jpg,559,178,635,338,76,160,6
2015_04143.jpg,308,192,354,215,46,23,11
2015_04143.jpg,43,178,188,308,145,130,6
2015_04143.jpg,475,233,589,358,114,125,11
2015_04144.jpg,562,118,583,186,21,68,2
2015_04144.jpg,37,211,58,236,21,25,7
2015_04144.jpg,109,213,133,234,24,21,7
2015_04144.jpg,259,203,286,245,27,42,7
2015_04144.jpg,237,190,266,246,29,56,7
2015_04144.jpg,328,189,367,253,39,64,7
2015_04144.jpg,591,169,634,223,43,54,2
2015_04144.jpg,386,197,418,251,32,54,7
2015_04144.jpg,555,218,573,250,18,32,7
2015_04144.jpg,570,214,591,252,21,38,7
2015_04144.jpg,369,219,524,478,155,259,6
2015_04144.jpg,145,207,331,486,186,279,6
2015_04144.jpg,109,216,182,467,73,251,6
2015_04144.jpg,16,229,123,411,107,182,6
2015_04144.jpg,525,173,563,223,38,50,2
2015_04144.jpg,410,194,448,253,38,59,7
2015_04144.jpg,233,234,433,471,200,237,11
2015_04144.jpg,570,230,639,410,69,180,6
2015_04145.jpg,79,325,233,476,154,151,6
2015_04146.jpg,264,155,633,471,369,316,11
2015_04146.jpg,6,132,344,476,338,344,6
2015_04147.jpg,331,178,527,251,196,73,6
2015_04147.jpg,419,227,538,389,119,162,6
2015_04147.jpg,2,188,298,403,296,215,6
2015_04147.jpg,164,163,272,328,108,165,10
2015_04147.jpg,413,193,541,323,128,130,11
2015_04147.jpg,274,177,344,253,70,76,6
2015_04147.jpg,48,174,203,303,155,129,10
2015_04147.jpg,453,147,510,213,57,66,10
2015_04147.jpg,582,147,603,175,21,28,7
2015_04148.jpg,76,178,168,285,92,107,6
2015_04148.jpg,331,171,359,202,28,31,2
2015_04149.jpg,306,111,634,312,328,201,11
2015_04149.jpg,188,157,343,387,155,230,6
2015_04150.jpg,328,190,633,458,305,268,11
2015_04150.jpg,4,256,249,474,245,218,6
2015_04150.jpg,377,207,404,244,27,37,7
2015_04151.jpg,139,191,237,303,98,112,11
2015_04151.jpg,166,148,267,272,101,124,6
2015_04151.jpg,261,147,322,217,61,70,6
2015_04151.jpg,283,187,344,246,61,59,11
2015_04152.jpg,25,563,260,645,235,82,6
2015_04153.JPG,1866,327,2132,581,266,254,6
2015_04153.JPG,1591,365,1780,579,189,214,6
2015_04153.JPG,1420,771,1517,951,97,180,7
2015_04153.JPG,1127,717,1262,1042,135,325,2
2015_04153.JPG,929,489,1560,897,631,408,6
2015_04153.JPG,1832,609,2391,1316,559,707,6
2015_04154.JPEG,272,156,459,364,187,208,6
2015_04154.JPEG,34,224,304,371,270,147,11
2015_04154.JPEG,236,90,380,326,144,236,10
2015_04155.JPEG,24,121,246,497,222,376,6
2015_04155.JPEG,265,244,305,275,40,31,7
2015_04155.JPEG,240,263,367,480,127,217,11
2015_04156.JPEG,34,242,129,362,95,120,11
2015_04156.JPEG,113,157,445,371,332,214,6
2015_04157.JPEG,144,171,299,368,155,197,6
2015_04158.JPEG,336,140,497,229,161,89,6
2015_04158.JPEG,4,134,202,366,198,232,11
2015_04158.JPEG,258,59,452,335,194,276,6
2015_04158.JPEG,136,107,296,337,160,230,6
2015_04158.JPEG,304,219,496,371,192,152,6
2015_04159.JPEG,446,249,477,285,31,36,7
2015_04159.JPEG,136,186,160,222,24,36,10
2015_04159.JPEG,189,251,273,373,84,122,6
2015_04159.JPEG,330,239,391,373,61,134,6
2015_04159.JPEG,162,184,186,222,24,38,10
2015_04159.JPEG,219,186,234,202,15,16,10
2015_04159.JPEG,261,216,344,359,83,143,11
2015_04159.JPEG,143,212,221,239,78,27,11
2015_04159.JPEG,378,214,500,255,122,41,11
2015_04159.JPEG,374,272,496,373,122,101,11
2015_04159.JPEG,232,181,252,224,20,43,10
2015_04160.JPEG,125,348,150,373,25,25,7
2015_04160.JPEG,98,298,118,339,20,41,2
2015_04160.JPEG,4,231,77,366,73,135,10
2015_04160.JPEG,391,184,455,301,64,117,10
2015_04160.JPEG,243,238,296,337,53,99,6
2015_04160.JPEG,192,156,267,344,75,188,10
2015_04160.JPEG,152,334,172,372,20,38,7
2015_04160.JPEG,132,162,199,347,67,185,10
2015_04160.JPEG,287,155,342,333,55,178,10
2015_04160.JPEG,33,347,55,372,22,25,7
2015_04160.JPEG,73,308,89,339,16,31,2
2015_04160.JPEG,33,154,114,334,81,180,10
2015_04160.JPEG,345,239,394,316,49,77,6
2015_04161.JPEG,411,212,495,348,84,136,10
2015_04161.JPEG,133,194,185,254,52,60,10
2015_04161.JPEG,120,274,221,319,101,45,11
2015_04161.JPEG,9,276,45,385,36,109,6
2015_04161.JPEG,67,283,141,417,74,134,6
2015_04161.JPEG,141,292,213,419,72,127,6
2015_04161.JPEG,399,290,491,475,92,185,6
2015_04161.JPEG,257,280,350,477,93,197,6
2015_04162.JPEG,2,139,493,286,491,147,11
2015_04162.JPEG,273,181,461,394,188,213,6
2015_04162.JPEG,43,175,174,363,131,188,6
2015_04163.JPEG,4,184,121,314,117,130,11
2015_04163.JPEG,409,190,496,336,87,146,6
2015_04163.JPEG,338,202,410,290,72,88,6
2015_04163.JPEG,211,177,254,258,43,81,6
2015_04163.JPEG,94,162,203,321,109,159,6
2015_04163.JPEG,357,183,481,303,124,120,11
2015_04164.JPEG,96,29,181,170,85,141,6
2015_04164.JPEG,166,10,268,243,102,233,6
2015_04164.JPEG,118,39,179,98,61,59,11
2015_04164.JPEG,169,15,299,127,130,112,11
2015_04164.JPEG,222,14,423,311,201,297,6
2015_04165.JPEG,94,94,168,223,74,129,6
2015_04165.JPEG,88,161,233,317,145,156,6
2015_04165.JPEG,141,102,495,285,354,183,11
2015_04166.JPEG,25,206,475,278,450,72,11
2015_04166.JPEG,64,195,161,365,97,170,6
2015_04166.JPEG,302,202,389,287,87,85,6
2015_04167.JPEG,288,39,428,266,140,227,6
2015_04167.JPEG,93,23,419,308,326,285,10
2015_04168.JPEG,173,201,197,248,24,47,6
2015_04168.JPEG,38,226,133,330,95,104,6
2015_04168.JPEG,313,214,391,289,78,75,11
2015_04168.JPEG,251,173,269,221,18,48,10
2015_04168.JPEG,232,161,259,243,27,82,10
2015_04168.JPEG,190,198,220,255,30,57,6
2015_04168.JPEG,295,155,331,254,36,99,10
2015_04169.JPG,426,385,2362,1383,1936,998,11
2015_04169.JPG,847,458,2819,2419,1972,1961,6
2015_04170.JPG,473,436,2298,3216,1825,2780,6
2015_04171.JPG,754,65,2751,2299,1997,2234,6
2015_04171.JPG,2567,19,2776,445,209,426,2
2015_04172.JPG,2524,24,2776,369,252,345,2
2015_04172.JPG,706,50,2761,2385,2055,2335,6
2015_04173.JPG,413,416,2295,3095,1882,2679,6
2015_04174.JPG,329,93,2386,2903,2057,2810,6
2015_04175.JPG,134,35,699,915,565,880,6
2015_04175.JPG,832,345,2478,2354,1646,2009,6
2015_04176.JPG,76,214,2474,2438,2398,2224,6
2015_04177.JPG,499,19,2478,2313,1979,2294,6
2015_04178.JPG,349,338,2067,2617,1718,2279,6
2015_04179.JPG,1737,32,2419,1272,682,1240,10
2015_04179.JPG,228,406,2077,3008,1849,2602,6
2015_04180.JPG,184,16,1266,1189,1082,1173,6
2015_04180.JPG,618,506,2433,2768,1815,2262,6
2015_04181.JPG,584,493,2261,2654,1677,2161,6
2015_04182.JPG,574,587,1959,2463,1385,1876,6
2015_04183.JPG,1848,32,2416,1027,568,995,10
2015_04183.JPG,56,150,1673,2775,1617,2625,11
2015_04183.JPG,208,873,2319,3098,2111,2225,6
2015_04183.JPG,692,19,1590,614,898,595,10
2015_04184.JPG,19,476,1038,2890,1019,2414,11
2015_04184.JPG,211,688,2006,2661,1795,1973,6
2015_04185.JPG,107,422,2033,2977,1926,2555,6
2015_04185.JPG,1206,288,2406,3028,1200,2740,11
2015_04186.JPG,201,601,2396,2941,2195,2340,6
2015_04187.JPG,228,251,1976,2816,1748,2565,6
2015_04188.JPG,594,311,2366,2963,1772,2652,6
2015_04189.JPG,295,194,2359,2991,2064,2797,6
2015_04190.JPG,83,56,2053,2944,1970,2888,6
2015_04191.JPG,554,338,2050,2873,1496,2535,6
2015_04192.JPG,87,43,2138,3115,2051,3072,6
2015_04193.jpg,650,630,702,745,52,115,2
2015_04193.jpg,335,362,675,762,340,400,6
2015_04194.JPG,806,513,2466,3166,1660,2653,6
2015_04195.JPG,1036,533,2378,2133,1342,1600,6
2015_04195.JPG,2921,829,3296,1829,375,1000,2
2015_04195.JPG,3323,1149,3760,1974,437,825,2
2015_04195.JPG,2512,618,2843,1386,331,768,2
2015_04196.jpg,1210,468,1695,1109,485,641,6
2015_04197.jpg,132,6,432,298,300,292,6
2015_04198.jpg,544,242,820,620,276,378,6
2015_04199.jpg,346,337,491,595,145,258,6
2015_04200.jpg,699,603,1358,1152,659,549,6
2015_04201.jpg,134,129,282,329,148,200,10
2015_04201.jpg,91,160,406,596,315,436,10
2015_04201.jpg,485,160,706,366,221,206,10
2015_04201.jpg,655,414,968,800,313,386,6
2015_04201.jpg,290,147,650,800,360,653,10
2015_04202.jpg,223,105,539,676,316,571,6
2015_04202.jpg,145,402,220,614,75,212,2
2015_04203.jpg,418,468,734,1005,316,537,6
2015_04204.jpg,277,202,524,491,247,289,11
2015_04204.jpg,82,158,318,479,236,321,6
2015_04204.jpg,549,145,770,481,221,336,6
2015_04205.jpg,560,289,778,559,218,270,6
2015_04206.jpg,58,257,442,624,384,367,6
2015_04207.jpg,98,268,317,557,219,289,6
2015_04208.jpg,77,31,300,397,223,366,10
2015_04208.jpg,333,95,454,293,121,198,6
2015_04208.jpg,267,93,366,331,99,238,6
2015_04209.jpg,355,309,566,657,211,348,6
2015_04209.jpg,16,335,360,667,344,332,10
2015_04210.jpg,1193,530,1275,693,82,163,2
2015_04210.jpg,617,484,1169,1322,552,838,6
2015_04211.jpg,541,303,893,660,352,357,11
2015_04211.jpg,308,241,624,669,316,428,6
2015_04211.jpg,207,229,378,383,171,154,6
2015_04212.jpg,201,118,601,646,400,528,6
2015_04213.jpg,381,263,723,715,342,452,6
2015_04214.jpg,206,243,558,754,352,511,6
2015_04215.jpg,316,462,362,520,46,58,6
2015_04215.jpg,205,451,552,845,347,394,6
2015_04216.jpg,95,401,530,656,435,255,11
2015_04216.jpg,358,369,394,463,36,94,2
2015_04216.jpg,533,475,820,761,287,286,6
2015_04217.jpg,1145,383,1555,734,410,351,6
2015_04218.jpg,652,188,1016,635,364,447,11
2015_04218.jpg,756,138,859,233,103,95,7
2015_04218.jpg,77,144,717,676,640,532,6
2015_04219.jpg,229,134,483,449,254,315,6
2015_04220.jpg,15,153,328,495,313,342,6
2015_04221.jpg,461,259,619,379,158,120,11
2015_04221.jpg,433,258,526,379,93,121,6
2015_04221.jpg,302,272,459,422,157,150,6
2015_04222.png,15,619,128,917,113,298,11
2015_04222.png,210,553,462,992,252,439,6
2015_04223.jpg,162,48,406,348,244,300,6
2015_04224.jpg,171,168,613,904,442,736,6
2015_04225.jpg,100,88,640,695,540,607,6
2015_04226.jpg,72,217,576,835,504,618,6
2015_04227.jpg,385,472,718,1018,333,546,6
2015_04228.jpg,384,510,702,1003,318,493,6
2015_04229.jpg,75,244,474,737,399,493,6
2015_04230.jpg,393,637,716,1060,323,423,6
2015_04231.jpg,650,16,1004,568,354,552,10
2015_04231.jpg,614,164,838,554,224,390,6
2015_04232.jpg,244,110,402,386,158,276,6
2015_04232.jpg,45,74,243,347,198,273,6
2015_04233.jpg,113,209,217,359,104,150,6
2015_04233.jpg,230,170,351,376,121,206,6
2015_04234.jpg,28,163,104,215,76,52,4
2015_04234.jpg,306,173,343,197,37,24,4
2015_04234.jpg,281,173,311,196,30,23,4
2015_04234.jpg,514,254,562,357,48,103,6
2015_04234.jpg,111,175,157,209,46,34,4
2015_04234.jpg,411,248,503,351,92,103,6
2015_04235.jpg,17,580,231,982,214,402,6
2015_04236.jpg,19,142,207,450,188,308,6
2015_04237.jpg,324,340,534,768,210,428,6
2015_04238.jpg,244,291,272,359,28,68,10
2015_04238.jpg,528,304,555,370,27,66,10
2015_04238.jpg,507,295,532,368,25,73,10
2015_04238.jpg,221,288,248,362,27,74,10
2015_04238.jpg,100,363,314,524,214,161,6
2015_04238.jpg,190,291,224,376,34,85,10
2015_04238.jpg,472,291,508,369,36,78,10
2015_04239.jpg,67,724,249,956,182,232,6
2015_04240.jpg,227,186,344,351,117,165,6
2015_04240.jpg,5,215,158,373,153,158,11
2015_04241.jpg,536,204,859,637,323,433,6
2015_04242.jpg,8,178,390,841,382,663,6
2015_04243.jpg,351,106,564,508,213,402,6
2015_04244.jpg,46,47,635,956,589,909,6
2015_04245.jpg,269,413,643,1026,374,613,10
2015_04245.jpg,187,532,569,1067,382,535,6
2015_04246.jpg,165,167,494,688,329,521,6
2015_04247.jpg,220,273,380,447,160,174,6
2015_04248.jpg,18,299,277,750,259,451,6
2015_04249.jpg,70,114,532,491,462,377,10
2015_04249.jpg,27,288,336,763,309,475,6
2015_04250.jpg,589,234,835,627,246,393,6
2015_04251.jpg,214,316,478,690,264,374,6
2015_04252.jpg,200,505,347,693,147,188,6
2015_04253.jpg,9,23,360,448,351,425,6
2015_04254.jpg,72,339,482,939,410,600,6
2015_04254.jpg,346,536,1012,930,666,394,11
2015_04254.jpg,422,432,1065,586,643,154,11
2015_04255.jpg,353,138,499,321,146,183,11
2015_04255.jpg,221,124,349,361,128,237,6
2015_04255.jpg,380,150,498,408,118,258,6
2015_04255.jpg,519,109,651,349,132,240,6
2015_04256.jpg,666,138,1092,721,426,583,6
2015_04257.jpg,391,549,611,872,220,323,6
2015_04258.jpg,150,559,350,726,200,167,6
2015_04259.jpg,216,257,328,367,112,110,6
2015_04259.jpg,45,144,61,188,16,44,2
2015_04260.jpg,104,4,357,406,253,402,6
2015_04261.jpg,17,526,235,755,218,229,6
2015_04262.jpg,246,5,539,423,293,418,6
2015_04263.jpg,439,296,529,394,90,98,6
2015_04264.jpg,149,132,836,731,687,599,6
2015_04265.jpg,10,304,512,657,502,353,6
2015_04266.jpg,17,355,341,776,324,421,6
2015_04267.jpg,20,355,463,1016,443,661,6
2015_04268.jpg,499,334,660,569,161,235,6
2015_04269.jpg,68,197,406,704,338,507,6
2015_04270.jpg,235,420,478,758,243,338,6
2015_04271.jpg,202,111,445,450,243,339,10
2015_04271.jpg,120,273,233,477,113,204,6
2015_04272.jpg,124,54,531,573,407,519,6
2015_04272.jpg,541,29,867,539,326,510,6
2015_04273.jpg,114,440,358,768,244,328,6
2015_04274.jpg,64,282,196,427,132,145,6
2015_04274.jpg,207,271,337,431,130,160,6
2015_04274.jpg,349,270,478,435,129,165,6
2015_04274.jpg,495,267,610,415,115,148,6
2015_04275.jpg,26,135,123,211,97,76,11
2015_04275.jpg,118,117,183,197,65,80,6
2015_04276.jpg,15,86,74,166,59,80,6
2015_04277.jpg,126,183,235,378,109,195,6
2015_04277.jpg,323,182,441,368,118,186,6
2015_04277.jpg,247,246,323,367,76,121,11
2015_04278.jpg,1151,474,1523,1164,372,690,6
2015_04278.jpg,929,565,1278,1147,349,582,6
2015_04278.jpg,554,576,1127,1143,573,567,11
2015_04279.jpg,118,235,392,472,274,237,6
2015_04280.jpg,48,324,457,617,409,293,6
2015_04281.jpg,764,1787,2262,2737,1498,950,6
2015_04282.jpg,13,83,324,441,311,358,6
2015_04283.jpg,117,165,404,425,287,260,6
2015_04284.jpg,386,182,689,574,303,392,6
2015_04285.jpg,255,322,390,429,135,107,6
2015_04286.jpg,9,14,320,444,311,430,6
2015_04287.jpg,59,26,403,393,344,367,6
2015_04288.jpg,28,304,348,539,320,235,11
2015_04288.jpg,273,21,882,591,609,570,6
2015_04289.jpg,152,461,993,874,841,413,11
2015_04289.jpg,694,340,1182,955,488,615,6
2015_04290.jpg,235,498,562,786,327,288,6
2015_04290.jpg,96,425,565,715,469,290,11
2015_04291.jpg,211,96,381,368,170,272,8
2015_04291.jpg,12,24,257,372,245,348,10
2015_04291.jpg,365,248,411,305,46,57,6
2015_04292.jpg,253,90,498,321,245,231,11
2015_04292.jpg,50,3,186,216,136,213,6
2015_04292.jpg,104,110,386,371,282,261,8
2015_04293.JPEG,217,20,352,201,135,181,6
2015_04293.JPEG,70,18,284,250,214,232,8
2015_04294.jpg,21,109,139,324,118,215,6
2015_04294.jpg,2,70,30,137,28,67,2
2015_04294.jpg,137,39,297,319,160,280,10
2015_04294.jpg,126,75,240,280,114,205,8
2015_04294.jpg,243,21,473,334,230,313,10
2015_04295.jpg,130,3,303,172,173,169,6
2015_04295.jpg,47,118,270,415,223,297,8
2015_04296.JPEG,170,132,333,308,163,176,8
2015_04296.JPEG,286,63,369,152,83,89,11
2015_04296.JPEG,224,33,328,166,104,133,6
2015_04296.JPEG,12,10,139,247,127,237,6
2015_04297.jpg,261,5,494,323,233,318,6
2015_04297.jpg,124,11,356,370,232,359,8
2015_04298.JPEG,15,74,167,246,152,172,6
2015_04298.JPEG,47,203,297,488,250,285,8
2015_04299.jpg,64,115,296,325,232,210,8
2015_04299.jpg,59,47,162,200,103,153,6
2015_04300.JPEG,298,16,434,254,136,238,10
2015_04300.JPEG,101,42,265,188,164,146,6
2015_04300.JPEG,362,65,491,334,129,269,6
2015_04300.JPEG,144,106,270,269,126,163,8
2015_04301.JPEG,211,76,291,288,80,212,7
2015_04301.JPEG,105,5,295,203,190,198,6
2015_04301.JPEG,403,3,489,190,86,187,2
2015_04301.JPEG,10,7,165,210,155,203,6
2015_04301.JPEG,240,13,315,188,75,175,7
2015_04302.JPEG,24,171,153,388,129,217,6
2015_04302.JPEG,112,154,204,311,92,157,6
2015_04302.JPEG,177,131,256,251,79,120,6
2015_04302.JPEG,255,135,330,252,75,117,6
2015_04302.JPEG,219,243,331,351,112,108,6
2015_04303.JPEG,172,3,425,296,253,293,6
2015_04303.JPEG,24,16,219,228,195,212,6
2015_04304.JPEG,53,185,91,244,38,59,6
2015_04304.JPEG,251,173,355,249,104,76,11
2015_04304.JPEG,161,170,241,239,80,69,11
2015_04305.JPEG,18,113,200,325,182,212,6
2015_04306.jpg,361,413,499,628,138,215,6
2015_04307.jpg,890,358,1017,447,127,89,1
2015_04307.jpg,503,508,948,763,445,255,6
2015_04307.jpg,253,500,714,752,461,252,6
2015_04308.jpg,427,192,979,638,552,446,6
2015_04309.jpg,86,276,426,639,340,363,6
2015_04310.jpg,694,344,873,602,179,258,6
2015_04311.jpg,158,158,438,454,280,296,10
2015_04311.jpg,65,248,428,582,363,334,6
2015_04312.jpg,50,471,323,890,273,419,6
2015_04313.jpg,582,612,687,660,105,48,4
2015_04313.jpg,432,711,648,871,216,160,6
2015_04314.jpg,80,525,484,766,404,241,6
2015_04315.jpg,278,238,417,446,139,208,6
2015_04316.jpg,231,34,618,560,387,526,6
2015_04317.jpg,376,250,538,408,162,158,6
2015_04318.jpg,805,487,884,584,79,97,10
2015_04318.jpg,706,504,788,593,82,89,10
2015_04318.jpg,772,512,869,612,97,100,10
2015_04318.jpg,890,416,998,642,108,226,10
2015_04318.jpg,95,541,218,711,123,170,6
2015_04318.jpg,346,475,391,528,45,53,10
2015_04318.jpg,526,519,607,625,81,106,6
2015_04318.jpg,691,570,766,740,75,170,6
2015_04318.jpg,727,591,794,756,67,165,6
2015_04318.jpg,387,558,540,745,153,187,10
2015_04318.jpg,784,620,865,762,81,142,6
2015_04318.jpg,419,478,496,537,77,59,10
2015_04318.jpg,254,475,316,527,62,52,10
2015_04318.jpg,16,538,58,616,42,78,6
2015_04318.jpg,223,530,303,611,80,81,10
2015_04318.jpg,590,467,630,531,40,64,10
2015_04318.jpg,761,469,809,546,48,77,10
2015_04319.jpg,303,481,420,557,117,76,6
2015_04320.jpg,89,60,404,478,315,418,6
2015_04321.jpg,110,294,313,484,203,190,6
2015_04322.jpg,160,430,388,846,228,416,6
2015_04323.jpg,322,92,474,299,152,207,6
2015_04323.jpg,150,97,332,312,182,215,6
2015_04324.jpg,138,353,410,625,272,272,6
2015_04325.jpg,48,28,734,1020,686,992,6
2015_04326.jpg,309,155,498,464,189,309,6
2015_04327.jpg,175,14,622,531,447,517,6
2015_04328.jpg,480,13,975,736,495,723,6
2015_04329.jpg,387,450,657,853,270,403,6
2015_04330.jpg,270,398,521,895,251,497,10
2015_04330.jpg,24,533,185,820,161,287,6
2015_04331.jpg,99,629,282,891,183,262,6
2015_04331.jpg,418,641,584,910,166,269,6
2015_04331.jpg,588,596,674,836,86,240,6
2015_04331.jpg,473,610,617,863,144,253,6
2015_04331.jpg,239,616,505,910,266,294,11
2015_04332.jpg,411,453,530,627,119,174,6
2015_04332.jpg,280,403,308,436,28,33,6
2015_04332.jpg,309,401,339,446,30,45,6
2015_04332.jpg,331,409,363,454,32,45,6
2015_04332.jpg,356,416,392,467,36,51,6
2015_04332.jpg,387,424,428,492,41,68,6
2015_04333.jpg,147,122,529,521,382,399,6
2015_04334.jpg,219,158,482,506,263,348,6
2015_04335.jpg,114,100,388,437,274,337,6
2015_04335.jpg,266,52,442,342,176,290,6
2015_04336.png,109,618,196,761,87,143,6
2015_04336.png,419,672,537,848,118,176,6
2015_04336.png,509,471,651,956,142,485,10
2015_04336.png,198,617,288,764,90,147,6
2015_04336.png,445,598,535,697,90,99,6
2015_04337.jpg,162,382,452,754,290,372,6
2015_04338.jpg,273,487,557,910,284,423,6
2015_04339.jpg,196,483,351,651,155,168,6
2015_04340.jpg,101,266,479,886,378,620,6
2015_04341.jpg,146,103,715,657,569,554,10
2015_04341.jpg,451,243,744,648,293,405,6
2015_04342.jpg,250,209,489,321,239,112,11
2015_04342.jpg,122,222,315,396,193,174,6
2015_04342.jpg,11,206,282,286,271,80,11
2015_04343.jpg,43,462,214,661,171,199,6
2015_04343.jpg,209,466,382,661,173,195,6
2015_04343.jpg,428,471,641,652,213,181,6
2015_04343.jpg,591,468,801,652,210,184,6
2015_04343.jpg,762,471,893,619,131,148,6
2015_04344.jpg,240,646,399,882,159,236,6
2015_04344.jpg,405,594,572,852,167,258,6
2015_04344.jpg,77,585,243,854,166,269,6
2015_04344.jpg,169,619,461,734,292,115,11
2015_04345.jpg,511,154,721,285,210,131,11
2015_04345.jpg,8,180,144,394,136,214,6
2015_04345.jpg,582,148,896,573,314,425,6
2015_04346.jpg,50,326,242,575,192,249,6
2015_04347.jpg,83,505,400,1020,317,515,6
2015_04348.jpg,425,281,801,694,376,413,6
2015_04349.jpg,861,259,1006,524,145,265,6
2015_04349.jpg,185,439,253,505,68,66,7
2015_04350.jpg,438,212,690,577,252,365,6
2015_04350.jpg,859,12,1145,615,286,603,6
2015_04350.jpg,435,10,1006,587,571,577,11
2015_04350.jpg,160,373,356,551,196,178,6
2015_04351.jpg,131,101,329,398,198,297,6
2015_04352.jpg,401,347,559,559,158,212,6
2015_04353.jpg,379,254,504,397,125,143,6
2015_04354.jpg,46,25,295,413,249,388,6
2015_04355.jpg,11,430,919,1505,908,1075,6
2015_04355.jpg,266,63,1014,468,748,405,11
2015_04356.jpg,238,282,541,710,303,428,6
2015_04357.jpg,97,125,405,346,308,221,6
2015_04358.jpg,533,298,683,565,150,267,6
2015_04358.jpg,625,356,836,596,211,240,11
2015_04359.jpg,110,347,212,492,102,145,6
2015_04360.jpg,283,763,449,1041,166,278,6
2015_04361.jpg,75,516,416,1030,341,514,6
2015_04362.png,515,164,564,226,49,62,7
2015_04362.png,818,155,1268,520,450,365,10
2015_04362.png,145,59,310,227,165,168,11
2015_04362.png,603,182,664,240,61,58,7
2015_04362.png,482,256,629,454,147,198,6
2015_04362.png,943,6,996,50,53,44,7
2015_04362.png,114,12,151,81,37,69,2
2015_04362.png,293,5,566,521,273,516,10
2015_04362.png,243,32,278,104,35,72,2
2015_04362.png,467,151,780,476,313,325,11
2015_04362.png,669,238,879,543,210,305,6
2015_04362.png,39,27,203,104,164,77,11
2015_04363.png,295,213,583,508,288,295,6
2015_04363.png,856,203,1142,505,286,302,6
2015_04364.png,261,212,375,363,114,151,6
2015_04364.png,335,98,406,330,71,232,10
2015_04364.png,416,302,547,402,131,100,6
2015_04364.png,257,101,322,210,65,109,10
2015_04365.png,585,430,864,713,279,283,6
2015_04365.png,978,393,1022,475,44,82,2
2015_04365.png,952,380,988,465,36,85,2
2015_04365.png,826,438,1015,706,189,268,11
2015_04366.png,695,122,912,671,217,549,10
2015_04366.png,513,345,776,711,263,366,6
2015_04367.png,1061,161,1151,364,90,203,10
2015_04367.png,421,277,567,451,146,174,6
2015_04367.png,725,182,819,408,94,226,10
2015_04368.png,703,171,890,511,187,340,6
2015_04368.png,898,154,1144,520,246,366,6
2015_04368.png,574,204,700,369,126,165,6
2015_04368.png,469,378,540,512,71,134,7
2015_04368.png,389,360,457,486,68,126,7
2015_04368.png,173,41,627,530,454,489,10
2015_04368.png,988,321,1278,527,290,206,11
2015_04368.png,61,32,376,534,315,502,6
2015_04369.png,38,45,527,717,489,672,10
2015_04369.png,818,255,911,506,93,251,10
2015_04369.png,558,342,694,541,136,199,6
2015_04370.png,696,242,1080,522,384,280,11
2015_04370.png,998,345,1173,539,175,194,6
2015_04371.png,14,437,282,616,268,179,11
2015_04371.png,472,26,871,704,399,678,10
2015_04371.png,189,381,374,626,185,245,6
2015_04372.png,412,178,539,327,127,149,10
2015_04372.png,627,291,760,425,133,134,6
2015_04372.png,361,322,597,526,236,204,6
2015_04373.png,368,81,410,190,42,109,10
2015_04373.png,393,25,543,362,150,337,10
2015_04373.png,319,184,428,358,109,174,6
2015_04374.png,871,281,964,420,93,139,6
2015_04374.png,745,306,822,419,77,113,6
2015_04374.png,68,387,676,715,608,328,6
2015_04374.png,570,470,1120,664,550,194,11
2015_04374.png,634,312,915,405,281,93,11
2015_04375.png,435,75,561,318,126,243,10
2015_04375.png,299,171,396,323,97,152,6
2015_04375.png,192,173,291,321,99,148,6
2015_04376.png,553,236,702,436,149,200,6
2015_04376.png,283,34,553,501,270,467,10
2015_04376.png,751,112,907,334,156,222,10
2015_04377.png,496,53,589,230,93,177,10
2015_04377.png,100,44,241,279,141,235,10
2015_04377.png,594,95,642,235,48,140,10
2015_04377.png,477,227,637,349,160,122,6
2015_04377.png,98,174,257,343,159,169,6
2015_04377.png,233,232,508,335,275,103,11
2015_04378.png,543,161,644,278,101,117,6
2015_04378.png,431,160,487,267,56,107,10
2015_04379.png,545,162,634,259,89,97,6
2015_04379.png,338,158,431,299,93,141,10
2015_04380.png,347,35,476,263,129,228,10
2015_04380.png,434,182,624,342,190,160,6
2015_04381.png,52,151,592,311,540,160,10
2015_04381.png,108,37,279,223,171,186,6
2015_04382.png,943,262,1153,487,210,225,6
2015_04382.png,705,243,781,391,76,148,10
2015_04382.png,291,238,410,346,119,108,11
2015_04382.png,549,4,799,526,250,522,10
2015_04382.png,111,297,314,507,203,210,6
2015_04383.png,804,135,1007,667,203,532,10
2015_04383.png,989,370,1272,711,283,341,6
2015_04384.png,924,72,1205,510,281,438,6
2015_04385.png,340,36,1036,425,696,389,10
2015_04385.png,523,10,815,520,292,510,10
2015_04385.png,1026,325,1259,537,233,212,6
2015_04386.png,598,104,757,341,159,237,10
2015_04386.png,286,130,386,353,100,223,10
2015_04386.png,254,226,421,494,167,268,6
2015_04386.png,572,248,778,514,206,266,6
2015_04386.png,351,122,471,330,120,208,10
2015_04386.png,490,126,626,269,136,143,10
2015_04386.png,703,138,931,473,228,335,10
2015_04387.png,108,269,195,410,87,141,6
2015_04387.png,146,254,309,518,163,264,6
2015_04387.png,430,47,546,268,116,221,10
2015_04387.png,222,168,394,403,172,235,10
2015_04387.png,530,285,695,536,165,251,6
2015_04387.png,380,260,545,519,165,259,6
2015_04387.png,617,115,850,506,233,391,10
2015_04387.png,516,136,704,375,188,239,10
2015_04388.png,18,167,545,281,527,114,11
2015_04388.png,38,166,317,518,279,352,6
2015_04389.png,704,389,751,437,47,48,7
2015_04389.png,294,400,547,685,253,285,6
2015_04389.png,719,92,1003,653,284,561,10
2015_04389.png,526,404,800,666,274,262,11
2015_04389.png,595,392,645,444,50,52,7
2015_04389.png,564,414,692,671,128,257,6
2015_04390.png,15,184,150,279,135,95,11
2015_04390.png,85,215,513,308,428,93,11
2015_04390.png,86,180,109,206,23,26,7
2015_04390.png,117,181,139,200,22,19,7
2015_04390.png,354,200,383,251,29,51,7
2015_04390.png,137,102,299,311,162,209,10
2015_04390.png,305,18,412,224,107,206,10
2015_04390.png,458,191,598,310,140,119,6
2015_04390.png,36,186,57,211,21,25,7
2015_04391.png,788,88,1215,625,427,537,10
2015_04391.png,37,304,149,427,112,123,6
2015_04391.png,636,293,738,431,102,138,6
2015_04392.png,220,280,532,419,312,139,11
2015_04392.png,344,275,475,447,131,172,6
2015_04393.png,460,296,738,482,278,186,11
2015_04393.png,833,132,964,427,131,295,10
2015_04393.png,581,285,711,389,130,104,6
2015_04394.png,871,95,1198,519,327,424,10
2015_04394.png,221,72,965,530,744,458,6
2015_04395.png,1068,268,1127,470,59,202,6
2015_04395.png,957,272,1077,480,120,208,6
2015_04395.png,758,273,913,489,155,216,6
2015_04395.png,496,234,525,301,29,67,2
2015_04395.png,581,96,818,527,237,431,10
2015_04396.png,90,670,401,1026,311,356,6
2015_04396.png,390,613,603,919,213,306,6
2015_04397.png,1246,615,1484,968,238,353,6
2015_04397.png,941,654,1267,1014,326,360,6
2015_04397.png,67,629,508,849,441,220,11
2015_04397.png,559,662,1130,959,571,297,11
2015_04398.png,938,473,1038,608,100,135,6
2015_04398.png,647,340,796,636,149,296,10
2015_04399.png,240,53,688,677,448,624,10
2015_04399.png,604,354,1109,683,505,329,6
2015_04400.png,10,410,310,680,300,270,11
2015_04400.png,565,156,785,587,220,431,10
2015_04400.png,974,453,1280,689,306,236,11
2015_04400.png,194,360,428,629,234,269,6
2015_04400.png,421,419,570,561,149,142,6
2015_04400.png,819,311,1170,653,351,342,6
2015_04401.png,55,330,261,534,206,204,6
2015_04401.png,344,21,612,536,268,515,10
2015_04401.png,870,5,1132,544,262,539,10
2015_04401.png,629,299,889,527,260,228,6
2015_04402.png,393,281,527,495,134,214,6
2015_04402.png,426,233,530,369,104,136,10
2015_04402.png,820,242,890,347,70,105,10
2015_04402.png,857,74,1015,461,158,387,10
2015_04402.png,769,266,823,357,54,91,10
2015_04402.png,520,311,599,413,79,102,10
2015_04402.png,808,291,908,470,100,179,6
2015_04403.png,694,396,1271,520,577,124,10
2015_04403.png,407,162,652,478,245,316,6
2015_04403.png,93,146,305,280,212,134,10
2015_04403.png,815,224,1118,411,303,187,11
2015_04404.png,321,246,482,525,161,279,6
2015_04404.png,847,269,882,324,35,55,7
2015_04404.png,536,275,666,479,130,204,10
2015_04405.png,1066,256,1125,319,59,63,7
2015_04405.png,459,217,647,524,188,307,6
2015_04405.png,693,248,870,485,177,237,10
2015_04406.png,969,293,1068,460,99,167,6
2015_04407.png,1014,306,1095,482,81,176,6
2015_04408.png,287,80,434,326,147,246,10
2015_04408.png,629,187,782,442,153,255,6
2015_04408.png,900,66,1059,498,159,432,10
2015_04408.png,432,197,631,418,199,221,6
2015_04408.png,820,86,950,528,130,442,10
2015_04408.png,724,73,865,486,141,413,10
2015_04408.png,47,135,292,330,245,195,6
2015_04409.png,236,131,348,287,112,156,6
2015_04409.png,648,10,833,216,185,206,6
2015_04409.png,506,326,671,506,165,180,10
2015_04409.png,602,234,781,395,179,161,6
2015_04409.png,508,377,603,522,95,145,10
2015_04409.png,363,283,477,429,114,146,6
2015_04409.png,324,182,432,321,108,139,6
2015_04410.png,109,49,213,397,104,348,10
2015_04410.png,597,34,705,357,108,323,10
2015_04410.png,206,201,353,364,147,163,6
2015_04410.png,345,30,422,372,77,342,10
2015_04410.png,403,11,517,387,114,376,10
2015_04411.png,357,186,418,271,61,85,6
2015_04412.png,82,119,364,369,282,250,6
2015_04413.png,485,188,626,389,141,201,6
2015_04413.png,75,232,189,379,114,147,6
2015_04414.png,227,55,314,225,87,170,10
2015_04414.png,309,64,418,242,109,178,10
2015_04414.png,495,161,669,361,174,200,6
2015_04415.png,340,114,447,208,107,94,10
2015_04415.png,287,75,361,199,74,124,10
2015_04415.png,47,61,127,252,80,191,10
2015_04415.png,36,171,145,342,109,171,6
2015_04415.png,505,205,702,377,197,172,6
2015_04415.png,254,202,624,364,370,162,11
2015_04416.png,608,235,965,334,357,99,11
2015_04416.png,331,73,462,317,131,244,10
2015_04416.png,1032,81,1134,341,102,260,10
2015_04416.png,20,389,406,717,386,328,6
2015_04416.png,961,84,1031,338,70,254,10
2015_04416.png,889,369,1260,682,371,313,6
2015_04416.png,625,88,703,253,78,165,10
2015_04416.png,860,83,955,343,95,260,10
2015_04416.png,696,163,784,254,88,91,10
2015_04416.png,262,84,344,307,82,223,10
2015_04416.png,193,88,272,308,79,220,10
2015_04416.png,17,58,127,342,110,284,10
2015_04416.png,482,493,917,706,435,213,11
2015_04417.png,369,268,670,640,301,372,11
2015_04417.png,538,30,1183,710,645,680,6
2015_04418.png,7,11,222,700,215,689,10
2015_04418.png,404,266,664,583,260,317,6
2015_04418.png,230,76,392,712,162,636,10
2015_04418.png,981,7,1272,709,291,702,10
2015_04418.png,717,32,970,699,253,667,10
2015_04419.jpg,1140,425,1817,1529,677,1104,6
2015_04419.jpg,896,73,2154,1570,1258,1497,10
2015_04420.jpg,340,219,469,332,129,113,6
2015_04421.jpg,328,340,721,989,393,649,6
2015_04421.jpg,6,401,253,563,247,162,5
2015_04422.jpg,282,335,590,626,308,291,6
2015_04423.jpg,157,443,290,663,133,220,6
2015_04424.jpg,152,195,392,470,240,275,6
2015_04425.jpg,185,254,231,318,46,64,7
2015_04425.jpg,3,3,159,261,156,258,10
2015_04425.jpg,60,234,106,331,46,97,2
2015_04425.jpg,236,88,484,300,248,212,10
2015_04425.jpg,24,224,72,286,48,62,7
2015_04426.jpg,463,177,486,211,23,34,7
2015_04426.jpg,422,172,441,199,19,27,7
2015_04426.jpg,227,89,422,372,195,283,10
2015_04426.jpg,2,236,54,377,52,141,7
2015_04426.jpg,424,123,485,205,61,82,10
2015_04426.jpg,187,188,295,291,108,103,2
2015_04427.jpg,68,174,89,200,21,26,7
2015_04427.jpg,182,212,206,259,24,47,7
2015_04427.jpg,187,229,214,282,27,53,7
2015_04427.jpg,458,185,480,217,22,32,7
2015_04427.jpg,343,202,362,239,19,37,7
2015_04427.jpg,378,185,395,224,17,39,7
2015_04427.jpg,111,238,138,300,27,62,7
2015_04427.jpg,263,215,284,261,21,46,7
2015_04427.jpg,83,220,109,271,26,51,7
2015_04427.jpg,415,186,441,222,26,36,7
2015_04427.jpg,361,213,493,371,132,158,6
2015_04427.jpg,38,172,54,203,16,31,7
2015_04427.jpg,2,178,16,206,14,28,7
2015_04427.jpg,7,209,456,362,449,153,11
2015_04428.jpg,311,46,389,251,78,205,10
2015_04428.jpg,307,54,487,321,180,267,10
2015_04428.jpg,190,218,219,254,29,36,7
2015_04428.jpg,160,139,275,254,115,115,10
2015_04428.jpg,225,217,246,250,21,33,7
2015_04428.jpg,4,78,154,333,150,255,10
2015_04429.jpg,40,39,278,371,238,332,10
2015_04429.jpg,299,212,328,269,29,57,7
2015_04429.jpg,339,49,499,372,160,323,7
2015_04430.jpg,448,328,534,476,86,148,7
2015_04430.jpg,377,13,637,350,260,337,10
2015_04430.jpg,492,319,572,454,80,135,7
2015_04430.jpg,557,241,621,371,64,130,7
2015_04430.jpg,13,6,422,466,409,460,10
2015_04430.jpg,358,29,472,195,114,166,10
2015_04430.jpg,452,8,524,109,72,101,10
2015_04430.jpg,283,3,404,184,121,181,10
2015_04431.jpg,406,43,447,101,41,58,7
2015_04431.jpg,38,30,278,421,240,391,10
2015_04431.jpg,322,264,365,327,43,63,7
2015_04431.jpg,412,235,454,287,42,52,7
2015_04431.jpg,320,17,394,102,74,85,7
2015_04431.jpg,228,69,338,108,110,39,7
2015_04431.jpg,435,48,482,103,47,55,7
2015_04431.jpg,168,52,202,105,34,53,7
2015_04431.jpg,205,55,236,109,31,54,7
2015_04432.jpg,73,32,328,291,255,259,7
2015_04432.jpg,305,83,606,397,301,314,7
2015_04433.jpg,24,268,141,439,117,171,7
2015_04433.jpg,305,275,432,477,127,202,7
2015_04433.jpg,247,121,327,238,80,117,7
2015_04434.jpg,297,306,382,357,85,51,7
2015_04434.jpg,105,300,174,349,69,49,7
2015_04434.jpg,118,125,300,342,182,217,10
2015_04435.jpg,247,250,295,284,48,34,7
2015_04435.jpg,8,202,419,414,411,212,11
2015_04435.jpg,440,247,639,412,199,165,6
2015_04435.jpg,235,129,375,276,140,147,6
2015_04436.jpg,11,165,115,250,104,85,7
2015_04436.jpg,195,176,300,266,105,90,7
2015_04436.jpg,183,96,234,198,51,102,7
2015_04436.jpg,40,101,104,187,64,86,7
2015_04437.jpg,6,78,539,498,533,420,7
2015_04438.jpg,380,139,488,330,108,191,7
2015_04439.jpg,123,255,201,334,78,79,7
2015_04439.jpg,98,17,400,309,302,292,10
2015_04440.jpg,34,237,86,286,52,49,7
2015_04440.jpg,2,193,22,245,20,52,2
2015_04441.jpg,463,727,556,860,93,133,7
2015_04441.jpg,722,516,1491,1056,769,540,6
2015_04441.jpg,252,679,359,812,107,133,7
2015_04441.jpg,12,619,1111,993,1099,374,11
2015_04441.jpg,320,755,431,870,111,115,7
2015_04442.jpg,57,144,628,406,571,262,7
2015_04443.jpg,85,245,962,763,877,518,7
2015_04443.jpg,457,90,892,360,435,270,7
2015_04444.jpg,36,20,271,293,235,273,7
2015_04445.jpg,165,104,301,357,136,253,7
2015_04446.jpg,143,217,197,274,54,57,7
2015_04446.jpg,244,51,500,304,256,253,10
2015_04447.jpg,105,72,741,683,636,611,7
2015_04448.jpg,8,5,113,79,105,74,7
2015_04448.jpg,274,2,386,67,112,65,7
2015_04449.jpg,6,275,103,422,97,147,7
2015_04449.jpg,133,272,330,390,197,118,7
2015_04449.jpg,382,249,534,354,152,105,7
2015_04449.jpg,544,244,616,323,72,79,7
2015_04449.jpg,168,250,288,286,120,36,7
2015_04450.jpg,306,221,760,566,454,345,7
2015_04451.jpg,226,241,1472,878,1246,637,7
2015_04452.jpg,435,112,828,401,393,289,7
2015_04453.jpg,346,177,452,247,106,70,7
2015_04453.jpg,140,173,240,244,100,71,7
2015_04453.jpg,92,165,497,335,405,170,11
2015_04454.jpg,162,278,556,593,394,315,7
2015_04455.jpg,83,3,270,332,187,329,10
2015_04455.jpg,249,202,504,330,255,128,11
2015_04455.jpg,287,187,329,241,42,54,7
2015_04455.jpg,338,170,391,241,53,71,7
2015_04456.jpg,154,80,222,234,68,154,7
2015_04456.jpg,27,149,96,235,69,86,7
2015_04456.jpg,9,224,125,298,116,74,7
2015_04456.jpg,123,3,334,205,211,202,10
2015_04456.jpg,51,63,115,217,64,154,7
2015_04457.jpg,387,230,455,301,68,71,7
2015_04457.jpg,124,171,364,290,240,119,6
2015_04458.jpg,80,203,508,421,428,218,7
2015_04459.jpg,17,261,491,492,474,231,11
2015_04459.jpg,393,317,482,441,89,124,7
2015_04460.jpg,10,9,314,321,304,312,10
2015_04460.jpg,305,173,423,310,118,137,7
2015_04461.jpg,42,190,279,342,237,152,7
2015_04462.jpg,497,248,562,322,65,74,7
2015_04462.jpg,8,262,633,468,625,206,11
2015_04463.jpg,323,171,582,411,259,240,7
2015_04464.jpg,142,161,484,425,342,264,7
2015_04465.jpg,75,234,144,333,69,99,7
2015_04465.jpg,6,49,326,350,320,301,10
2015_04466.jpg,417,22,525,151,108,129,2
2015_04466.jpg,298,225,417,312,119,87,7
2015_04467.jpg,370,72,563,393,193,321,7
2015_04468.jpg,341,30,543,402,202,372,7
2015_04469.jpg,49,188,281,655,232,467,7
2015_04469.jpg,317,200,521,592,204,392,7
2015_04470.jpg,118,218,173,268,55,50,7
2015_04470.jpg,86,213,144,259,58,46,7
2015_04470.jpg,187,60,514,373,327,313,10
2015_04470.jpg,155,214,202,264,47,50,7
2015_04471.jpg,348,20,590,411,242,391,7
2015_04472.jpg,223,246,297,314,74,68,7
2015_04472.jpg,68,58,307,326,239,268,10
2015_04473.jpg,489,232,590,364,101,132,6
2015_04473.jpg,122,295,297,477,175,182,7
2015_04473.jpg,400,322,506,462,106,140,7
2015_04474.jpg,258,276,368,336,110,60,7
2015_04474.jpg,211,2,437,306,226,304,10
2015_04475.jpg,88,395,457,629,369,234,7
2015_04476.jpg,292,444,530,708,238,264,7
2015_04476.jpg,17,475,302,755,285,280,7
2015_04477.jpg,254,158,281,182,27,24,7
2015_04477.jpg,233,176,251,195,18,19,7
2015_04477.jpg,183,148,347,293,164,145,11
2015_04478.jpg,244,298,273,354,29,56,7
2015_04478.jpg,37,352,89,394,52,42,7
2015_04478.jpg,218,329,261,386,43,57,7
2015_04478.jpg,240,383,304,437,64,54,7
2015_04478.jpg,11,329,51,361,40,32,7
2015_04478.jpg,6,314,372,490,366,176,11
2015_04478.jpg,92,314,135,389,43,75,7
2015_04479.jpg,197,10,339,222,142,212,7
2015_04479.jpg,6,7,207,359,201,352,2
2015_04480.jpg,136,264,177,331,41,67,7
2015_04480.jpg,61,163,280,494,219,331,10
2015_04480.jpg,293,161,370,496,77,335,10
2015_04480.jpg,253,239,293,293,40,54,7
2015_04480.jpg,183,267,227,321,44,54,7
2015_04481.jpg,158,276,228,374,70,98,7
2015_04481.jpg,195,118,275,252,80,134,10
2015_04481.jpg,60,168,84,203,24,35,7
2015_04481.jpg,76,208,121,257,45,49,7
2015_04481.jpg,274,69,449,308,175,239,10
2015_04481.jpg,91,101,211,222,120,121,10
2015_04481.jpg,258,261,322,373,64,112,7
2015_04481.jpg,82,245,136,338,54,93,7
2015_04481.jpg,86,107,163,205,77,98,10
2015_04481.jpg,268,31,326,83,58,52,10
2015_04482.jpg,287,70,346,160,59,90,7
2015_04482.jpg,29,94,74,154,45,60,7
2015_04483.jpg,267,71,392,368,125,297,10
2015_04483.jpg,181,42,310,370,129,328,10
2015_04483.jpg,35,38,206,371,171,333,10
2015_04483.jpg,383,85,412,153,29,68,10
2015_04483.jpg,349,87,380,147,31,60,10
2015_04483.jpg,42,107,68,163,26,56,10
2015_04483.jpg,410,181,429,205,19,24,7
2015_04483.jpg,391,148,495,369,104,221,10
2015_04483.jpg,460,79,496,144,36,65,10
2015_04484.jpg,85,76,194,294,109,218,10
2015_04484.jpg,421,113,446,138,25,25,7
2015_04484.jpg,319,68,386,189,67,121,10
2015_04484.jpg,7,14,145,290,138,276,10
2015_04484.jpg,345,60,462,218,117,158,10
2015_04484.jpg,135,62,473,367,338,305,10
2015_04484.jpg,126,339,184,374,58,35,7
2015_04485.jpg,257,150,297,256,40,106,10
2015_04485.jpg,304,126,371,320,67,194,10
2015_04485.jpg,56,229,87,265,31,36,7
2015_04485.jpg,20,128,174,496,154,368,10
2015_04485.jpg,2,150,69,300,67,150,10
2015_04485.jpg,52,201,76,233,24,32,7
2015_04485.jpg,135,94,320,496,185,402,10
2015_04486.jpg,267,304,284,341,17,37,7
2015_04486.jpg,219,247,247,311,28,64,7
2015_04486.jpg,189,294,201,329,12,35,7
2015_04486.jpg,161,302,181,346,20,44,7
2015_04486.jpg,228,339,246,373,18,34,7
2015_04486.jpg,198,338,227,373,29,35,7
2015_04486.jpg,342,192,493,364,151,172,10
2015_04486.jpg,237,135,369,281,132,146,10
2015_04486.jpg,28,146,138,259,110,113,10
2015_04486.jpg,5,193,122,344,117,151,7
2015_04486.jpg,268,285,285,310,17,25,7
2015_04486.jpg,286,293,305,331,19,38,7
2015_04487.jpg,313,208,345,239,32,31,7
2015_04487.jpg,313,231,352,287,39,56,7
2015_04487.jpg,223,219,251,262,28,43,7
2015_04487.jpg,196,222,222,257,26,35,7
2015_04487.jpg,346,116,470,284,124,168,10
2015_04487.jpg,268,114,370,244,102,130,10
2015_04487.jpg,204,129,290,244,86,115,10
2015_04487.jpg,123,127,210,256,87,129,10
2015_04487.jpg,22,123,141,288,119,165,10
2015_04487.jpg,63,105,96,165,33,60,10
2015_04487.jpg,166,299,220,373,54,74,7
2015_04487.jpg,132,254,172,313,40,59,7
2015_04487.jpg,260,256,314,344,54,88,7
2015_04487.jpg,262,217,287,245,25,28,7
2015_04487.jpg,167,184,199,260,32,76,2
2015_04488.jpg,99,57,425,333,326,276,10
2015_04488.jpg,73,2,212,135,139,133,10
2015_04488.jpg,55,32,95,69,40,37,7
2015_04489.jpg,19,2,304,212,285,210,10
2015_04489.jpg,366,3,498,278,132,275,7
2015_04490.jpg,146,138,170,174,24,36,7
2015_04490.jpg,147,77,218,171,71,94,10
2015_04490.jpg,13,82,148,322,135,240,10
2015_04490.jpg,121,135,143,175,22,40,7
2015_04490.jpg,39,144,58,166,19,22,7
2015_04490.jpg,20,138,33,164,13,26,7
2015_04490.jpg,3,92,46,161,43,69,10
2015_04490.jpg,48,161,342,330,294,169,11
2015_04490.jpg,6,143,21,165,15,22,7
2015_04490.jpg,105,136,123,159,18,23,7
2015_04491.jpg,294,88,416,280,122,192,10
2015_04491.jpg,42,111,254,371,212,260,10
2015_04491.jpg,403,254,444,305,41,51,7
2015_04491.jpg,377,266,416,312,39,46,7
2015_04491.jpg,22,83,86,226,64,143,10
2015_04491.jpg,245,116,318,225,73,109,10
2015_04492.jpg,311,487,747,884,436,397,7
2015_04493.jpg,11,102,95,259,84,157,10
2015_04493.jpg,3,196,36,291,33,95,7
2015_04493.jpg,110,268,182,357,72,89,7
2015_04493.jpg,161,268,268,350,107,82,7
2015_04493.jpg,73,105,199,267,126,162,10
2015_04493.jpg,276,80,470,315,194,235,10
2015_04493.jpg,85,237,128,355,43,118,2
2015_04493.jpg,304,196,353,351,49,155,7
2015_04493.jpg,262,257,328,358,66,101,7
2015_04494.jpg,189,51,346,244,157,193,10
2015_04494.jpg,266,159,322,369,56,210,2
2015_04494.jpg,26,26,181,286,155,260,10
2015_04494.jpg,340,81,418,210,78,129,10
2015_04494.jpg,348,55,490,244,142,189,10
2015_04494.jpg,161,249,224,373,63,124,7
2015_04494.jpg,210,191,247,275,37,84,7
2015_04494.jpg,59,236,113,372,54,136,7
2015_04494.jpg,311,274,375,374,64,100,7
2015_04494.jpg,362,199,400,266,38,67,7
2015_04495.jpg,51,200,119,337,68,137,7
2015_04495.jpg,215,332,278,480,63,148,7
2015_04495.jpg,9,128,327,447,318,319,10
2015_04496.jpg,151,76,221,229,70,153,10
2015_04496.jpg,66,155,224,262,158,107,10
2015_04496.jpg,216,219,476,368,260,149,10
2015_04496.jpg,257,215,424,280,167,65,10
2015_04496.jpg,131,122,150,152,19,30,7
2015_04497.jpg,384,116,426,157,42,41,10
2015_04497.jpg,404,149,494,232,90,83,10
2015_04497.jpg,419,227,439,254,20,27,7
2015_04497.jpg,77,132,298,374,221,242,10
2015_04497.jpg,39,225,63,287,24,62,7
2015_04497.jpg,222,82,399,330,177,248,10
2015_04497.jpg,61,91,168,230,107,139,10
2015_04497.jpg,433,218,457,244,24,26,7
2015_04498.jpg,479,190,497,229,18,39,7
2015_04498.jpg,71,261,99,327,28,66,7
2015_04498.jpg,404,27,498,287,94,260,10
2015_04498.jpg,273,68,333,191,60,123,10
2015_04498.jpg,282,78,391,370,109,292,10
2015_04498.jpg,58,49,158,301,100,252,10
2015_04498.jpg,198,89,295,370,97,281,10
2015_04498.jpg,160,40,239,371,79,331,10
2015_04498.jpg,238,52,289,195,51,143,10
2015_04499.jpg,114,236,234,374,120,138,6
2015_04499.jpg,393,255,433,296,40,41,7
2015_04499.jpg,108,179,466,324,358,145,11
2015_04500.jpg,92,68,241,415,149,347,10
2015_04500.jpg,245,170,272,209,27,39,7
2015_04500.jpg,224,142,245,198,21,56,7
2015_04500.jpg,326,139,364,230,38,91,7
2015_04500.jpg,9,149,135,407,126,258,6
2015_04500.jpg,282,131,313,191,31,60,7
2015_04501.jpg,34,253,102,364,68,111,7
2015_04501.jpg,51,102,331,422,280,320,10
2015_04502.jpg,350,53,749,743,399,690,7
2015_04502.jpg,198,27,514,642,316,615,7
2015_04502.jpg,546,25,936,606,390,581,7
2015_04502.jpg,1738,83,2404,1107,666,1024,7
2015_04503.jpg,169,231,206,271,37,40,7
2015_04503.jpg,33,115,158,296,125,181,10
2015_04504.jpg,130,132,473,621,343,489,7
2015_04505.jpg,242,98,830,445,588,347,7
2015_04506.jpg,258,286,534,454,276,168,7
2015_04507.jpg,239,8,619,307,380,299,10
2015_04507.jpg,33,183,160,325,127,142,7
2015_04508.jpg,111,25,376,295,265,270,7
2015_04509.jpg,32,68,158,395,126,327,10
2015_04509.jpg,110,243,151,287,41,44,7
2015_04510.jpg,385,292,426,492,41,200,2
2015_04510.jpg,40,341,160,507,120,166,7
2015_04510.jpg,99,53,241,222,142,169,10
2015_04510.jpg,246,241,303,352,57,111,7
2015_04510.jpg,192,344,289,525,97,181,7
2015_04510.jpg,132,229,187,331,55,102,7
2015_04510.jpg,66,220,120,314,54,94,7
2015_04510.jpg,144,182,196,257,52,75,7
2015_04510.jpg,313,281,395,508,82,227,2
2015_04511.jpg,521,420,664,660,143,240,7
2015_04511.jpg,347,454,456,616,109,162,7
2015_04512.jpg,181,30,271,242,90,212,2
2015_04512.jpg,212,4,271,163,59,159,2
2015_04512.jpg,122,128,267,319,145,191,7
2015_04512.jpg,8,208,187,425,179,217,7
2015_04512.jpg,85,45,192,265,107,220,2
2015_04512.jpg,396,105,514,297,118,192,7
2015_04512.jpg,320,231,506,476,186,245,7
2015_04512.jpg,287,103,403,275,116,172,7
2015_04512.jpg,507,169,636,446,129,277,7
2015_04512.jpg,196,166,346,450,150,284,7
2015_04512.jpg,473,65,552,305,79,240,7
2015_04513.jpg,276,244,510,460,234,216,7
2015_04513.jpg,38,72,102,126,64,54,7
2015_04514.jpg,161,13,288,219,127,206,7
2015_04515.jpg,309,140,366,199,57,59,7
2015_04515.jpg,190,194,264,261,74,67,7
2015_04516.jpg,683,388,874,576,191,188,7
2015_04516.jpg,552,213,716,522,164,309,7
2015_04516.jpg,346,194,577,635,231,441,7
2015_04517.jpg,183,36,301,328,118,292,7
2015_04518.jpg,4,104,129,262,125,158,7
2015_04519.jpg,806,129,912,334,106,205,7
2015_04520.jpg,147,475,579,858,432,383,7
2015_04521.jpg,180,520,283,635,103,115,7
2015_04521.jpg,222,472,291,553,69,81,7
2015_04521.jpg,264,446,329,513,65,67,7
2015_04522.jpg,336,338,396,413,60,75,7
2015_04522.jpg,408,16,624,444,216,428,10
2015_04523.jpg,473,220,562,354,89,134,11
2015_04523.jpg,337,205,559,281,222,76,11
2015_04523.jpg,376,234,451,344,75,110,6
2015_04523.jpg,210,200,256,273,46,73,6
2015_04523.jpg,9,277,557,468,548,191,11
2015_04523.jpg,329,219,380,288,51,69,6
2015_04523.jpg,193,297,237,337,44,40,7
2015_04523.jpg,162,207,218,284,56,77,6
2015_04523.jpg,99,215,156,274,57,59,6
2015_04524.jpg,61,144,150,306,89,162,10
2015_04524.jpg,228,259,256,329,28,70,7
2015_04524.jpg,266,158,367,291,101,133,10
2015_04524.jpg,347,143,494,358,147,215,10
2015_04524.jpg,276,270,302,313,26,43,7
2015_04524.jpg,247,230,281,355,34,125,2
2015_04524.jpg,22,120,169,416,147,296,10
2015_04524.jpg,258,286,291,352,33,66,7
2015_04524.jpg,302,291,338,347,36,56,7
2015_04524.jpg,326,355,387,420,61,65,7
2015_04524.jpg,191,288,229,345,38,57,7
2015_04524.jpg,192,264,222,292,30,28,7
2015_04525.jpg,105,3,307,475,202,472,2
2015_04525.jpg,397,166,605,471,208,305,7
2015_04525.jpg,12,142,90,440,78,298,7
2015_04526.jpg,414,32,628,258,214,226,7
2015_04527.jpg,274,40,582,477,308,437,7
2015_04528.jpg,379,412,494,538,115,126,7
2015_04528.jpg,116,387,229,499,113,112,7
2015_04529.jpg,272,272,401,441,129,169,7
2015_04529.jpg,187,246,281,421,94,175,7
2015_04530.jpg,208,214,297,482,89,268,7
2015_04530.jpg,8,133,193,564,185,431,7
2015_04530.jpg,122,240,254,504,132,264,7
2015_04531.jpg,100,176,336,360,236,184,7
2015_04531.jpg,352,177,568,334,216,157,7
2015_04532.jpg,172,109,245,204,73,95,7
2015_04533.jpg,411,109,638,329,227,220,7
2015_04534.jpg,479,354,756,667,277,313,7
2015_04535.jpg,249,194,604,594,355,400,7
2015_04536.jpg,20,203,451,532,431,329,7
2015_04536.jpg,583,230,1022,640,439,410,7
2015_04537.jpg,21,15,394,264,373,249,7
2015_04538.jpg,425,232,533,457,108,225,7
2015_04539.jpg,112,33,310,218,198,185,7
2015_04540.jpg,127,131,192,197,65,66,7
2015_04540.jpg,4,43,168,295,164,252,10
2015_04541.jpg,172,172,295,354,123,182,7
2015_04541.jpg,544,53,632,165,88,112,7
2015_04541.jpg,404,50,477,156,73,106,7
2015_04541.jpg,293,37,377,135,84,98,7
2015_04541.jpg,362,203,498,373,136,170,7
2015_04542.jpg,84,91,240,276,156,185,7
2015_04543.jpg,150,56,201,112,51,56,7
2015_04543.jpg,195,110,418,290,223,180,10
2015_04544.jpg,301,163,564,353,263,190,7
2015_04545.jpg,121,347,406,689,285,342,7
2015_04545.jpg,580,229,744,420,164,191,7
2015_04545.jpg,737,175,917,563,180,388,7
2015_04545.jpg,500,396,808,756,308,360,7
2015_04546.jpg,179,282,448,494,269,212,7
2015_04547.jpg,198,179,466,395,268,216,7
2015_04548.jpg,519,320,624,444,105,124,7
2015_04548.jpg,341,100,620,433,279,333,10
2015_04548.jpg,85,18,416,448,331,430,10
2015_04549.jpg,49,23,350,316,301,293,7
2015_04550.jpg,15,148,297,443,282,295,10
2015_04550.jpg,117,240,190,306,73,66,7
2015_04551.jpg,127,166,298,386,171,220,7
2015_04551.jpg,383,217,676,621,293,404,7
2015_04551.jpg,664,89,827,424,163,335,7
2015_04552.jpg,216,82,334,259,118,177,7
2015_04552.jpg,51,199,219,402,168,203,7
2015_04553.jpg,309,70,445,208,136,138,7
2015_04554.jpg,28,52,274,468,246,416,7
2015_04555.jpg,42,349,159,608,117,259,7
2015_04555.jpg,166,96,303,362,137,266,2
2015_04556.jpg,29,5,123,246,94,241,2
2015_04556.jpg,115,151,247,309,132,158,7
2015_04557.jpg,441,36,626,339,185,303,10
2015_04557.jpg,228,28,446,320,218,292,10
2015_04557.jpg,129,237,201,367,72,130,7
2015_04557.jpg,143,298,209,379,66,81,7
2015_04557.jpg,269,242,321,344,52,102,7
2015_04557.jpg,507,253,605,420,98,167,7
2015_04557.jpg,473,317,555,406,82,89,7
2015_04558.jpg,219,108,320,193,101,85,7
2015_04559.jpg,6,84,242,560,236,476,10
2015_04559.jpg,311,357,419,501,108,144,7
2015_04559.jpg,154,205,251,354,97,149,7
2015_04559.jpg,232,280,342,481,110,201,7
2015_04560.jpg,421,585,597,741,176,156,7
2015_04560.jpg,214,561,365,703,151,142,7
2015_04561.jpg,300,5,337,59,37,54,10
2015_04561.jpg,115,199,164,283,49,84,10
2015_04561.jpg,190,12,231,80,41,68,10
2015_04561.jpg,136,36,176,89,40,53,10
2015_04561.jpg,243,5,285,69,42,64,10
2015_04561.jpg,2,145,194,430,192,285,10
2015_04561.jpg,172,120,375,384,203,264,10
2015_04561.jpg,355,135,555,436,200,301,10
2015_04561.jpg,128,259,240,412,112,153,10
2015_04561.jpg,224,345,274,421,50,76,7
2015_04561.jpg,304,335,345,416,41,81,7
2015_04562.jpg,218,169,263,265,45,96,7
2015_04562.jpg,96,123,149,272,53,149,2
2015_04562.jpg,274,166,328,275,54,109,7
2015_04562.jpg,39,136,80,252,41,116,2
2015_04563.jpg,291,440,444,695,153,255,7
2015_04564.jpg,257,76,519,289,262,213,7
2015_04565.jpg,300,59,511,385,211,326,7
2015_04566.jpg,20,117,417,599,397,482,7
2015_04567.jpg,76,198,311,432,235,234,7
2015_04568.jpg,51,90,264,289,213,199,7
2015_04569.jpg,349,34,619,404,270,370,10
2015_04569.jpg,151,246,207,347,56,101,7
2015_04570.jpg,99,136,149,196,50,60,7
2015_04570.jpg,135,8,371,165,236,157,10
2015_04571.jpg,107,122,316,423,209,301,7
2015_04572.jpg,153,184,222,262,69,78,7
2015_04573.jpg,194,262,282,339,88,77,7
2015_04573.jpg,287,189,350,339,63,150,2
2015_04573.jpg,426,191,529,445,103,254,2
2015_04573.jpg,86,273,169,352,83,79,7
2015_04574.jpg,141,330,440,591,299,261,7
2015_04575.jpg,341,254,481,487,140,233,7
2015_04576.jpg,227,115,280,181,53,66,7
2015_04576.jpg,21,126,99,230,78,104,7
2015_04576.jpg,37,206,93,268,56,62,7
2015_04576.jpg,418,114,465,201,47,87,7
2015_04576.jpg,365,194,445,258,80,64,7
2015_04577.jpg,187,10,558,392,371,382,10
2015_04577.jpg,244,86,364,253,120,167,7
2015_04578.jpg,286,131,682,519,396,388,7
2015_04579.jpg,233,325,381,432,148,107,11
2015_04579.jpg,670,499,846,645,176,146,7
2015_04580.jpg,78,2,317,375,239,373,2
2015_04580.jpg,292,190,565,346,273,156,7
2015_04581.jpg,60,365,880,758,820,393,11
2015_04581.jpg,595,273,651,392,56,119,7
2015_04581.jpg,526,256,592,395,66,139,7
2015_04581.jpg,310,271,372,389,62,118,7
2015_04581.jpg,359,252,443,390,84,138,7
2015_04582.jpg,67,88,257,200,190,112,7
2015_04583.jpg,129,157,260,396,131,239,7
2015_04583.jpg,257,91,534,221,277,130,2
2015_04584.jpg,464,3,609,83,145,80,7
2015_04584.jpg,20,5,152,100,132,95,7
2015_04585.jpg,28,45,453,421,425,376,7
2015_04586.jpg,234,25,372,158,138,133,7
2015_04587.jpg,113,128,377,567,264,439,10
2015_04587.jpg,156,192,230,260,74,68,7
2015_04588.jpg,113,223,448,543,335,320,7
2015_04589.jpg,61,286,913,669,852,383,7
2015_04590.jpg,459,306,634,471,175,165,7
2015_04590.jpg,421,268,537,356,116,88,7
2015_04590.jpg,119,287,200,363,81,76,10
2015_04590.jpg,219,277,349,359,130,82,7
2015_04590.jpg,227,282,299,354,72,72,10
2015_04590.jpg,493,258,605,344,112,86,10
2015_04590.jpg,53,300,221,377,168,77,7
2015_04590.jpg,568,278,635,351,67,73,10
2015_04590.jpg,109,320,329,475,220,155,7
2015_04591.jpg,27,361,335,561,308,200,7
2015_04592.jpg,399,254,437,317,38,63,7
2015_04592.jpg,406,241,432,262,26,21,7
2015_04592.jpg,429,238,450,270,21,32,7
2015_04592.jpg,227,79,288,288,61,209,10
2015_04592.jpg,208,251,486,355,278,104,11
2015_04592.jpg,45,3,214,408,169,405,10
2015_04592.jpg,353,259,385,306,32,47,7
2015_04592.jpg,324,79,402,260,78,181,10
2015_04592.jpg,391,73,471,255,80,182,10
2015_04592.jpg,450,168,516,252,66,84,10
2015_04592.jpg,355,233,380,258,25,25,7
2015_04592.jpg,273,83,309,243,36,160,10
2015_04593.jpg,74,317,112,360,38,43,7
2015_04594.jpg,586,156,1016,570,430,414,7
2015_04595.jpg,404,168,484,243,80,75,7
2015_04595.jpg,472,167,527,233,55,66,7
2015_04595.jpg,597,198,720,412,123,214,7
2015_04595.jpg,11,7,718,625,707,618,10
2015_04596.jpg,101,9,594,423,493,414,10
2015_04596.jpg,230,145,468,372,238,227,7
2015_04597.jpg,50,170,239,422,189,252,10
2015_04597.jpg,270,329,305,395,35,66,7
2015_04597.jpg,153,176,291,380,138,204,10
2015_04598.jpg,31,70,586,432,555,362,7
2015_04599.jpg,517,265,712,502,195,237,7
2015_04599.jpg,37,199,341,489,304,290,7
2015_04600.jpg,87,66,190,161,103,95,7
2015_04601.jpg,243,372,485,615,242,243,7
2015_04602.jpg,538,314,596,429,58,115,10
2015_04602.jpg,596,285,685,444,89,159,10
2015_04602.jpg,683,290,784,468,101,178,10
2015_04602.jpg,476,305,534,427,58,122,10
2015_04602.jpg,84,102,315,489,231,387,7
2015_04603.jpg,177,152,582,454,405,302,7
2015_04604.jpg,92,24,306,164,214,140,7
2015_04604.jpg,242,183,594,418,352,235,7
2015_04605.jpg,171,217,203,317,32,100,2
2015_04605.jpg,213,221,253,362,40,141,2
2015_04605.jpg,497,215,516,298,19,83,2
2015_04605.jpg,282,139,442,293,160,154,10
2015_04605.jpg,142,278,197,362,55,84,7
2015_04605.jpg,100,295,161,363,61,68,7
2015_04605.jpg,366,127,472,262,106,135,10
2015_04605.jpg,92,187,149,307,57,120,2
2015_04606.jpg,216,331,353,421,137,90,7
2015_04606.jpg,391,313,530,414,139,101,7
2015_04606.jpg,581,341,637,406,56,65,7
2015_04607.jpg,64,113,203,345,139,232,7
2015_04607.jpg,491,74,604,228,113,154,7
2015_04607.jpg,285,74,472,425,187,351,7
2015_04607.jpg,6,49,132,272,126,223,10
2015_04608.jpg,143,209,190,261,47,52,7
2015_04608.jpg,205,157,238,196,33,39,7
2015_04608.jpg,239,136,452,323,213,187,6
2015_04609.jpg,192,170,330,303,138,133,7
2015_04609.jpg,111,6,487,341,376,335,10
2015_04610.jpg,8,3,629,470,621,467,7
2015_04611.jpg,143,115,405,394,262,279,11
2015_04611.jpg,428,303,517,427,89,124,7
2015_04611.jpg,463,228,555,366,92,138,11
2015_04611.jpg,577,251,629,387,52,136,2
2015_04611.jpg,299,268,426,431,127,163,7
2015_04612.jpg,348,163,555,382,207,219,7
2015_04612.jpg,168,192,321,369,153,177,7
2015_04613.jpg,4,270,102,345,98,75,2
2015_04613.jpg,172,12,474,498,302,486,7
2015_04614.jpg,435,68,634,377,199,309,7
2015_04614.jpg,126,88,403,416,277,328,7
2015_04615.jpg,3,219,381,603,378,384,7
2015_04616.jpg,65,64,565,595,500,531,7
2015_04617.jpg,247,288,284,317,37,29,7
2015_04617.jpg,309,350,363,409,54,59,7
2015_04617.jpg,396,206,471,401,75,195,10
2015_04617.jpg,402,353,448,415,46,62,7
2015_04617.jpg,181,196,305,353,124,157,10
2015_04617.jpg,274,366,473,607,199,241,11
2015_04617.jpg,5,64,289,615,284,551,10
2015_04618.jpg,35,235,87,289,52,54,7
2015_04618.jpg,95,255,117,282,22,27,7
2015_04618.jpg,211,280,254,338,43,58,7
2015_04618.jpg,314,295,351,350,37,55,7
2015_04618.jpg,254,301,291,341,37,40,7
2015_04618.jpg,274,287,310,341,36,54,7
2015_04619.jpg,41,28,400,292,359,264,7
2015_04620.jpg,58,46,326,312,268,266,7
2015_04621.jpg,31,332,268,554,237,222,7
2015_04622.jpg,1201,358,1574,1045,373,687,7
2015_04622.jpg,1184,245,1493,724,309,479,7
2015_04622.jpg,169,217,475,771,306,554,7
2015_04622.jpg,628,291,937,966,309,675,7
2015_04622.jpg,480,178,652,540,172,362,7
2015_04622.jpg,1157,151,1353,573,196,422,7
2015_04623.jpg,274,75,566,414,292,339,10
2015_04623.jpg,227,225,302,274,75,49,7
2015_04624.jpg,28,27,404,621,376,594,7
2015_04625.jpg,78,144,181,319,103,175,7
2015_04625.jpg,494,94,617,349,123,255,7
2015_04625.jpg,298,84,449,379,151,295,7
2015_04626.jpg,434,317,491,388,57,71,7
2015_04626.jpg,8,81,196,452,188,371,10
2015_04626.jpg,227,274,266,326,39,52,7
2015_04626.jpg,403,283,457,352,54,69,7
2015_04627.jpg,425,297,628,510,203,213,7
2015_04627.jpg,99,57,845,664,746,607,7
2015_04628.jpg,30,48,460,370,430,322,7
2015_04629.jpg,71,7,313,400,242,393,7
2015_04630.jpg,470,438,688,599,218,161,7
2015_04631.jpg,64,6,397,271,333,265,7
2015_04632.jpg,410,109,533,586,123,477,2
2015_04632.jpg,255,92,386,516,131,424,2
2015_04632.jpg,204,349,359,708,155,359,7
2015_04632.jpg,71,278,218,576,147,298,7
2015_04633.jpg,606,158,638,260,32,102,7
2015_04633.jpg,49,164,104,261,55,97,7
2015_04633.jpg,101,162,153,262,52,100,7
2015_04633.jpg,102,278,185,419,83,141,7
2015_04633.jpg,43,265,128,418,85,153,7
2015_04633.jpg,481,276,567,422,86,146,7
2015_04633.jpg,407,263,486,421,79,158,7
2015_04633.jpg,455,144,506,249,51,105,7
2015_04634.jpg,82,237,567,693,485,456,7
2015_04635.jpg,152,61,495,291,343,230,7
2015_04636.jpg,86,201,378,523,292,322,10
2015_04636.jpg,256,320,294,377,38,57,7
2015_04637.jpg,42,10,439,541,397,531,10
2015_04637.jpg,303,332,366,409,63,77,7
2015_04638.jpg,273,9,614,468,341,459,10
2015_04638.jpg,176,20,225,119,49,99,7
2015_04638.jpg,99,58,159,103,60,45,7
2015_04638.jpg,178,145,246,255,68,110,7
2015_04639.jpg,125,286,418,463,293,177,11
2015_04639.jpg,308,262,354,318,46,56,7
2015_04639.jpg,405,174,467,304,62,130,10
2015_04639.jpg,477,141,620,377,143,236,10
2015_04639.jpg,12,165,292,469,280,304,10
2015_04639.jpg,245,171,396,370,151,199,10
2015_04639.jpg,181,258,216,311,35,53,7
2015_04640.jpg,441,53,488,230,47,177,2
2015_04640.jpg,255,196,630,391,375,195,11
2015_04640.jpg,512,132,590,231,78,99,7
2015_04640.jpg,370,137,452,236,82,99,7
2015_04640.jpg,477,54,521,230,44,176,2
2015_04640.jpg,36,239,265,400,229,161,5
2015_04641.jpg,244,26,287,82,43,56,7
2015_04641.jpg,154,28,191,84,37,56,7
2015_04641.jpg,192,19,224,67,32,48,7
2015_04641.jpg,298,85,520,350,222,265,10
2015_04641.jpg,459,16,601,191,142,175,6
2015_04641.jpg,401,15,481,88,80,73,6
2015_04641.jpg,352,2,418,89,66,87,6
2015_04642.jpg,368,223,427,316,59,93,7
2015_04642.jpg,8,46,260,330,252,284,5
2015_04642.jpg,385,112,443,182,58,70,7
2015_04642.jpg,428,118,479,182,51,64,7
2015_04643.jpg,112,147,213,263,101,116,7
2015_04643.jpg,417,142,535,236,118,94,7
2015_04643.jpg,8,68,309,471,301,403,10
2015_04643.jpg,259,45,627,469,368,424,10
2015_04644.jpg,496,56,543,118,47,62,7
2015_04644.jpg,391,46,436,156,45,110,7
2015_04644.jpg,539,33,583,89,44,56,7
2015_04644.jpg,4,3,226,406,222,403,10
2015_04644.jpg,348,80,382,138,34,58,7
2015_04644.jpg,434,102,479,165,45,63,7
2015_04644.jpg,416,20,467,70,51,50,7
2015_04644.jpg,440,155,495,231,55,76,7
2015_04645.jpg,387,264,440,334,53,70,7
2015_04646.jpg,64,232,123,330,59,98,7
2015_04646.jpg,89,146,170,286,81,140,2
2015_04646.jpg,7,221,89,360,82,139,2
2015_04647.jpg,484,130,630,300,146,170,11
2015_04647.jpg,401,185,456,248,55,63,11
2015_04647.jpg,351,192,394,239,43,47,11
2015_04647.jpg,282,185,335,266,53,81,11
2015_04647.jpg,173,136,331,326,158,190,11
2015_04647.jpg,239,287,294,354,55,67,7
2015_04647.jpg,413,251,451,301,38,50,7
2015_04647.jpg,468,265,511,337,43,72,7
2015_04647.jpg,541,323,624,464,83,141,7
2015_04647.jpg,233,345,324,478,91,133,7
2015_04647.jpg,349,254,374,329,25,75,2
2015_04647.jpg,181,287,232,388,51,101,7
2015_04647.jpg,12,144,194,401,182,257,11
2015_04648.jpg,239,297,428,371,189,74,11
2015_04648.jpg,6,181,204,344,198,163,6
2015_04648.jpg,345,267,370,301,25,34,7
2015_04649.jpg,393,175,436,228,43,53,7
2015_04649.jpg,181,62,232,112,51,50,7
2015_04649.jpg,92,70,137,119,45,49,7
2015_04650.jpg,419,7,613,456,194,449,7
2015_04651.jpg,19,342,122,415,103,73,7
2015_04651.jpg,84,3,400,344,316,341,10
2015_04651.jpg,293,287,390,443,97,156,7
2015_04652.jpg,384,72,507,217,123,145,10
2015_04652.jpg,117,72,234,303,117,231,10
2015_04652.jpg,326,229,363,314,37,85,7
2015_04652.jpg,263,232,313,370,50,138,7
2015_04652.jpg,469,227,510,310,41,83,7
2015_04652.jpg,523,225,568,323,45,98,7
2015_04652.jpg,596,224,635,330,39,106,7
2015_04652.jpg,46,119,128,222,82,103,10
2015_04653.jpg,198,87,417,524,219,437,7
2015_04654.jpg,604,157,638,204,34,47,7
2015_04654.jpg,446,240,527,391,81,151,7
2015_04655.jpg,283,369,362,461,79,92,7
2015_04655.jpg,9,11,256,493,247,482,10
2015_04656.jpg,550,320,606,403,56,83,7
2015_04656.jpg,151,116,540,418,389,302,10
2015_04657.jpg,94,70,174,239,80,169,10
2015_04657.jpg,282,203,313,266,31,63,7
2015_04657.jpg,17,45,114,207,97,162,10
2015_04657.jpg,245,129,304,198,59,69,10
2015_04657.jpg,363,118,494,346,131,228,10
2015_04657.jpg,432,137,480,233,48,96,10
2015_04657.jpg,256,201,278,253,22,52,2
2015_04657.jpg,187,106,257,251,70,145,10
2015_04658.jpg,480,201,518,257,38,56,7
2015_04658.jpg,293,335,570,479,277,144,6
2015_04658.jpg,57,203,574,476,517,273,11
2015_04658.jpg,399,193,443,232,44,39,7
2015_04659.jpg,195,139,218,196,23,57,2
2015_04659.jpg,79,57,227,263,148,206,6
2015_04659.jpg,180,128,200,178,20,50,2
2015_04659.jpg,156,171,197,213,41,42,7
2015_04659.jpg,223,186,454,366,231,180,11
2015_04660.jpg,544,265,575,305,31,40,7
2015_04660.jpg,524,262,546,304,22,42,7
2015_04660.jpg,235,200,552,334,317,134,6
2015_04660.jpg,334,184,451,318,117,134,10
2015_04660.jpg,386,272,632,402,246,130,11
2015_04661.jpg,4,144,141,433,137,289,7
2015_04661.jpg,174,64,329,284,155,220,7
2015_04661.jpg,411,55,557,304,146,249,7
2015_04662.jpg,289,6,526,458,237,452,7
2015_04662.jpg,146,144,298,351,152,207,7
2015_04663.jpg,37,252,83,324,46,72,7
2015_04663.jpg,248,379,330,474,82,95,7
2015_04663.jpg,276,57,367,179,91,122,10
2015_04663.jpg,449,89,634,368,185,279,10
2015_04663.jpg,55,218,87,263,32,45,7
2015_04663.jpg,306,85,465,288,159,203,10
2015_04663.jpg,4,89,109,205,105,116,10
2015_04663.jpg,354,277,410,370,56,93,7
2015_04663.jpg,129,90,280,263,151,173,10
2015_04664.jpg,426,199,487,294,61,95,10
2015_04664.jpg,326,131,429,293,103,162,10
2015_04664.jpg,312,264,428,371,116,107,10
2015_04664.jpg,130,242,308,395,178,153,10
2015_04664.jpg,179,63,315,267,136,204,10
2015_04665.jpg,187,39,227,105,40,66,10
2015_04666.jpg,44,82,331,456,287,374,10
2015_04666.jpg,215,4,316,252,101,248,10
2015_04666.jpg,549,278,593,381,44,103,10
2015_04666.jpg,328,111,512,329,184,218,10
2015_04666.jpg,413,365,478,475,65,110,10
2015_04666.jpg,465,274,510,346,45,72,10
2015_04666.jpg,513,256,557,296,44,40,10
2015_04667.jpg,163,40,200,118,37,78,7
2015_04667.jpg,200,38,239,121,39,83,7
2015_04668.jpg,160,237,516,451,356,214,11
2015_04668.jpg,184,240,227,309,43,69,7
2015_04668.jpg,351,301,398,389,47,88,7
2015_04668.jpg,376,101,556,423,180,322,10
2015_04668.jpg,14,57,74,135,60,78,10
2015_04668.jpg,229,78,395,273,166,195,10
2015_04668.jpg,11,134,260,467,249,333,10
2015_04668.jpg,497,62,600,162,103,100,10
2015_04669.jpg,285,76,341,151,56,75,7
2015_04669.jpg,151,156,246,266,95,110,7
2015_04670.jpg,290,349,374,487,84,138,7
2015_04670.jpg,251,272,345,413,94,141,7
2015_04671.jpg,3,7,197,226,194,219,10
2015_04671.jpg,288,270,333,346,45,76,7
2015_04671.jpg,256,209,297,354,41,145,2
2015_04671.jpg,292,4,533,356,241,352,10
2015_04671.jpg,435,36,632,465,197,429,10
2015_04671.jpg,120,41,280,361,160,320,10
2015_04672.jpg,158,418,277,522,119,104,7
2015_04672.jpg,76,212,170,370,94,158,7
2015_04673.jpg,370,162,404,196,34,34,7
2015_04673.jpg,303,169,494,366,191,197,6
2015_04673.jpg,50,132,369,279,319,147,11
2015_04674.jpg,35,95,331,469,296,374,10
2015_04674.jpg,56,490,140,633,84,143,7
2015_04675.jpg,330,315,417,396,87,81,7
2015_04676.jpg,190,246,244,336,54,90,7
2015_04677.jpg,515,9,564,78,49,69,10
2015_04677.jpg,439,21,479,82,40,61,10
2015_04677.jpg,463,97,636,461,173,364,10
2015_04677.jpg,17,128,227,413,210,285,10
2015_04677.jpg,244,101,375,213,131,112,10
2015_04677.jpg,321,204,357,277,36,73,7
2015_04677.jpg,263,267,311,344,48,77,7
2015_04678.jpg,204,276,295,348,91,72,7
2015_04678.jpg,427,244,499,320,72,76,7
2015_04678.jpg,296,55,633,244,337,189,6
2015_04678.jpg,45,235,612,467,567,232,11
2015_04679.jpg,170,56,330,369,160,313,10
2015_04679.jpg,301,72,487,366,186,294,10
2015_04679.jpg,16,42,231,371,215,329,10
2015_04679.jpg,442,152,485,241,43,89,7
2015_04679.jpg,279,137,345,237,66,100,7
2015_04679.jpg,155,144,265,270,110,126,7
2015_04680.jpg,91,307,194,571,103,264,6
2015_04680.jpg,259,201,284,246,25,45,2
2015_04680.jpg,306,190,327,247,21,57,2
2015_04680.jpg,356,257,382,292,26,35,7
2015_04680.jpg,323,566,382,636,59,70,2
2015_04680.jpg,176,413,271,515,95,102,5
2015_04681.jpg,63,427,124,522,61,95,7
2015_04681.jpg,48,172,258,500,210,328,10
2015_04681.jpg,187,190,453,551,266,361,10
2015_04681.jpg,164,425,206,519,42,94,7
2015_04681.jpg,247,426,320,542,73,116,7
2015_04682.jpg,265,82,627,480,362,398,10
2015_04682.jpg,162,302,220,400,58,98,7
2015_04682.jpg,282,228,352,360,70,132,7
2015_04682.jpg,3,42,197,479,194,437,10
2015_04682.jpg,209,71,409,464,200,393,10
2015_04682.jpg,141,217,216,359,75,142,10
2015_04683.JPEG,11,33,258,245,247,212,7
2015_04684.JPEG,2,87,231,364,229,277,7
2015_04685.JPEG,33,4,232,194,199,190,7
2015_04686.JPEG,443,144,499,223,56,79,7
2015_04687.JPEG,214,35,368,328,154,293,10
2015_04687.JPEG,91,127,144,182,53,55,7
2015_04688.JPEG,243,80,279,148,36,68,10
2015_04688.JPEG,207,250,231,289,24,39,7
2015_04688.JPEG,194,232,219,257,25,25,7
2015_04688.JPEG,308,219,323,242,15,23,7
2015_04688.JPEG,323,221,341,246,18,25,7
2015_04688.JPEG,217,86,246,127,29,41,10
2015_04688.JPEG,381,291,413,329,32,38,7
2015_04688.JPEG,349,87,389,162,40,75,10
2015_04688.JPEG,274,89,302,145,28,56,10
2015_04688.JPEG,407,82,474,224,67,142,10
2015_04688.JPEG,333,224,353,252,20,28,7
2015_04688.JPEG,279,216,299,247,20,31,7
2015_04688.JPEG,140,144,243,269,103,125,10
2015_04688.JPEG,3,36,112,324,109,288,10
2015_04688.JPEG,294,86,345,143,51,57,10
2015_04688.JPEG,186,80,240,148,54,68,10
2015_04688.JPEG,263,144,367,231,104,87,10
2015_04689.JPEG,250,5,336,444,86,439,2
2015_04689.JPEG,142,81,235,440,93,359,7
2015_04690.JPEG,113,41,233,173,120,132,7
2015_04690.JPEG,236,11,441,237,205,226,7
2015_04691.JPEG,30,70,225,257,195,187,10
2015_04691.JPEG,433,192,474,269,41,77,7
2015_04691.JPEG,266,75,419,257,153,182,10
2015_04691.JPEG,26,220,119,342,93,122,7
2015_04692.JPEG,34,5,173,281,139,276,7
2015_04693.JPEG,96,72,242,445,146,373,7
2015_04694.JPEG,115,40,417,287,302,247,7
2015_04695.JPEG,278,83,311,124,33,41,7
2015_04695.JPEG,313,88,352,129,39,41,7
2015_04695.JPEG,118,114,149,167,31,53,2
2015_04695.JPEG,157,113,190,168,33,55,2
2015_04695.JPEG,193,125,216,165,23,40,2
2015_04695.JPEG,225,113,247,171,22,58,2
2015_04696.JPEG,390,3,490,105,100,102,7
2015_04697.JPEG,385,109,498,185,113,76,11
2015_04697.JPEG,2,8,484,361,482,353,10
2015_04697.JPEG,375,232,470,367,95,135,7
2015_04698.JPEG,152,44,360,369,208,325,7
2015_04699.JPEG,5,24,140,245,135,221,7
2015_04700.JPEG,78,4,182,107,104,103,7
2015_04700.JPEG,185,3,257,94,72,91,7
2015_04701.JPEG,141,38,203,133,62,95,10
2015_04701.JPEG,301,262,365,373,64,111,7
2015_04701.JPEG,218,171,259,246,41,75,7
2015_04701.JPEG,287,42,428,191,141,149,10
2015_04701.JPEG,294,3,498,264,204,261,10
2015_04701.JPEG,272,154,307,202,35,48,7
2015_04701.JPEG,231,38,313,122,82,84,10
2015_04701.JPEG,68,32,163,197,95,165,10
2015_04702.JPEG,96,233,470,327,374,94,11
2015_04702.JPEG,278,234,311,270,33,36,7
2015_04702.JPEG,24,105,189,330,165,225,6
2015_04703.JPEG,321,80,477,262,156,182,7
2015_04704.JPEG,5,75,75,286,70,211,7
2015_04704.JPEG,75,77,159,267,84,190,7
2015_04704.JPEG,295,30,346,215,51,185,7
2015_04704.JPEG,355,43,424,203,69,160,7
2015_04704.JPEG,426,25,496,198,70,173,7
2015_04705.JPEG,49,327,68,353,19,26,7
2015_04705.JPEG,160,371,189,400,29,29,7
2015_04705.JPEG,8,323,227,495,219,172,11
2015_04706.JPEG,170,105,295,365,125,260,7
2015_04707.JPEG,3,192,112,400,109,208,7
2015_04707.JPEG,157,5,497,383,340,378,10
2015_04708.JPEG,103,84,287,329,184,245,7
2015_04709.JPEG,394,285,427,328,33,43,7
2015_04709.JPEG,445,274,475,314,30,40,7
2015_04709.JPEG,163,138,292,298,129,160,10
2015_04709.JPEG,316,271,349,310,33,39,7
2015_04709.JPEG,339,240,376,276,37,36,7
2015_04709.JPEG,419,305,454,331,35,26,7
2015_04709.JPEG,318,150,412,269,94,119,10
2015_04709.JPEG,10,152,144,325,134,173,10
2015_04710.JPEG,76,269,321,468,245,199,7
2015_04711.JPEG,157,6,261,165,104,159,7
2015_04711.JPEG,74,3,136,122,62,119,2
2015_04712.JPEG,91,209,140,249,49,40,7
2015_04713.JPEG,383,6,495,189,112,183,7
2015_04713.JPEG,429,122,499,241,70,119,7
2015_04714.JPEG,237,20,273,70,36,50,7
2015_04714.JPEG,316,180,473,302,157,122,7
2015_04714.JPEG,204,29,233,70,29,41,7
2015_04715.JPEG,133,15,244,111,111,96,7
2015_04715.JPEG,36,105,175,221,139,116,7
2015_04716.JPEG,402,124,494,274,92,150,7
2015_04716.JPEG,6,72,232,367,226,295,10
2015_04717.JPEG,152,118,290,323,138,205,7
2015_04717.JPEG,298,89,425,275,127,186,7
2015_04718.JPEG,303,27,365,114,62,87,10
2015_04718.JPEG,61,261,115,324,54,63,7
2015_04718.JPEG,5,124,70,260,65,136,10
2015_04718.JPEG,256,179,304,224,48,45,2
2015_04718.JPEG,44,100,134,248,90,148,10
2015_04718.JPEG,409,59,496,297,87,238,10
2015_04718.JPEG,117,90,251,214,134,124,10
2015_04719.JPEG,382,88,496,125,114,37,4
2015_04719.JPEG,194,139,310,294,116,155,7
2015_04719.JPEG,226,118,291,150,65,32,7
2015_04720.JPEG,6,13,151,250,145,237,10
2015_04720.JPEG,288,226,345,301,57,75,7
2015_04720.JPEG,85,229,145,326,60,97,7
2015_04720.JPEG,101,3,218,204,117,201,10
2015_04720.JPEG,134,411,276,496,142,85,7
2015_04720.JPEG,68,327,180,493,112,166,7
2015_04721.jpg,530,15,575,157,45,142,2
2015_04721.jpg,448,21,488,157,40,136,2
2015_04721.jpg,76,22,122,156,46,134,2
2015_04721.jpg,270,18,321,150,51,132,2
2015_04721.jpg,187,12,239,152,52,140,2
2015_04721.jpg,152,14,201,156,49,142,2
2015_04721.jpg,114,12,158,152,44,140,2
2015_04721.jpg,193,193,471,565,278,372,7
2015_04721.jpg,36,61,89,161,53,100,2
2015_04721.jpg,390,8,433,165,43,157,2
2015_04721.jpg,322,37,366,147,44,110,2
2015_04721.jpg,484,11,535,154,51,143,2
2015_04722.jpg,1021,558,1842,1564,821,1006,7
2015_04722.jpg,1856,790,2563,1766,707,976,7
2015_04723.jpg,952,1568,1779,2188,827,620,7
2015_04724.JPG,1130,599,1710,1562,580,963,7
2015_04725.JPG,1828,877,2337,1596,509,719,7
2015_04725.JPG,1374,844,1823,1535,449,691,7
2015_04726.JPG,1399,619,2138,1975,739,1356,7
2015_04727.JPG,1445,904,2007,1774,562,870,7
2015_04728.JPG,1829,1256,2509,1831,680,575,7
2015_04729.JPG,1644,1009,2512,2106,868,1097,7
2015_04730.JPG,788,317,2379,2066,1591,1749,7
2015_04731.JPG,1261,163,2827,1590,1566,1427,7
2015_04732.jpg,742,671,1091,1181,349,510,7
2015_04732.jpg,433,651,768,1142,335,491,7
2015_04733.jpg,859,623,1148,1035,289,412,7
2015_04733.jpg,1088,634,1366,1101,278,467,7
2015_04733.jpg,21,43,874,977,853,934,10
2015_04734.png,837,482,941,615,104,133,7
2015_04734.png,881,99,1238,879,357,780,10
2015_04734.png,408,129,878,890,470,761,10
2015_04735.png,877,246,1008,393,131,147,7
2015_04735.png,870,87,1248,898,378,811,10
2015_04735.png,97,97,498,882,401,785,10
2015_04736.png,662,5,1431,893,769,888,10
2015_04736.png,646,414,965,778,319,364,7
2015_04737.png,863,436,977,668,114,232,7
2015_04737.png,628,12,1281,752,653,740,10
2015_04737.png,1213,126,1423,437,210,311,7
2015_04738.png,859,441,985,670,126,229,7
2015_04738.png,326,36,478,246,152,210,7
2015_04738.png,618,12,1280,748,662,736,10
2015_04738.png,1212,131,1428,448,216,317,7
2015_04739.jpg,125,276,540,741,415,465,7
2015_04739.jpg,360,199,721,572,361,373,7
2015_04740.jpg,324,255,613,510,289,255,7
2015_04741.jpg,157,230,375,474,218,244,7
2015_04742.jpg,268,384,312,428,44,44,7
2015_04743.jpg,122,125,825,905,703,780,7
2015_04744.jpg,630,397,888,655,258,258,7
2015_04745.jpg,181,203,642,616,461,413,7
2015_04746.png,336,250,575,477,239,227,7
2015_04747.jpg,247,132,405,323,158,191,7
2015_04748.jpg,657,242,831,408,174,166,7
2015_04749.jpg,295,32,791,554,496,522,7
2015_04750.jpg,586,285,684,463,98,178,7
2015_04750.jpg,852,133,1058,513,206,380,7
2015_04750.jpg,161,256,296,475,135,219,7
2015_04750.jpg,629,214,773,479,144,265,7
2015_04751.jpg,124,450,250,603,126,153,7
2015_04751.jpg,17,239,585,782,568,543,10
2015_04752.jpg,133,290,441,536,308,246,7
2015_04753.jpg,46,422,385,704,339,282,7
2015_04754.jpg,564,484,702,585,138,101,7
2015_04755.jpg,264,115,453,258,189,143,7
2015_04756.jpg,204,347,342,456,138,109,7
2015_04757.jpg,16,133,484,602,468,469,7
2015_04758.jpg,526,241,611,378,85,137,7
2015_04758.jpg,830,219,892,314,62,95,7
2015_04758.jpg,645,81,732,205,87,124,10
2015_04758.jpg,11,192,212,482,201,290,2
2015_04758.jpg,291,380,561,590,270,210,7
2015_04758.jpg,641,212,813,462,172,250,7
2015_04759.jpg,328,9,458,192,130,183,2
2015_04759.jpg,302,302,540,561,238,259,7
2015_04760.png,440,380,549,499,109,119,7
2015_04761.jpg,215,40,337,288,122,248,2
2015_04761.jpg,434,223,682,516,248,293,7
2015_04761.jpg,200,238,473,568,273,330,7
2015_04762.jpg,346,186,485,422,139,236,7
2015_04763.jpg,250,200,526,757,276,557,7
2015_04764.jpg,34,40,790,521,756,481,11
2015_04764.jpg,575,129,694,267,119,138,7
2015_04764.jpg,270,55,378,180,108,125,7
2015_04765.jpg,339,15,790,634,451,619,7
2015_04766.jpg,35,391,315,714,280,323,7
2015_04767.jpg,330,220,583,513,253,293,7
2015_04768.png,26,441,259,662,233,221,7
2015_04769.jpg,197,145,353,303,156,158,7
2015_04769.jpg,3,153,193,464,190,311,7
2015_04770.jpg,125,158,230,429,105,271,7
2015_04770.jpg,224,198,369,568,145,370,7
2015_04771.jpg,17,448,437,642,420,194,7
2015_04771.jpg,372,465,594,717,222,252,7
2015_04772.jpg,116,411,326,583,210,172,7
2015_04772.jpg,429,263,555,476,126,213,7
2015_04773.jpg,97,192,398,412,301,220,7
2015_04773.jpg,434,261,791,569,357,308,7
2015_04774.jpg,33,252,768,995,735,743,7
2015_04775.jpg,508,182,676,465,168,283,7
2015_04776.jpg,575,111,833,325,258,214,7
2015_04776.jpg,270,275,761,614,491,339,7
2015_04777.jpg,325,104,869,582,544,478,7
2015_04778.jpg,492,238,702,522,210,284,7
2015_04778.jpg,314,277,516,570,202,293,7
2015_04779.jpg,451,25,841,360,390,335,7
2015_04780.jpg,11,175,705,883,694,708,7
2015_04781.jpg,641,432,1694,1373,1053,941,7
2015_04782.jpg,5,517,511,950,506,433,7
2015_04783.png,332,285,584,569,252,284,7
2015_04783.png,64,225,310,482,246,257,7
2015_04784.jpg,780,448,898,645,118,197,7
2015_04784.jpg,269,432,412,641,143,209,7
2015_04784.jpg,463,63,879,580,416,517,10
2015_04784.jpg,12,37,452,593,440,556,10
2015_04785.jpg,112,35,775,670,663,635,7
2015_04786.jpg,74,234,720,832,646,598,7
2015_04787.jpg,290,149,677,518,387,369,7
2015_04788.jpg,692,337,826,475,134,138,7
2015_04788.jpg,587,93,694,262,107,169,7
2015_04788.jpg,34,264,133,366,99,102,7
2015_04789.jpg,15,475,403,749,388,274,7
2015_04790.jpg,36,397,228,538,192,141,7
2015_04790.jpg,716,461,955,629,239,168,7
2015_04791.jpg,144,97,374,473,230,376,7
2015_04792.jpg,538,216,891,594,353,378,11
2015_04792.jpg,584,168,679,272,95,104,7
2015_04793.jpg,279,408,673,750,394,342,7
2015_04794.jpg,112,5,563,391,451,386,7
2015_04795.jpg,628,295,697,393,69,98,7
2015_04795.jpg,86,322,1026,733,940,411,11
2015_04796.jpg,106,43,641,580,535,537,7
2015_04797.jpg,383,114,758,591,375,477,7
2015_04798.png,288,258,455,437,167,179,7
2015_04798.png,254,356,487,631,233,275,7
2015_04798.png,465,199,633,374,168,175,7
2015_04799.jpg,339,150,445,477,106,327,2
2015_04799.jpg,470,215,631,408,161,193,7
2015_04800.jpg,75,179,744,812,669,633,7
2015_04801.jpg,594,161,1030,453,436,292,10
2015_04801.jpg,519,375,578,444,59,69,7
2015_04802.png,9,492,348,833,339,341,7
2015_04803.jpg,249,191,441,367,192,176,7
2015_04804.jpg,267,775,627,1126,360,351,7
2015_04804.jpg,177,550,542,841,365,291,7
2015_04805.jpg,858,417,1106,679,248,262,7
2015_04806.jpg,311,149,661,410,350,261,7
2015_04807.jpg,36,127,460,499,424,372,7
2015_04808.jpg,54,317,467,579,413,262,7
2015_04809.jpg,202,288,443,763,241,475,7
2015_04810.jpg,3,4,504,344,501,340,7
2015_04811.jpg,673,418,813,653,140,235,7
2015_04811.jpg,9,154,304,599,295,445,10
2015_04811.jpg,340,361,603,624,263,263,10
2015_04811.jpg,821,338,978,649,157,311,10
2015_04812.jpg,399,155,432,246,33,91,2
2015_04812.jpg,349,139,404,247,55,108,7
2015_04813.jpg,215,418,759,1008,544,590,7
2015_04814.jpg,619,751,730,964,111,213,7
2015_04814.jpg,169,465,432,836,263,371,10
2015_04814.jpg,235,774,392,1051,157,277,7
2015_04814.jpg,171,714,260,873,89,159,7
2015_04814.jpg,373,485,643,853,270,368,10
2015_04814.jpg,102,735,210,967,108,232,7
2015_04815.jpg,24,137,232,292,208,155,7
2015_04816.jpg,1134,227,1588,933,454,706,7
2015_04816.jpg,808,411,1306,1175,498,764,7
2015_04816.jpg,749,96,1098,668,349,572,7
2015_04817.jpg,18,6,250,203,232,197,7
2015_04818.jpg,12,75,362,404,350,329,7
2015_04819.jpg,110,265,146,351,36,86,7
2015_04819.jpg,43,146,324,603,281,457,10
2015_04820.jpg,569,136,863,490,294,354,7
2015_04821.jpg,40,69,832,584,792,515,7
2015_04822.jpg,225,154,621,360,396,206,7
2015_04823.jpg,64,73,354,336,290,263,7
2015_04824.jpg,233,134,879,514,646,380,7
2015_04825.jpg,340,260,638,493,298,233,7
2015_04825.jpg,33,166,311,503,278,337,7
2015_04826.jpg,16,459,378,651,362,192,7
2015_04827.jpg,119,221,679,776,560,555,7
2015_04828.jpg,117,296,709,1103,592,807,7
2015_04829.jpg,155,69,291,254,136,185,10
2015_04829.jpg,350,74,432,262,82,188,10
2015_04829.jpg,417,283,641,435,224,152,7
2015_04829.jpg,479,117,548,259,69,142,10
2015_04829.jpg,747,116,838,232,91,116,10
2015_04829.jpg,597,105,712,279,115,174,10
2015_04829.jpg,193,320,505,531,312,211,7
2015_04830.jpg,140,226,582,726,442,500,7
2015_04831.jpg,198,199,349,311,151,112,7
2015_04831.jpg,87,118,195,313,108,195,7
2015_04831.jpg,418,45,496,162,78,117,7
2015_04831.jpg,388,172,493,319,105,147,7
2015_04832.jpg,35,243,266,372,231,129,7
2015_04833.jpg,244,217,457,449,213,232,7
2015_04833.jpg,20,4,621,476,601,472,10
2015_04834.jpg,374,361,532,514,158,153,7
2015_04834.jpg,260,38,1005,639,745,601,10
2015_04835.jpg,261,59,402,298,141,239,10
2015_04835.jpg,27,335,103,398,76,63,7
2015_04835.jpg,391,81,577,390,186,309,10
2015_04835.jpg,186,188,341,359,155,171,10
2015_04835.jpg,146,346,244,421,98,75,7
2015_04835.jpg,406,384,502,445,96,61,7
2015_04835.jpg,258,354,355,416,97,62,7
2015_04836.jpg,142,125,396,212,254,87,11
2015_04836.jpg,59,148,477,632,418,484,8
2015_04836.jpg,254,44,297,107,43,63,7
2015_04836.jpg,6,70,130,306,124,236,6
2015_04837.JPEG,58,27,133,153,75,126,7
2015_04837.JPEG,3,68,419,369,416,301,8
2015_04838.JPEG,81,134,99,198,18,64,2
2015_04838.JPEG,190,282,413,364,223,82,11
2015_04838.JPEG,96,137,115,198,19,61,2
2015_04838.JPEG,42,201,57,260,15,59,2
2015_04838.JPEG,96,198,112,254,16,56,2
2015_04838.JPEG,313,103,354,181,41,78,10
2015_04838.JPEG,359,147,500,340,141,193,10
2015_04838.JPEG,60,137,81,198,21,61,2
2015_04838.JPEG,41,136,65,198,24,62,2
2015_04838.JPEG,290,112,330,184,40,72,10
2015_04838.JPEG,250,166,290,208,40,42,10
2015_04838.JPEG,288,285,338,315,50,30,7
2015_04838.JPEG,57,202,71,257,14,55,2
2015_04838.JPEG,167,156,245,212,78,56,8
2015_04838.JPEG,82,203,100,255,18,52,2
2015_04838.JPEG,40,309,65,351,25,42,2
2015_04838.JPEG,160,93,199,213,39,120,10
2015_04839.JPEG,155,17,358,281,203,264,7
2015_04840.JPEG,282,149,412,356,130,207,7
2015_04840.JPEG,245,51,335,155,90,104,7
2015_04840.JPEG,75,170,168,292,93,122,7
2015_04840.JPEG,206,118,320,317,114,199,7
2015_04840.JPEG,283,82,380,191,97,109,7
2015_04840.JPEG,345,129,460,325,115,196,7
2015_04841.JPEG,151,306,200,402,49,96,7
2015_04841.JPEG,120,218,165,344,45,126,2
2015_04841.JPEG,201,204,236,336,35,132,2
2015_04841.JPEG,232,211,275,340,43,129,2
2015_04841.JPEG,267,219,314,337,47,118,2
2015_04841.JPEG,308,198,335,328,27,130,2
2015_04841.JPEG,22,246,69,305,47,59,7
2015_04841.JPEG,80,311,132,407,52,96,7
2015_04841.JPEG,74,240,122,337,48,97,2
2015_04841.JPEG,18,291,80,416,62,125,7
2015_04842.JPEG,79,8,274,412,195,404,7
2015_04842.JPEG,301,138,359,239,58,101,10
2015_04843.JPEG,128,68,253,300,125,232,7
2015_04844.JPEG,255,7,398,246,143,239,7
2015_04844.JPEG,382,36,495,192,113,156,10
2015_04845.JPEG,150,31,302,339,152,308,7
2015_04846.JPEG,136,32,343,343,207,311,7
2015_04846.JPEG,357,3,479,166,122,163,7
2015_04847.JPEG,5,7,271,312,266,305,7
2015_04848.JPEG,250,83,337,179,87,96,7
2015_04849.JPEG,5,10,185,182,180,172,7
2015_04849.JPEG,146,181,396,426,250,245,7
2015_04850.JPEG,125,16,445,312,320,296,7
2015_04851.JPEG,238,11,492,318,254,307,7
2015_04852.JPEG,44,32,292,490,248,458,7
2015_04853.JPEG,4,42,333,451,329,409,7
2015_04854.JPEG,210,23,420,176,210,153,7
2015_04855.JPEG,205,98,390,261,185,163,7
2015_04856.JPEG,157,178,377,359,220,181,7
2015_04857.JPEG,231,77,438,228,207,151,7
2015_04858.JPEG,244,189,390,300,146,111,7
2015_04859.jpg,287,245,395,376,108,131,7
2015_04859.jpg,25,106,422,705,397,599,10
2015_04860.jpg,215,788,966,1302,751,514,7
2015_04861.jpg,207,57,435,254,228,197,7
2015_04862.jpg,366,143,709,573,343,430,7
2015_04863.jpg,198,91,372,231,174,140,7
2015_04864.jpg,596,364,703,482,107,118,7
2015_04865.jpg,8,289,366,583,358,294,7
2015_04866.jpg,726,336,800,450,74,114,7
2015_04866.jpg,657,367,742,450,85,83,7
2015_04866.jpg,294,135,665,449,371,314,10
2015_04867.jpg,71,231,300,571,229,340,7
2015_04868.jpg,16,869,330,1114,314,245,7
2015_04868.jpg,621,617,780,1019,159,402,7
2015_04868.jpg,531,830,622,1003,91,173,7
2015_04869.jpg,309,504,481,741,172,237,7
2015_04869.jpg,265,499,331,706,66,207,2
2015_04870.jpg,121,542,723,928,602,386,7
2015_04871.jpg,99,187,307,429,208,242,7
2015_04871.jpg,255,6,352,308,97,302,2
2015_04872.jpg,11,45,311,386,300,341,7
2015_04873.jpg,6,151,132,616,126,465,10
2015_04873.jpg,220,344,286,438,66,94,7
2015_04873.jpg,549,385,625,483,76,98,7
2015_04873.jpg,420,390,493,501,73,111,7
2015_04873.jpg,64,258,841,633,777,375,11
2015_04874.jpg,3,110,565,452,562,342,7
2015_04875.jpg,6,35,249,416,243,381,7
2015_04876.jpg,424,622,610,836,186,214,7
2015_04877.jpg,31,62,314,377,283,315,7
2015_04878.jpg,210,74,535,623,325,549,10
2015_04878.jpg,4,51,269,725,265,674,7
2015_04878.jpg,249,356,405,654,156,298,7
2015_04879.jpg,328,103,486,389,158,286,7
2015_04880.jpg,166,350,450,502,284,152,7
2015_04881.jpg,114,596,259,780,145,184,7
2015_04882.jpg,4,143,224,349,220,206,7
2015_04882.jpg,105,11,270,176,165,165,7
2015_04883.jpg,11,471,417,757,406,286,7
2015_04884.jpg,42,532,115,637,73,105,7
2015_04885.jpg,89,353,354,566,265,213,7
2015_04886.jpg,559,380,679,462,120,82,7
2015_04886.jpg,38,409,265,591,227,182,7
2015_04886.jpg,256,371,377,460,121,89,7
2015_04886.jpg,730,382,882,480,152,98,7
2015_04886.jpg,376,397,574,546,198,149,7
2015_04887.jpg,416,127,794,504,378,377,7
2015_04888.jpg,116,121,318,571,202,450,7
2015_04889.jpg,222,88,319,309,97,221,7
2015_04889.jpg,366,61,478,206,112,145,7
2015_04889.jpg,62,73,148,260,86,187,7
2015_04889.jpg,312,113,372,192,60,79,7
2015_04889.jpg,482,164,562,267,80,103,7
2015_04890.jpg,14,362,380,781,366,419,7
2015_04891.jpg,450,55,618,256,168,201,7
2015_04892.jpg,647,101,852,425,205,324,7
2015_04893.jpg,342,142,571,361,229,219,7
2015_04894.jpg,283,129,640,335,357,206,7
2015_04895.jpg,152,404,328,695,176,291,7
2015_04895.jpg,351,426,535,691,184,265,7
2015_04895.jpg,314,597,498,814,184,217,7
2015_04896.jpg,365,140,574,408,209,268,7
2015_04896.jpg,4,9,319,437,315,428,5
2015_04897.jpg,436,98,564,310,128,212,7
2015_04897.jpg,3,291,108,445,105,154,7
2015_04897.jpg,366,213,469,280,103,67,7
2015_04897.jpg,112,243,273,388,161,145,7
2015_04897.jpg,179,204,290,308,111,104,7
2015_04897.jpg,328,244,453,389,125,145,7
2015_04898.jpg,114,170,416,415,302,245,7
2015_04899.jpg,704,43,866,253,162,210,7
2015_04900.jpg,12,212,492,696,480,484,7
2015_04901.jpg,465,272,526,364,61,92,7
2015_04901.jpg,220,313,290,428,70,115,7
2015_04901.jpg,127,330,195,431,68,101,7
2015_04901.jpg,501,95,741,323,240,228,10
2015_04901.jpg,744,110,897,339,153,229,10
2015_04901.jpg,281,102,570,364,289,262,10
2015_04901.jpg,683,297,740,357,57,60,7
2015_04901.jpg,573,261,624,336,51,75,7
2015_04901.jpg,42,68,222,400,180,332,10
2015_04902.jpg,203,416,1096,887,893,471,7
2015_04903.jpg,9,14,583,793,574,779,7
2015_04904.jpg,570,326,890,664,320,338,7
2015_04904.jpg,216,11,889,496,673,485,7
2015_04905.jpg,22,80,370,522,348,442,7
2015_04906.jpg,107,159,480,604,373,445,7
2015_04907.jpg,532,580,757,820,225,240,7
2015_04907.jpg,252,588,455,844,203,256,7
2015_04907.jpg,5,606,223,868,218,262,7
2015_04907.jpg,463,261,569,395,106,134,7
2015_04907.jpg,179,289,312,437,133,148,7
2015_04907.jpg,332,262,439,396,107,134,7
2015_04908.jpg,83,123,352,375,269,252,7
2015_04909.png,5,75,395,435,390,360,7
2015_04910.png,391,340,461,401,70,61,7
2015_04910.png,307,343,371,416,64,73,7
2015_04911.png,315,391,392,480,77,89,7
2015_04911.png,206,414,299,483,93,69,7
2015_04912.png,1040,482,1105,635,65,153,10
2015_04912.png,559,286,667,442,108,156,10
2015_04912.png,1107,554,1167,667,60,113,7
2015_04913.png,776,25,1257,714,481,689,10
2015_04913.png,341,158,544,715,203,557,10
2015_04913.png,425,360,478,450,53,90,7
2015_04914.png,652,76,733,189,81,113,7
2015_04914.png,577,41,658,192,81,151,7
2015_04914.png,371,279,695,708,324,429,10
2015_04914.png,630,5,1133,706,503,701,10
2015_04914.png,54,191,430,707,376,516,10
2015_04915.png,212,68,763,666,551,598,10
2015_04915.png,903,536,1087,712,184,176,7
2015_04915.png,232,535,335,677,103,142,7
2015_04915.png,415,413,546,677,131,264,7
2015_04916.png,233,19,570,523,337,504,10
2015_04916.png,61,413,144,529,83,116,7
2015_04917.png,5,338,204,674,199,336,7
2015_04918.png,845,310,921,385,76,75,7
2015_04918.png,787,363,858,424,71,61,7
2015_04918.png,463,70,747,467,284,397,10
2015_04918.png,756,140,884,302,128,162,10
2015_04918.png,925,53,1195,526,270,473,10
2015_04919.png,488,219,729,446,241,227,7
2015_04920.png,871,55,1225,512,354,457,10
2015_04920.png,800,351,868,424,68,73,7
2015_04920.png,499,67,820,476,321,409,10
2015_04920.png,873,319,929,381,56,62,7
2015_04921.png,25,3,206,196,181,193,10
2015_04921.png,85,126,108,196,23,70,7
2015_04921.png,3,174,206,320,203,146,11
2015_04921.png,194,62,395,362,201,300,10
2015_04921.png,178,245,243,343,65,98,7
2015_04922.png,166,4,355,276,189,272,10
2015_04922.png,36,205,77,249,41,44,7
2015_04923.png,121,58,219,182,98,124,7
2015_04923.png,3,85,93,200,90,115,7
2015_04924.png,73,91,153,192,80,101,7
2015_04924.png,102,101,195,201,93,100,7
2015_04925.png,391,114,444,192,53,78,10
2015_04925.png,306,116,371,177,65,61,10
2015_04925.png,95,231,160,276,65,45,7
2015_04926.png,296,111,364,172,68,61,10
2015_04926.png,384,110,442,193,58,83,10
2015_04926.png,63,240,133,288,70,48,7
2015_04927.png,356,294,804,447,448,153,11
2015_04927.png,417,236,1045,434,628,198,6
2015_04927.png,637,262,691,302,54,40,7
2015_04928.png,405,268,953,504,548,236,11
2015_04928.png,855,223,942,288,87,65,7
2015_04929.png,648,657,1096,835,448,178,4
2015_04929.png,1063,801,1245,962,182,161,7
2015_04930.png,114,153,208,391,94,238,10
2015_04930.png,201,273,434,386,233,113,6
2015_04930.png,305,292,359,364,54,72,7
2015_04931.png,248,18,403,292,155,274,10
2015_04931.png,270,287,313,346,43,59,7
2015_04931.png,455,119,661,299,206,180,10
2015_04932.png,807,223,1167,579,360,356,10
2015_04932.png,635,7,869,565,234,558,10
2015_04932.png,733,528,796,589,63,61,7
2015_04932.png,189,426,383,697,194,271,11
2015_04933.png,785,88,1025,489,240,401,10
2015_04933.png,1074,440,1152,502,78,62,7
2015_04933.png,200,43,511,713,311,670,10
2015_04933.png,1148,473,1221,526,73,53,7
2015_04933.png,1122,519,1195,584,73,65,7
2015_04933.png,739,134,1113,566,374,432,10
2015_04933.png,1117,593,1222,690,105,97,7
2015_04933.png,435,97,981,712,546,615,10
2015_04934.png,216,386,292,436,76,50,7
2015_04934.png,255,456,334,509,79,53,7
2015_04934.png,322,500,426,581,104,81,7
2015_04934.png,5,13,258,428,253,415,10
2015_04934.png,331,111,589,440,258,329,10
2015_04934.png,314,117,769,565,455,448,10
2015_04934.png,353,20,1082,710,729,690,10
2015_04935.png,300,378,367,434,67,56,7
2015_04935.png,242,418,318,479,76,61,7
2015_04935.png,315,470,408,537,93,67,7
2015_04935.png,329,12,934,689,605,677,10
2015_04935.png,209,354,268,413,59,59,7
2015_04935.png,7,4,266,399,259,395,10
2015_04935.png,437,39,745,528,308,489,10
2015_04936.png,168,19,436,447,268,428,7
2015_04937.jpg,34,376,420,694,386,318,7
2015_04938.jpg,226,98,772,499,546,401,7
2015_04939.jpg,12,153,258,572,246,419,7
2015_04940.jpg,226,369,377,575,151,206,10
2015_04940.jpg,363,540,396,580,33,40,7
2015_04940.jpg,600,573,653,638,53,65,7
2015_04940.jpg,535,547,592,643,57,96,7
2015_04940.jpg,399,501,448,557,49,56,7
2015_04940.jpg,617,501,650,550,33,49,7
2015_04940.jpg,554,434,601,543,47,109,2
2015_04940.jpg,195,254,389,492,194,238,10
2015_04940.jpg,145,366,391,632,246,266,10
2015_04940.jpg,416,350,524,468,108,118,10
2015_04940.jpg,742,436,1005,764,263,328,10
2015_04940.jpg,702,356,846,627,144,271,10
2015_04941.jpg,127,271,211,404,84,133,7
2015_04941.jpg,91,197,794,472,703,275,11
2015_04942.jpg,10,585,170,892,160,307,7
2015_04942.jpg,14,436,213,702,199,266,7
2015_04943.jpg,14,9,691,653,677,644,7
2015_04944.jpg,154,49,283,229,129,180,8
2015_04945.png,7,47,270,250,263,203,8
2015_04946.jpg,305,85,373,190,68,105,10
2015_04946.jpg,18,61,366,426,348,365,8
2015_04947.jpg,16,104,424,295,408,191,8
2015_04948.png,98,27,443,365,345,338,8
2015_04949.jpg,5,170,354,330,349,160,6
2015_04949.jpg,74,243,197,309,123,66,8
2015_04950.png,152,138,635,381,483,243,8
2015_04951.jpg,195,249,426,538,231,289,8
2015_04952.jpg,659,422,725,477,66,55,8
2015_04952.jpg,478,294,596,341,118,47,4
2015_04952.jpg,420,296,468,319,48,23,4
2015_04952.jpg,322,293,393,323,71,30,4
2015_04952.jpg,660,285,752,352,92,67,4
2015_04952.jpg,572,231,664,494,92,263,10
2015_04952.jpg,449,280,486,353,37,73,10
2015_04953.jpg,161,120,345,362,184,242,8
2015_04954.jpg,27,122,168,248,141,126,8
2015_04955.jpg,265,153,337,298,72,145,10
2015_04955.jpg,226,221,273,304,47,83,8
2015_04956.jpg,178,370,285,504,107,134,8
2015_04956.jpg,15,210,140,513,125,303,10
2015_04956.jpg,127,415,237,530,110,115,8
2015_04957.jpg,9,133,317,387,308,254,8
2015_04958.jpg,460,265,785,556,325,291,8
2015_04958.jpg,103,272,478,551,375,279,8
2015_04959.jpg,341,280,470,391,129,111,8
2015_04960.jpg,237,87,300,110,63,23,4
2015_04960.jpg,303,74,396,113,93,39,4
2015_04960.jpg,409,62,463,105,54,43,4
2015_04960.jpg,4,9,244,180,240,171,8
2015_04961.jpg,51,43,496,425,445,382,8
2015_04962.jpg,352,213,455,310,103,97,8
2015_04962.jpg,213,217,305,291,92,74,8
2015_04962.jpg,165,181,224,257,59,76,8
2015_04962.jpg,279,189,353,279,74,90,8
2015_04962.jpg,127,174,178,265,51,91,8
2015_04962.jpg,433,239,554,339,121,100,8
2015_04962.jpg,12,81,67,218,55,137,10
2015_04962.jpg,544,236,630,338,86,102,8
2015_04963.jpg,349,139,484,255,135,116,8
2015_04964.jpg,300,179,355,302,55,123,10
2015_04964.jpg,259,235,310,304,51,69,8
2015_04965.jpg,635,343,760,651,125,308,10
2015_04965.jpg,567,343,669,636,102,293,10
2015_04965.jpg,412,365,466,458,54,93,10
2015_04965.jpg,743,381,823,429,80,48,4
2015_04965.jpg,511,532,619,619,108,87,8
2015_04966.jpg,218,232,286,278,68,46,8
2015_04967.jpg,425,521,558,626,133,105,8
2015_04967.jpg,351,405,433,637,82,232,10
2015_04968.jpg,282,371,364,623,82,252,10
2015_04968.jpg,230,527,293,614,63,87,8
2015_04968.jpg,163,368,241,619,78,251,10
2015_04969.jpg,351,134,488,296,137,162,10
2015_04969.jpg,305,268,389,332,84,64,8
2015_04970.jpg,48,102,239,374,191,272,8
2015_04971.jpg,156,226,422,560,266,334,8
2015_04972.jpg,237,475,488,666,251,191,8
2015_04972.jpg,98,143,322,627,224,484,10
2015_04972.jpg,318,190,526,412,208,222,4
2015_04973.jpg,1017,284,1189,729,172,445,10
2015_04973.jpg,646,386,1007,778,361,392,8
2015_04974.jpg,825,299,1042,903,217,604,10
2015_04974.jpg,1036,143,1456,495,420,352,4
2015_04974.jpg,165,231,640,777,475,546,10
2015_04974.jpg,653,253,916,675,263,422,10
2015_04974.jpg,998,347,1209,729,211,382,8
2015_04974.jpg,536,466,750,771,214,305,8
2015_04975.jpg,191,160,266,410,75,250,10
2015_04975.jpg,238,340,324,416,86,76,8
2015_04976.jpg,210,24,437,326,227,302,8
2015_04977.jpg,95,17,264,122,169,105,8
2015_04977.jpg,262,5,363,151,101,146,8
2015_04978.jpg,216,186,276,263,60,77,8
2015_04979.jpg,183,73,318,316,135,243,8
2015_04980.jpg,327,301,474,581,147,280,10
2015_04980.jpg,158,444,287,559,129,115,8
2015_04980.jpg,168,411,259,457,91,46,4
2015_04980.jpg,733,374,854,451,121,77,4
2015_04980.jpg,674,382,771,448,97,66,4
2015_04981.jpg,137,396,332,561,195,165,4
2015_04981.jpg,602,446,678,525,76,79,8
2015_04981.jpg,217,357,256,410,39,53,10
2015_04981.jpg,509,369,584,526,75,157,10
2015_04981.jpg,971,310,1021,510,50,200,10
2015_04982.jpg,443,308,612,380,169,72,8
2015_04982.jpg,352,187,384,218,32,31,5
2015_04982.jpg,301,226,471,293,170,67,8
2015_04982.jpg,168,224,187,259,19,35,2
2015_04983.jpg,267,153,452,418,185,265,8
2015_04983.jpg,366,9,488,92,122,83,4
2015_04983.jpg,483,6,636,264,153,258,4
2015_04984.jpg,1161,401,1349,619,188,218,10
2015_04984.jpg,476,492,701,649,225,157,8
2015_04984.jpg,888,549,1169,901,281,352,6
2015_04984.jpg,1216,609,1388,894,172,285,6
2015_04984.jpg,979,431,1215,887,236,456,10
2015_04985.jpg,149,197,271,334,122,137,8
2015_04986.jpg,73,387,96,421,23,34,10
2015_04986.jpg,232,404,255,436,23,32,10
2015_04986.jpg,64,518,154,544,90,26,8
2015_04986.jpg,70,478,125,507,55,29,8
2015_04986.jpg,31,396,49,430,18,34,10
2015_04986.jpg,220,483,264,519,44,36,8
2015_04987.jpg,167,104,211,184,44,80,10
2015_04987.jpg,121,148,179,185,58,37,8
2015_04988.jpg,231,111,410,340,179,229,8
2015_04989.jpg,330,285,389,383,59,98,8
2015_04989.jpg,559,79,637,419,78,340,10
2015_04989.jpg,416,89,554,418,138,329,10
2015_04989.jpg,166,62,321,420,155,358,10
2015_04989.jpg,373,105,457,354,84,249,10
2015_04990.jpg,582,156,633,213,51,57,8
2015_04990.jpg,454,94,533,185,79,91,8
2015_04990.jpg,389,248,445,375,56,127,10
2015_04991.jpg,415,70,631,247,216,177,4
2015_04991.jpg,18,187,369,410,351,223,8
2015_04991.jpg,246,95,335,232,89,137,10
2015_04991.jpg,106,10,252,227,146,217,10
2015_04992.jpg,383,248,460,430,77,182,10
2015_04992.jpg,344,351,400,426,56,75,8
2015_04993.jpg,6,229,313,577,307,348,8
2015_04993.jpg,8,11,229,337,221,326,10
2015_04994.jpg,105,114,246,203,141,89,8
2015_04994.jpg,227,151,295,282,68,131,8
2015_04994.jpg,30,154,268,401,238,247,8
2015_04995.jpg,116,76,334,186,218,110,6
2015_04995.jpg,223,93,443,349,220,256,8
2015_04996.jpg,200,47,390,310,190,263,8
2015_04997.jpg,74,290,231,409,157,119,8
2015_04997.jpg,212,185,293,319,81,134,6
2015_04997.jpg,107,186,229,297,122,111,10
2015_04998.jpg,273,232,608,450,335,218,8
2015_04999.jpg,179,439,222,487,43,48,8
2015_05000.jpg,16,218,1012,671,996,453,8
2015_05001.jpg,272,116,362,247,90,131,8
2015_05001.jpg,357,90,414,179,57,89,8
2015_05002.jpg,262,90,465,318,203,228,8
2015_05002.jpg,158,131,354,366,196,235,8
2015_05003.jpg,233,168,703,547,470,379,8
2015_05004.jpg,101,269,166,414,65,145,8
2015_05005.jpg,674,459,900,775,226,316,8
2015_05006.jpg,274,111,323,201,49,90,10
2015_05006.jpg,34,145,140,201,106,56,8
2015_05007.jpg,183,89,588,388,405,299,8
2015_05008.jpg,193,140,351,284,158,144,8
2015_05008.jpg,366,177,534,328,168,151,8
2015_05008.jpg,201,3,283,102,82,99,9
2015_05009.jpg,294,356,345,436,51,80,8
2015_05010.jpg,106,269,296,342,190,73,8
2015_05010.jpg,5,128,115,341,110,213,6
2015_05011.jpg,10,40,421,358,411,318,8
2015_05012.jpg,35,292,149,470,114,178,8
2015_05012.jpg,111,339,206,470,95,131,8
2015_05012.jpg,167,176,243,462,76,286,10
2015_05012.jpg,216,180,296,466,80,286,10
2015_05013.jpg,150,347,268,478,118,131,8
2015_05013.jpg,266,183,380,477,114,294,10
2015_05014.jpg,135,75,389,202,254,127,11
2015_05014.jpg,103,58,182,188,79,130,6
2015_05014.jpg,51,157,160,295,109,138,8
2015_05015.jpg,10,44,317,460,307,416,9
2015_05015.jpg,625,174,901,449,276,275,10
2015_05015.jpg,490,378,713,639,223,261,8
2015_05015.jpg,804,367,1015,645,211,278,6
2015_05016.jpg,260,173,529,465,269,292,8
2015_05017.jpg,283,263,433,362,150,99,8
2015_05017.jpg,410,262,608,372,198,110,8
2015_05018.jpg,270,300,348,421,78,121,8
2015_05019.jpg,277,413,362,487,85,74,4
2015_05019.jpg,104,475,171,563,67,88,8
2015_05019.jpg,232,476,331,578,99,102,8
2015_05019.jpg,153,320,260,582,107,262,10
2015_05019.jpg,322,411,421,536,99,125,4
2015_05020.jpg,226,151,306,210,80,59,4
2015_05020.jpg,148,246,221,382,73,136,8
2015_05021.jpg,209,142,439,403,230,261,8
2015_05022.jpg,48,215,408,627,360,412,8
2015_05023.jpg,296,257,345,308,49,51,8
2015_05024.jpg,195,110,297,244,102,134,8
2015_05025.jpg,447,330,577,386,130,56,8
2015_05026.jpg,639,165,902,919,263,754,10
2015_05026.jpg,1086,524,1166,703,80,179,10
2015_05026.jpg,1326,487,1435,651,109,164,10
2015_05026.jpg,162,408,344,562,182,154,10
2015_05026.jpg,629,736,887,928,258,192,8
2015_05026.jpg,1206,457,1323,649,117,192,10
2015_05026.jpg,33,300,148,393,115,93,10
2015_05026.jpg,138,329,213,463,75,134,10
2015_05026.jpg,1490,479,1579,640,89,161,10
2015_05027.jpg,118,147,519,730,401,583,8
2015_05028.jpg,286,95,525,330,239,235,8
2015_05028.jpg,65,147,269,340,204,193,8
2015_05029.jpg,16,242,1529,1065,1513,823,8
2015_05030.jpg,221,113,376,267,155,154,8
2015_05031.jpg,132,246,232,320,100,74,8
2015_05031.jpg,439,388,557,596,118,208,10
2015_05031.jpg,221,495,556,765,335,270,6
2015_05032.jpg,27,366,493,728,466,362,8
2015_05033.jpg,251,205,412,399,161,194,8
2015_05033.jpg,122,64,484,312,362,248,4
2015_05034.jpg,356,321,459,523,103,202,10
2015_05034.jpg,438,422,516,540,78,118,8
2015_05034.jpg,469,423,557,523,88,100,8
2015_05035.jpg,264,429,319,482,55,53,8
2015_05035.jpg,313,344,362,488,49,144,10
2015_05036.jpg,556,254,578,300,22,46,10
2015_05036.jpg,125,252,158,361,33,109,10
2015_05036.jpg,149,257,190,397,41,140,10
2015_05036.jpg,541,252,558,299,17,47,10
2015_05036.jpg,235,371,279,410,44,39,8
2015_05037.jpg,276,190,368,356,92,166,10
2015_05037.jpg,239,255,318,346,79,91,8
2015_05038.jpg,283,6,603,295,320,289,8
2015_05038.jpg,67,10,283,289,216,279,8
2015_05039.jpg,374,305,436,417,62,112,8
2015_05039.jpg,283,274,321,328,38,54,8
2015_05039.jpg,251,307,327,396,76,89,8
2015_05039.jpg,334,265,362,303,28,38,8
2015_05039.jpg,369,274,401,328,32,54,8
2015_05040.jpg,94,173,253,314,159,141,8
2015_05040.jpg,230,122,364,195,134,73,8
2015_05040.jpg,357,152,504,340,147,188,8
2015_05041.jpg,188,221,255,385,67,164,10
2015_05041.jpg,148,284,207,389,59,105,8
2015_05041.jpg,132,237,203,266,71,29,4
2015_05042.jpg,192,16,1059,640,867,624,8
2015_05043.jpg,284,186,333,318,49,132,10
2015_05043.jpg,13,272,41,313,28,41,10
2015_05043.jpg,2,271,16,310,14,39,10
2015_05043.jpg,133,274,221,317,88,43,8
2015_05044.jpg,400,69,505,172,105,103,8
2015_05044.jpg,441,295,537,361,96,66,8
2015_05044.jpg,284,312,400,411,116,99,8
2015_05044.jpg,371,263,453,362,82,99,8
2015_05044.jpg,336,299,435,380,99,81,8
2015_05044.jpg,256,77,351,215,95,138,8
2015_05045.jpg,4,38,173,187,169,149,8
2015_05045.jpg,381,3,493,158,112,155,10
2015_05045.jpg,222,6,431,269,209,263,10
2015_05046.jpg,361,246,598,669,237,423,8
2015_05047.jpg,106,128,335,355,229,227,8
2015_05048.jpg,139,108,171,168,32,60,4
2015_05048.jpg,297,115,324,138,27,23,4
2015_05048.jpg,388,161,419,221,31,60,8
2015_05048.jpg,234,115,280,140,46,25,4
2015_05048.jpg,265,109,295,140,30,31,4
2015_05048.jpg,348,106,381,217,33,111,10
2015_05049.jpg,363,296,434,481,71,185,10
2015_05049.jpg,234,355,355,489,121,134,6
2015_05049.jpg,251,296,344,483,93,187,10
2015_05049.jpg,359,350,442,490,83,140,6
2015_05049.jpg,19,508,240,608,221,100,8
2015_05049.jpg,235,267,290,485,55,218,10
2015_05050.jpg,109,134,210,447,101,313,8
2015_05051.jpg,123,7,285,208,162,201,8
2015_05051.jpg,284,24,373,174,89,150,6
2015_05052.jpg,80,127,322,495,242,368,8
2015_05053.jpg,245,92,423,223,178,131,8
2015_05053.jpg,9,14,307,215,298,201,8
2015_05054.jpg,290,64,444,286,154,222,8
2015_05054.jpg,99,28,274,301,175,273,8
2015_05055.jpg,126,99,353,233,227,134,8
2015_05056.jpg,253,61,302,136,49,75,8
2015_05057.jpg,204,52,391,336,187,284,10
2015_05057.jpg,8,139,455,355,447,216,6
2015_05057.jpg,382,291,485,372,103,81,8
2015_05057.jpg,13,69,232,237,219,168,8
2015_05058.jpg,118,164,487,368,369,204,8
2015_05059.jpg,30,153,244,415,214,262,8
2015_05060.jpg,38,182,246,365,208,183,8
2015_05060.jpg,187,33,440,357,253,324,10
2015_05060.jpg,243,119,493,367,250,248,6
2015_05061.jpg,1165,1142,1693,1575,528,433,8
2015_05061.jpg,322,1212,903,1487,581,275,8
2015_05062.jpg,1286,263,1900,2335,614,2072,10
2015_05062.jpg,279,1149,1257,1697,978,548,8
2015_05063.jpg,99,90,852,845,753,755,8
2015_05064.jpg,164,36,389,476,225,440,8
2015_05064.jpg,373,48,572,466,199,418,8
2015_05065.jpg,205,6,386,397,181,391,8
2015_05066.jpg,191,45,424,353,233,308,8
2015_05067.jpg,436,230,647,590,211,360,10
2015_05067.jpg,519,245,713,460,194,215,8
2015_05068.jpg,288,110,555,298,267,188,8
2015_05069.jpg,35,14,418,416,383,402,8
2015_05070.jpg,217,181,327,353,110,172,8
2015_05071.jpg,191,229,299,324,108,95,8
2015_05072.jpg,138,5,295,109,157,104,6
2015_05072.jpg,231,121,363,185,132,64,8
2015_05073.jpg,427,76,632,374,205,298,8
2015_05074.jpg,77,146,447,582,370,436,8
2015_05074.jpg,5,10,121,262,116,252,8
2015_05075.jpg,395,4,1015,393,620,389,4
2015_05075.jpg,377,250,618,482,241,232,8
2015_05076.jpg,273,197,432,351,159,154,8
2015_05077.jpg,765,427,974,657,209,230,4
2015_05077.jpg,178,617,348,917,170,300,8
2015_05077.jpg,405,275,687,951,282,676,10
2015_05078.jpg,74,22,460,475,386,453,8
2015_05079.jpg,229,178,407,333,178,155,8
2015_05080.jpg,261,195,296,234,35,39,8
2015_05080.jpg,215,214,254,265,39,51,8
2015_05080.jpg,210,227,286,288,76,61,8
2015_05081.jpg,466,643,560,907,94,264,10
2015_05081.jpg,406,808,486,895,80,87,8
2015_05082.jpg,13,13,738,735,725,722,8
2015_05083.jpg,199,448,284,618,85,170,8
2015_05083.jpg,372,205,421,289,49,84,10
2015_05083.jpg,49,444,198,600,149,156,8
2015_05084.jpg,14,107,474,627,460,520,8
2015_05085.jpg,136,311,267,409,131,98,8
2015_05085.jpg,338,70,473,410,135,340,10
2015_05086.jpg,402,269,624,412,222,143,8
2015_05086.jpg,820,4,919,58,99,54,4
2015_05086.jpg,527,13,713,368,186,355,10
2015_05086.jpg,300,58,460,159,160,101,4
2015_05086.jpg,83,65,401,253,318,188,4
2015_05087.jpg,422,224,500,298,78,74,8
2015_05087.jpg,373,148,442,296,69,148,10
2015_05088.jpg,181,70,271,248,90,178,8
2015_05088.jpg,191,20,347,194,156,174,4
2015_05088.jpg,311,80,470,264,159,184,8
2015_05088.jpg,330,47,588,188,258,141,4
2015_05088.jpg,4,3,225,253,221,250,4
2015_05088.jpg,253,82,405,252,152,170,8
2015_05089.jpg,36,207,236,392,200,185,8
2015_05090.jpg,538,72,591,193,53,121,10
2015_05090.jpg,295,148,376,362,81,214,8
2015_05091.jpg,258,272,429,541,171,269,6
2015_05091.jpg,46,271,234,555,188,284,6
2015_05091.jpg,281,175,311,262,30,87,2
2015_05091.jpg,295,171,390,268,95,97,10
2015_05091.jpg,434,454,799,635,365,181,8
2015_05091.jpg,138,275,346,546,208,271,11
2015_05092.jpg,402,344,481,412,79,68,8
2015_05092.jpg,253,157,370,440,117,283,10
2015_05093.jpg,290,197,426,319,136,122,8
2015_05094.jpg,6,85,110,153,104,68,8
2015_05094.jpg,109,66,300,253,191,187,8
2015_05095.jpg,587,379,744,526,157,147,8
2015_05095.jpg,30,214,624,489,594,275,4
2015_05096.jpg,9,161,195,363,186,202,8
2015_05097.jpg,139,125,476,820,337,695,10
2015_05097.jpg,268,543,563,913,295,370,8
2015_05098.jpg,199,64,548,408,349,344,8
2015_05099.jpg,6,330,349,509,343,179,8
2015_05100.jpg,187,147,261,224,74,77,4
2015_05100.jpg,304,367,422,635,118,268,4
2015_05100.jpg,94,145,224,260,130,115,4
2015_05100.jpg,119,233,258,354,139,121,8
2015_05101.jpg,141,41,296,264,155,223,8
2015_05102.jpg,217,52,347,305,130,253,8
2015_05103.jpg,155,705,328,876,173,171,8
2015_05103.jpg,391,155,525,555,134,400,10
2015_05103.jpg,514,238,603,424,89,186,10
2015_05104.jpg,238,364,279,431,41,67,8
2015_05105.jpg,676,308,808,442,132,134,8
2015_05105.jpg,476,121,647,402,171,281,10
2015_05106.jpg,160,178,382,314,222,136,8
2015_05107.jpg,4,66,97,213,93,147,4
2015_05107.jpg,33,19,436,199,403,180,4
2015_05107.jpg,201,8,634,201,433,193,4
2015_05107.jpg,283,205,432,336,149,131,8
2015_05108.jpg,66,273,156,372,90,99,8
2015_05109.jpg,259,134,358,392,99,258,8
2015_05110.jpg,89,367,136,473,47,106,10
2015_05110.jpg,235,489,327,569,92,80,8
2015_05111.jpg,302,307,367,390,65,83,8
2015_05112.jpg,75,111,436,342,361,231,8
2015_05112.jpg,101,208,400,526,299,318,8
2015_05113.jpg,130,179,253,338,123,159,10
2015_05113.jpg,111,277,182,395,71,118,8
2015_05114.jpg,503,319,631,461,128,142,8
2015_05115.jpg,119,147,182,245,63,98,8
2015_05115.jpg,190,157,265,285,75,128,11
2015_05115.jpg,262,153,361,297,99,144,6
2015_05116.jpg,340,209,399,271,59,62,8
2015_05117.jpg,348,37,409,245,61,208,10
2015_05117.jpg,119,228,230,363,111,135,8
2015_05117.jpg,385,60,484,387,99,327,10
2015_05117.jpg,526,94,639,219,113,125,4
2015_05117.jpg,8,164,203,364,195,200,6
2015_05117.jpg,253,251,456,474,203,223,10
2015_05118.jpg,162,4,299,188,137,184,8
2015_05119.jpg,471,24,1006,618,535,594,8
2015_05120.jpg,529,292,793,597,264,305,8
2015_05121.jpg,145,9,556,423,411,414,8
2015_05122.jpg,14,167,550,472,536,305,8
2015_05123.jpg,174,229,318,409,144,180,8
2015_05124.jpg,17,5,536,254,519,249,8
2015_05125.jpg,161,276,309,503,148,227,8
2015_05125.jpg,133,129,289,254,156,125,11
2015_05125.jpg,230,166,333,282,103,116,6
2015_05126.jpg,177,297,283,391,106,94,8
2015_05127.jpg,173,40,487,401,314,361,8
2015_05128.jpg,283,26,945,667,662,641,8
2015_05129.jpg,324,219,489,313,165,94,8
2015_05129.jpg,442,187,603,262,161,75,8
2015_05129.jpg,124,254,449,388,325,134,8
2015_05130.jpg,197,288,455,581,258,293,10
2015_05130.jpg,384,469,599,584,215,115,8
2015_05131.jpg,335,249,462,364,127,115,8
2015_05132.jpg,133,210,317,467,184,257,10
2015_05132.jpg,211,309,363,464,152,155,8
2015_05133.jpg,33,158,362,410,329,252,8
2015_05134.jpg,294,547,437,766,143,219,8
2015_05135.jpg,80,3,173,278,93,275,10
2015_05135.jpg,238,7,299,234,61,227,10
2015_05135.jpg,130,164,292,279,162,115,8
2015_05135.jpg,331,6,427,227,96,221,10
2015_05135.jpg,278,8,348,222,70,214,10
2015_05135.jpg,138,52,191,189,53,137,10
2015_05136.jpg,110,12,205,258,95,246,10
2015_05136.jpg,257,160,324,249,67,89,8
2015_05137.jpg,351,447,412,556,61,109,10
2015_05137.jpg,324,496,381,555,57,59,8
2015_05138.jpg,12,268,155,608,143,340,10
2015_05138.jpg,198,457,486,794,288,337,8
2015_05139.jpg,171,234,203,285,32,51,8
2015_05139.jpg,175,174,300,294,125,120,1
2015_05140.jpg,124,67,377,542,253,475,8
2015_05141.jpg,165,87,557,471,392,384,8
2015_05142.jpg,311,250,408,364,97,114,8
2015_05142.jpg,186,249,295,369,109,120,8
2015_05143.jpg,183,437,284,556,101,119,8
2015_05143.jpg,263,229,386,566,123,337,10
2015_05144.jpg,367,212,437,265,70,53,8
2015_05145.jpg,165,34,462,419,297,385,8
2015_05146.jpg,11,92,282,317,271,225,8
2015_05146.jpg,364,233,460,322,96,89,10
2015_05146.jpg,119,3,455,310,336,307,10
2015_05147.jpg,80,65,451,495,371,430,8
2015_05148.jpg,235,74,549,373,314,299,8
2015_05149.jpg,388,21,1011,423,623,402,8
2015_05150.jpg,129,137,205,182,76,45,4
2015_05150.jpg,59,283,213,429,154,146,8
2015_05151.jpg,575,472,750,635,175,163,8
2015_05151.jpg,588,196,694,581,106,385,10
2015_05151.jpg,309,253,355,337,46,84,10
2015_05151.jpg,362,252,392,340,30,88,10
2015_05151.jpg,388,260,423,335,35,75,10
2015_05151.jpg,417,272,548,324,131,52,4
2015_05151.jpg,146,251,306,326,160,75,4
2015_05152.jpg,149,334,169,375,20,41,10
2015_05152.jpg,184,329,206,378,22,49,10
2015_05152.jpg,143,399,194,440,51,41,8
2015_05153.jpg,106,212,179,301,73,89,8
2015_05153.jpg,366,110,416,268,50,158,10
2015_05153.jpg,297,118,373,290,76,172,10
2015_05153.jpg,430,129,525,198,95,69,4
2015_05154.jpg,298,160,335,241,37,81,10
2015_05154.jpg,320,257,411,325,91,68,8
2015_05154.jpg,443,172,560,248,117,76,4
2015_05154.jpg,260,160,297,242,37,82,10
2015_05155.jpg,157,120,393,507,236,387,8
2015_05156.jpg,109,51,242,484,133,433,8
2015_05157.jpg,13,247,231,388,218,141,8
2015_05157.jpg,37,109,325,495,288,386,10
2015_05158.jpg,554,57,589,100,35,43,4
2015_05158.jpg,479,51,521,87,42,36,4
2015_05158.jpg,2,57,142,154,140,97,4
2015_05158.jpg,304,161,357,295,53,134,8
2015_05158.jpg,298,47,360,104,62,57,4
2015_05159.jpg,194,258,267,331,73,73,8
2015_05160.jpg,144,414,209,479,65,65,8
2015_05161.jpg,633,11,850,121,217,110,6
2015_05161.jpg,90,290,497,731,407,441,8
2015_05162.jpg,151,160,198,212,47,52,10
2015_05162.jpg,89,231,180,316,91,85,8
2015_05163.jpg,349,209,602,664,253,455,8
2015_05164.jpg,116,411,163,497,47,86,8
2015_05164.jpg,137,237,188,314,51,77,10
2015_05165.jpg,534,53,997,650,463,597,8
2015_05166.jpg,92,208,188,336,96,128,8
2015_05166.jpg,362,95,481,272,119,177,10
2015_05166.jpg,197,96,400,336,203,240,10
2015_05166.jpg,6,59,151,332,145,273,10
2015_05167.jpg,614,192,730,290,116,98,8
2015_05168.jpg,111,249,216,380,105,131,8
2015_05168.jpg,200,209,273,351,73,142,8
2015_05169.jpg,441,96,492,218,51,122,10
2015_05169.jpg,364,104,433,288,69,184,10
2015_05169.jpg,185,132,252,291,67,159,10
2015_05169.jpg,300,111,348,256,48,145,10
2015_05169.jpg,334,118,380,269,46,151,10
2015_05169.jpg,162,244,278,339,116,95,8
2015_05169.jpg,16,111,111,196,95,85,4
2015_05170.jpg,23,34,567,497,544,463,8
2015_05171.jpg,191,168,437,428,246,260,8
2015_05172.jpg,160,358,218,432,58,74,8
2015_05172.jpg,87,257,160,445,73,188,10
2015_05173.jpg,11,8,143,328,132,320,10
2015_05173.jpg,112,321,244,412,132,91,8
2015_05173.jpg,472,132,637,243,165,111,4
2015_05173.jpg,136,116,258,220,122,104,4
2015_05173.jpg,196,112,418,272,222,160,4
2015_05174.jpg,282,197,368,337,86,140,8
2015_05175.jpg,296,139,455,318,159,179,8
2015_05175.jpg,383,95,573,286,190,191,8
2015_05175.jpg,11,9,170,401,159,392,10
2015_05176.jpg,192,327,357,441,165,114,8
2015_05176.jpg,418,77,674,512,256,435,10
2015_05176.jpg,152,79,282,389,130,310,10
2015_05177.jpg,202,322,340,412,138,90,8
2015_05177.jpg,92,165,202,411,110,246,10
2015_05178.jpg,144,336,481,425,337,89,8
2015_05178.jpg,375,126,637,328,262,202,4
2015_05178.jpg,257,12,406,428,149,416,10
2015_05178.jpg,466,65,636,144,170,79,4
2015_05178.jpg,5,135,266,322,261,187,4
2015_05179.jpg,147,159,360,424,213,265,8
2015_05180.jpg,139,425,182,539,43,114,10
2015_05180.jpg,265,449,392,549,127,100,4
2015_05180.jpg,365,434,427,476,62,42,4
2015_05180.jpg,219,434,277,491,58,57,4
2015_05180.jpg,157,486,204,551,47,65,8
2015_05181.jpg,14,111,333,265,319,154,6
2015_05181.jpg,277,158,384,370,107,212,8
2015_05182.jpg,339,288,424,332,85,44,2
2015_05182.jpg,57,321,108,448,51,127,10
2015_05182.jpg,138,307,207,517,69,210,10
2015_05182.jpg,115,425,154,511,39,86,8
2015_05183.jpg,98,43,467,1001,369,958,10
2015_05183.jpg,309,533,673,918,364,385,8
2015_05184.jpg,465,149,528,233,63,84,8
2015_05185.jpg,231,106,304,247,73,141,10
2015_05185.jpg,29,167,115,224,86,57,8
2015_05185.jpg,225,124,261,199,36,75,10
2015_05185.jpg,317,71,451,326,134,255,10
2015_05185.jpg,192,114,227,233,35,119,10
2015_05185.jpg,459,111,516,268,57,157,10
2015_05185.jpg,108,111,176,228,68,117,10
2015_05186.jpg,262,39,325,127,63,88,4
2015_05186.jpg,150,11,229,51,79,40,4
2015_05186.jpg,9,18,123,107,114,89,4
2015_05186.jpg,132,18,214,198,82,180,10
2015_05186.jpg,5,40,65,151,60,111,4
2015_05186.jpg,48,168,125,215,77,47,8
2015_05186.jpg,269,7,328,46,59,39,4
2015_05187.jpg,770,432,980,606,210,174,8
2015_05187.jpg,256,434,424,587,168,153,8
2015_05187.jpg,7,443,127,663,120,220,6
2015_05187.jpg,169,339,326,512,157,173,6
2015_05188.jpg,64,196,166,315,102,119,8
2015_05189.jpg,388,145,469,189,81,44,4
2015_05189.jpg,412,159,523,221,111,62,4
2015_05189.jpg,361,163,374,177,13,14,8
2015_05189.jpg,404,210,428,236,24,26,8
2015_05189.jpg,510,167,606,244,96,77,4
2015_05190.jpg,139,275,189,363,50,88,10
2015_05190.jpg,203,402,263,437,60,35,8
2015_05190.jpg,45,348,110,420,65,72,8
2015_05190.jpg,8,262,141,380,133,118,4
2015_05190.jpg,396,272,505,470,109,198,10
2015_05190.jpg,150,440,222,476,72,36,8
2015_05190.jpg,289,273,417,473,128,200,10
2015_05190.jpg,213,271,249,400,36,129,10
2015_05190.jpg,134,306,195,371,61,65,9
2015_05190.jpg,169,366,211,452,42,86,8
2015_05190.jpg,268,412,314,462,46,50,8
2015_05191.jpg,286,373,527,623,241,250,8
2015_05192.jpg,101,47,621,306,520,259,8
2015_05193.jpg,9,91,467,600,458,509,8
2015_05194.jpg,298,85,355,182,57,97,10
2015_05194.jpg,185,39,290,188,105,149,10
2015_05194.jpg,208,240,318,427,110,187,8
2015_05195.jpg,250,190,298,293,48,103,8
2015_05196.jpg,10,163,312,489,302,326,8
2015_05197.jpg,325,118,432,266,107,148,8
2015_05198.jpg,209,108,309,373,100,265,10
2015_05198.jpg,252,254,360,368,108,114,8
2015_05198.jpg,331,263,460,381,129,118,8
2015_05198.jpg,155,304,207,377,52,73,8
2015_05198.jpg,370,113,458,376,88,263,10
2015_05199.jpg,258,125,500,335,242,210,8
2015_05200.jpg,37,166,417,473,380,307,8
2015_05201.jpg,254,111,315,173,61,62,8
2015_05202.jpg,449,153,798,529,349,376,8
2015_05203.jpg,103,173,365,464,262,291,8
2015_05203.jpg,338,61,561,342,223,281,8
2015_05204.jpg,125,311,172,416,47,105,10
2015_05204.jpg,104,362,151,415,47,53,8
2015_05205.jpg,381,91,610,405,229,314,8
2015_05206.jpg,41,136,553,571,512,435,8
2015_05207.jpg,78,296,274,420,196,124,8
2015_05207.jpg,114,161,300,395,186,234,10
2015_05208.jpg,190,354,355,656,165,302,8
2015_05208.jpg,359,7,574,612,215,605,10
2015_05209.jpg,115,470,218,602,103,132,8
2015_05209.jpg,321,218,345,260,24,42,10
2015_05209.jpg,345,211,419,262,74,51,10
2015_05209.jpg,224,199,258,246,34,47,10
2015_05209.jpg,266,189,317,312,51,123,10
2015_05210.jpg,647,146,1017,312,370,166,4
2015_05210.jpg,497,139,947,566,450,427,8
2015_05211.jpg,36,467,362,680,326,213,8
2015_05212.jpg,435,11,839,383,404,372,8
2015_05213.jpg,216,542,327,789,111,247,10
2015_05213.jpg,373,536,678,895,305,359,9
2015_05213.jpg,45,723,133,784,88,61,8
2015_05214.jpg,362,262,463,351,101,89,8
2015_05214.jpg,265,144,330,336,65,192,10
2015_05215.jpg,243,495,349,623,106,128,8
2015_05215.jpg,442,342,594,607,152,265,10
2015_05216.jpg,30,21,444,365,414,344,8
2015_05217.jpg,167,324,291,389,124,65,8
2015_05217.jpg,109,220,195,362,86,142,8
2015_05218.jpg,124,316,324,444,200,128,8
2015_05218.jpg,315,335,386,409,71,74,5
2015_05219.jpg,437,268,624,451,187,183,8
2015_05220.jpg,559,371,840,642,281,271,8
2015_05221.jpg,225,171,304,349,79,178,10
2015_05221.jpg,294,182,345,218,51,36,4
2015_05221.jpg,282,267,322,352,40,85,8
2015_05221.jpg,212,276,253,355,41,79,8
2015_05222.jpg,82,33,552,572,470,539,8
2015_05223.jpg,367,169,869,544,502,375,8
2015_05224.jpg,157,360,324,562,167,202,8
2015_05225.jpg,699,227,1012,677,313,450,8
2015_05226.jpg,101,134,318,382,217,248,8
2015_05227.jpg,45,56,450,441,405,385,8
2015_05228.jpg,107,247,247,390,140,143,8
2015_05229.jpg,349,143,577,322,228,179,8
2015_05230.jpg,278,53,357,126,79,73,8
2015_05230.jpg,146,79,259,249,113,170,8
2015_05230.jpg,132,26,200,79,68,53,8
2015_05230.jpg,254,69,392,290,138,221,8
2015_05230.jpg,381,77,466,173,85,96,8
2015_05230.jpg,537,5,622,56,85,51,8
2015_05231.jpg,23,726,239,888,216,162,8
2015_05232.jpg,313,285,444,472,131,187,8
2015_05233.jpg,166,154,458,294,292,140,8
2015_05234.jpg,172,83,270,184,98,101,8
2015_05234.jpg,178,19,244,71,66,52,8
2015_05235.jpg,245,292,492,459,247,167,8
2015_05236.jpg,140,183,487,347,347,164,8
2015_05237.jpg,522,230,618,358,96,128,8
2015_05237.jpg,328,169,483,402,155,233,10
2015_05237.jpg,165,129,254,212,89,83,10
2015_05237.jpg,238,218,310,305,72,87,10
2015_05237.jpg,434,152,489,214,55,62,10
2015_05237.jpg,118,228,216,337,98,109,10
2015_05237.jpg,89,129,124,187,35,58,10
2015_05238.jpg,318,183,484,466,166,283,8
2015_05238.jpg,87,44,190,219,103,175,8
2015_05239.jpg,68,257,138,311,70,54,8
2015_05239.jpg,246,116,306,258,60,142,10
2015_05239.jpg,202,106,280,275,78,169,10
2015_05239.jpg,298,93,419,273,121,180,10
2015_05239.jpg,157,111,215,270,58,159,10
2015_05240.jpg,111,4,262,307,151,303,10
2015_05240.jpg,217,3,289,234,72,231,10
2015_05240.jpg,292,166,553,334,261,168,8
2015_05240.jpg,360,87,577,263,217,176,8
2015_05241.jpg,290,178,381,250,91,72,8
2015_05242.jpg,142,307,182,363,40,56,9
2015_05242.jpg,224,359,283,409,59,50,8
2015_05243.jpg,68,54,258,203,190,149,4
2015_05243.jpg,412,47,591,343,179,296,4
2015_05243.jpg,83,370,213,530,130,160,8
2015_05243.jpg,364,183,536,434,172,251,10
2015_05243.jpg,299,91,421,223,122,132,9
2015_05244.jpg,315,201,519,506,204,305,8
2015_05245.jpg,211,90,290,140,79,50,8
2015_05246.jpg,171,206,551,455,380,249,8
2015_05247.jpg,142,217,267,305,125,88,4
2015_05247.jpg,170,204,192,221,22,17,4
2015_05247.jpg,205,213,239,252,34,39,8
2015_05247.jpg,214,197,283,255,69,58,4
2015_05248.jpg,306,218,481,389,175,171,8
2015_05249.jpg,128,8,263,284,135,276,10
2015_05249.jpg,242,39,363,281,121,242,8
2015_05250.jpg,193,381,258,505,65,124,8
2015_05251.jpg,116,168,204,240,88,72,4
2015_05251.jpg,202,309,349,550,147,241,8
2015_05252.jpg,170,433,260,540,90,107,8
2015_05253.jpg,248,136,547,353,299,217,8
2015_05254.jpg,182,445,296,613,114,168,8
2015_05254.jpg,54,281,420,604,366,323,8
2015_05255.jpg,454,379,893,651,439,272,8
2015_05256.jpg,75,207,310,749,235,542,10
2015_05256.jpg,261,499,515,767,254,268,8
2015_05257.jpg,122,162,634,627,512,465,8
2015_05258.jpg,112,112,209,390,97,278,10
2015_05258.jpg,130,199,290,369,160,170,8
2015_05259.jpg,214,446,283,537,69,91,8
2015_05260.jpg,187,180,351,375,164,195,8
2015_05261.jpg,83,179,233,293,150,114,8
2015_05261.jpg,388,166,539,275,151,109,8
2015_05261.jpg,242,189,392,287,150,98,8
2015_05262.jpg,307,247,358,340,51,93,8
2015_05262.jpg,268,153,319,300,51,147,10
2015_05263.jpg,285,178,425,322,140,144,8
2015_05263.jpg,3,43,222,247,219,204,4
2015_05263.jpg,227,28,636,198,409,170,4
2015_05263.jpg,92,190,295,418,203,228,8
2015_05263.jpg,110,11,301,123,191,112,4
2015_05263.jpg,381,8,545,419,164,411,10
2015_05264.jpg,123,663,327,812,204,149,8
2015_05265.jpg,75,104,276,256,201,152,8
2015_05266.jpg,255,217,320,268,65,51,8
2015_05266.jpg,356,133,447,344,91,211,10
2015_05266.jpg,506,149,565,185,59,36,4
2015_05267.jpg,553,473,729,776,176,303,8
2015_05267.jpg,271,467,443,722,172,255,8
2015_05267.jpg,796,382,1193,829,397,447,8
2015_05268.jpg,209,280,265,347,56,67,6
2015_05268.jpg,31,350,77,420,46,70,8
2015_05269.jpg,205,242,231,276,26,34,8
2015_05270.jpg,239,376,294,463,55,87,8
2015_05271.jpg,214,287,258,343,44,56,8
2015_05272.jpg,107,268,154,309,47,41,11
2015_05272.jpg,287,280,315,309,28,29,8
2015_05273.jpg,853,688,904,774,51,86,8
2015_05274.jpg,327,203,477,395,150,192,8
2015_05274.jpg,161,9,292,404,131,395,10
2015_05275.jpg,506,570,613,721,107,151,8
2015_05275.jpg,1291,453,1526,611,235,158,4
2015_05275.jpg,1102,437,1287,586,185,149,4
2015_05275.jpg,331,303,487,728,156,425,10
2015_05276.jpg,421,270,449,314,28,44,10
2015_05276.jpg,418,288,476,362,58,74,9
2015_05276.jpg,133,429,238,550,105,121,8
2015_05276.jpg,261,233,390,551,129,318,10
2015_05277.jpg,208,317,395,393,187,76,4
2015_05277.jpg,481,396,572,460,91,64,8
2015_05277.jpg,387,327,499,386,112,59,4
2015_05278.jpg,183,136,393,355,210,219,8
2015_05279.jpg,43,182,140,289,97,107,8
2015_05279.jpg,512,214,585,302,73,88,8
2015_05280.jpg,63,477,920,982,857,505,8
2015_05281.jpg,443,384,498,514,55,130,10
2015_05281.jpg,371,449,422,511,51,62,8
2015_05282.jpg,261,130,293,196,32,66,8
2015_05282.jpg,448,219,539,371,91,152,8
2015_05282.jpg,383,62,420,98,37,36,4
2015_05282.jpg,412,62,489,102,77,40,4
2015_05282.jpg,359,154,432,286,73,132,8
2015_05282.jpg,456,74,539,114,83,40,4
2015_05282.jpg,195,151,252,246,57,95,8
2015_05283.jpg,36,148,390,416,354,268,8
2015_05283.jpg,298,133,605,299,307,166,8
2015_05284.jpg,385,550,507,649,122,99,8
2015_05285.JPEG,17,21,279,364,262,343,8
2015_05285.JPEG,237,172,442,371,205,199,8
2015_05286.jpg,82,577,187,669,105,92,8
2015_05287.jpg,289,133,328,171,39,38,10
2015_05287.jpg,251,37,305,82,54,45,10
2015_05287.jpg,320,35,382,98,62,63,10
2015_05287.jpg,216,65,243,118,27,53,10
2015_05287.jpg,340,43,402,226,62,183,10
2015_05287.jpg,100,119,255,220,155,101,8
2015_05287.jpg,147,38,193,139,46,101,10
2015_05287.jpg,182,48,222,144,40,96,10
2015_05287.jpg,14,41,98,290,84,249,10
2015_05287.jpg,101,45,156,131,55,86,10
2015_05287.jpg,137,41,162,95,25,54,10
2015_05288.jpg,41,12,2273,1497,2232,1485,8
2015_05289.jpg,152,80,280,397,128,317,10
2015_05289.jpg,87,66,243,398,156,332,10
2015_05289.jpg,314,265,515,397,201,132,8
2015_05290.jpg,30,145,410,569,380,424,8
2015_05291.jpg,146,114,370,511,224,397,8
2015_05292.jpg,63,168,142,290,79,122,6
2015_05292.jpg,191,132,277,406,86,274,10
2015_05292.jpg,259,151,348,398,89,247,10
2015_05292.jpg,361,266,476,396,115,130,8
2015_05292.jpg,470,174,575,403,105,229,10
2015_05293.jpg,81,252,140,406,59,154,10
2015_05293.jpg,193,276,241,387,48,111,10
2015_05293.jpg,49,510,163,601,114,91,8
2015_05293.jpg,25,241,108,493,83,252,10
2015_05293.jpg,139,328,318,617,179,289,10
2015_05293.jpg,231,114,415,623,184,509,10
2015_05293.jpg,4,228,56,481,52,253,10
2015_05294.jpg,111,224,157,313,46,89,8
2015_05294.jpg,148,149,206,300,58,151,10
2015_05295.jpg,181,156,372,356,191,200,8
2015_05295.jpg,1,92,192,399,191,307,10
2015_05296.jpg,133,90,351,363,218,273,8
2015_05296.jpg,272,41,601,420,329,379,8
2015_05297.jpg,438,73,459,105,21,32,10
2015_05297.jpg,381,71,409,106,28,35,10
2015_05297.jpg,409,92,480,149,71,57,9
2015_05297.jpg,131,66,153,102,22,36,10
2015_05297.jpg,125,78,157,119,32,41,9
2015_05297.jpg,341,92,414,147,73,55,9
2015_05297.jpg,112,136,203,209,91,73,8
2015_05297.jpg,346,74,374,111,28,37,10
2015_05298.jpg,84,397,209,677,125,280,8
2015_05299.jpg,374,10,553,418,179,408,10
2015_05299.jpg,7,297,210,478,203,181,11
2015_05299.jpg,268,144,449,400,181,256,8
2015_05299.jpg,5,105,231,387,226,282,6
2015_05299.jpg,12,109,206,320,194,211,10
2015_05300.jpg,254,250,549,361,295,111,8
2015_05300.jpg,10,264,245,363,235,99,8
2015_05300.jpg,8,144,636,459,628,315,6
2015_05300.jpg,584,106,616,192,32,86,2
2015_05301.jpg,314,186,334,231,20,45,2
2015_05301.jpg,375,82,499,309,124,227,6
2015_05301.jpg,210,114,350,312,140,198,8
2015_05301.jpg,332,191,353,232,21,41,2
2015_05301.jpg,291,173,314,232,23,59,2
2015_05302.jpg,92,252,421,476,329,224,8
2015_05303.jpg,262,181,389,308,127,127,2
2015_05303.jpg,8,315,100,369,92,54,2
2015_05303.jpg,393,63,439,152,46,89,2
2015_05303.jpg,252,356,308,463,56,107,2
2015_05303.jpg,267,332,385,391,118,59,2
2015_05303.jpg,240,367,409,631,169,264,8
2015_05303.jpg,411,184,449,276,38,92,2
2015_05303.jpg,382,329,442,410,60,81,2
2015_05304.jpg,275,176,400,253,125,77,8
2015_05304.jpg,163,191,280,267,117,76,8
2015_05305.jpg,117,7,238,97,121,90,9
2015_05305.jpg,361,7,463,133,102,126,9
2015_05305.jpg,284,11,384,114,100,103,0
2015_05305.jpg,108,41,318,352,210,311,8
2015_05305.jpg,14,88,471,633,457,545,9
2015_05306.jpg,581,87,625,216,44,129,10
2015_05306.jpg,396,199,633,267,237,68,4
2015_05306.jpg,280,212,389,346,109,134,8
2015_05307.jpg,309,402,374,536,65,134,8
2015_05307.jpg,129,416,289,549,160,133,8
2015_05307.jpg,71,264,182,553,111,289,10
2015_05308.jpg,558,136,606,209,48,73,2
2015_05308.jpg,279,170,331,246,52,76,2
2015_05308.jpg,561,101,605,149,44,48,2
2015_05308.jpg,3,165,179,466,176,301,8
2015_05308.jpg,220,33,609,344,389,311,11
2015_05308.jpg,529,112,573,184,44,72,2
2015_05309.jpg,214,168,423,318,209,150,8
2015_05310.jpg,209,171,367,273,158,102,8
2015_05310.jpg,34,93,632,420,598,327,4
2015_05311.jpg,40,15,321,433,281,418,10
2015_05311.jpg,255,180,522,362,267,182,8
2015_05311.jpg,101,59,627,395,526,336,6
2015_05312.jpg,63,258,221,474,158,216,8
2015_05312.jpg,91,245,515,475,424,230,11
2015_05312.jpg,8,214,226,476,218,262,6
2015_05313.jpg,67,217,159,348,92,131,8
2015_05313.jpg,242,179,507,347,265,168,8
2015_05314.jpg,30,220,72,379,42,159,10
2015_05314.jpg,68,208,135,382,67,174,10
2015_05314.jpg,252,289,348,440,96,151,8
2015_05314.jpg,3,296,34,414,31,118,6
2015_05314.jpg,22,291,65,396,43,105,6
2015_05315.jpg,366,140,476,322,110,182,10
2015_05315.jpg,43,284,138,369,95,85,8
2015_05316.jpg,20,384,280,557,260,173,8
2015_05316.jpg,172,265,370,346,198,81,8
2015_05317.jpg,263,311,381,445,118,134,8
2015_05317.jpg,383,235,581,457,198,222,6
2015_05318.jpg,249,194,456,330,207,136,11
2015_05318.jpg,93,119,238,280,145,161,6
2015_05318.jpg,138,184,242,403,104,219,8
2015_05318.jpg,429,149,640,342,211,193,6
2015_05319.jpg,291,212,444,351,153,139,8
2015_05319.jpg,187,57,632,437,445,380,6
2015_05319.jpg,24,341,609,475,585,134,11
2015_05320.jpg,215,118,356,185,141,67,10
2015_05320.jpg,481,82,634,192,153,110,10
2015_05320.jpg,356,92,484,150,128,58,10
2015_05320.jpg,124,117,161,198,37,81,10
2015_05320.jpg,360,146,473,387,113,241,10
2015_05320.jpg,247,204,370,319,123,115,8
2015_05321.jpg,206,23,316,185,110,162,10
2015_05321.jpg,125,110,178,209,53,99,8
2015_05321.jpg,383,118,415,167,32,49,8
2015_05322.jpg,292,124,357,186,65,62,8
2015_05322.jpg,125,48,179,159,54,111,10
2015_05323.jpg,53,213,154,459,101,246,10
2015_05323.jpg,131,330,271,446,140,116,8
2015_05324.JPEG,17,61,461,278,444,217,8
2015_05325.JPEG,141,84,396,297,255,213,8
2015_05326.JPEG,163,129,280,240,117,111,8
2015_05326.JPEG,334,147,470,235,136,88,8
2015_05327.JPEG,13,98,326,440,313,342,8
2015_05328.JPEG,97,92,346,324,249,232,8
2015_05329.JPEG,15,55,366,434,351,379,8
2015_05330.JPEG,9,129,347,346,338,217,8
2015_05331.JPEG,98,118,348,479,250,361,8
2015_05332.JPEG,124,26,488,362,364,336,8
2015_05332.JPEG,30,100,249,343,219,243,8
2015_05333.JPEG,129,98,328,471,199,373,8
2015_05334.JPEG,24,10,277,354,253,344,8
2015_05335.JPEG,223,154,259,185,36,31,4
2015_05335.JPEG,435,163,494,215,59,52,4
2015_05335.JPEG,186,204,207,239,21,35,8
2015_05335.JPEG,218,170,252,242,34,72,10
2015_05336.JPEG,271,11,462,230,191,219,8
2015_05337.jpeg,196,302,2260,1858,2064,1556,8
2015_05338.jpg,426,517,583,615,157,98,8
2015_05338.jpg,327,517,420,631,93,114,8
2015_05339.jpg,1444,901,2116,1477,672,576,8
2015_05340.JPG,2160,1272,2602,1630,442,358,8
2015_05341.JPG,1912,901,2694,1497,782,596,8
2015_05341.JPG,1681,1402,2497,2035,816,633,8
2015_05341.JPG,423,30,1381,463,958,433,4
2015_05342.JPG,1477,836,3022,2300,1545,1464,8
2015_05343.jpg,145,541,341,678,196,137,8
2015_05344.jpg,298,260,607,758,309,498,8
2015_05345.jpg,485,434,593,588,108,154,8
2015_05346.jpg,43,185,207,304,164,119,8
2015_05347.jpg,202,319,450,540,248,221,8
2015_05348.jpg,83,30,864,678,781,648,8
2015_05349.jpg,412,226,697,402,285,176,4
2015_05349.jpg,416,168,543,497,127,329,10
2015_05349.jpg,499,373,564,495,65,122,8
2015_05350.jpg,24,9,549,452,525,443,8
2015_05351.jpg,64,627,150,740,86,113,8
2015_05352.jpg,35,21,707,763,672,742,8
2015_05353.jpg,363,202,453,349,90,147,8
2015_05354.jpg,67,78,739,562,672,484,8
2015_05355.jpg,117,163,587,554,470,391,8
2015_05356.jpg,383,215,717,352,334,137,8
2015_05357.jpg,138,17,484,271,346,254,8
2015_05358.jpg,90,120,878,493,788,373,8
2015_05359.jpg,572,172,1014,673,442,501,8
2015_05360.jpg,356,143,1013,584,657,441,8
2015_05361.jpg,36,150,111,213,75,63,8
2015_05361.jpg,42,204,147,270,105,66,8
2015_05361.jpg,102,60,154,92,52,32,4
2015_05362.jpg,11,57,591,756,580,699,8
2015_05363.jpg,249,208,637,359,388,151,8
2015_05364.jpg,123,76,876,598,753,522,8
2015_05365.jpg,286,337,601,812,315,475,8
2015_05366.jpg,447,405,555,483,108,78,8
2015_05366.jpg,273,289,333,365,60,76,10
2015_05367.jpg,131,209,470,648,339,439,8
2015_05367.jpg,367,223,863,665,496,442,8
2015_05368.jpg,15,43,284,444,269,401,8
2015_05368.jpg,256,328,498,465,242,137,8
2015_05369.jpg,254,160,467,445,213,285,8
2015_05370.jpg,11,108,446,415,435,307,8
2015_05371.jpg,240,160,828,327,588,167,8
2015_05372.jpg,79,55,318,411,239,356,8
2015_05373.jpg,297,79,328,150,31,71,10
2015_05373.jpg,186,242,348,385,162,143,8
2015_05374.jpg,281,391,533,633,252,242,8
2015_05375.jpg,52,100,529,475,477,375,8
2015_05376.jpg,265,19,817,590,552,571,8
2015_05377.jpg,87,46,883,652,796,606,8
2015_05378.png,89,15,693,582,604,567,8
2015_05379.jpg,185,104,265,310,80,206,8
2015_05379.jpg,256,161,366,393,110,232,8
2015_05380.jpg,202,375,310,512,108,137,8
2015_05380.jpg,429,454,508,526,79,72,5
2015_05381.jpg,51,104,451,429,400,325,8
2015_05382.jpg,10,8,550,461,540,453,8
2015_05383.jpg,28,12,411,471,383,459,8
2015_05384.jpg,7,20,1703,823,1696,803,8
2015_05385.jpg,185,116,446,446,261,330,8
2015_05385.jpg,30,41,289,237,259,196,8
2015_05385.jpg,307,32,438,224,131,192,8
2015_05386.jpg,48,43,685,553,637,510,8
2015_05387.jpg,8,273,431,589,423,316,11
2015_05387.jpg,58,242,300,600,242,358,6
2015_05387.jpg,289,226,412,450,123,224,6
2015_05387.jpg,334,37,648,764,314,727,8
2015_05388.jpg,102,22,392,471,290,449,8
2015_05389.jpg,20,34,869,561,849,527,8
2015_05390.jpg,448,22,637,334,189,312,10
2015_05390.jpg,34,40,412,456,378,416,8
2015_05391.jpg,127,5,212,155,85,150,10
2015_05391.jpg,269,3,315,84,46,81,10
2015_05391.jpg,218,7,252,86,34,79,10
2015_05391.jpg,205,13,491,358,286,345,10
2015_05391.jpg,89,135,315,369,226,234,8
2015_05391.jpg,312,3,360,115,48,112,10
2015_05392.jpg,189,20,790,573,601,553,8
2015_05393.jpg,268,132,573,494,305,362,8
2015_05394.jpg,40,113,812,1175,772,1062,8
2015_05395.jpg,206,78,531,669,325,591,8
2015_05396.jpg,133,22,593,366,460,344,8
2015_05397.jpg,28,211,704,649,676,438,8
2015_05397.jpg,151,13,868,443,717,430,10
2015_05398.jpg,164,145,447,650,283,505,8
2015_05399.jpg,737,226,1022,643,285,417,8
2015_05400.jpg,289,54,881,341,592,287,8
2015_05401.jpg,350,227,487,372,137,145,8
2015_05402.jpg,474,590,550,788,76,198,10
2015_05402.jpg,521,714,581,787,60,73,8
2015_05403.jpg,156,39,498,425,342,386,8
2015_05404.jpg,320,38,848,542,528,504,8
2015_05405.jpg,169,103,871,1037,702,934,8
2015_05406.jpg,388,128,537,325,149,197,8
2015_05407.jpg,72,83,729,694,657,611,8
2015_05408.jpg,267,89,359,240,92,151,8
2015_05408.jpg,13,75,594,439,581,364,4
2015_05409.jpg,182,86,592,446,410,360,8
2015_05410.jpg,189,199,250,258,61,59,8
2015_05411.jpg,453,214,579,390,126,176,8
2015_05411.jpg,615,216,704,420,89,204,8
2015_05411.jpg,755,257,825,429,70,172,8
2015_05411.jpg,529,181,583,296,54,115,8
2015_05411.jpg,330,133,463,237,133,104,8
2015_05411.jpg,216,112,324,282,108,170,8
2015_05411.jpg,108,180,180,326,72,146,8
2015_05411.jpg,319,211,436,392,117,181,8
2015_05412.jpg,316,386,669,954,353,568,8
2015_05412.jpg,5,56,216,526,211,470,6
2015_05413.jpg,158,155,321,405,163,250,6
2015_05413.jpg,178,215,296,287,118,72,8
2015_05414.jpg,251,175,640,562,389,387,8
2015_05415.jpg,205,179,345,301,140,122,8
2015_05416.jpg,424,214,588,394,164,180,8
2015_05417.jpg,313,139,395,265,82,126,8
2015_05417.jpg,232,142,338,244,106,102,10
2015_05417.jpg,374,41,474,205,100,164,10
2015_05418.jpg,5,4,113,183,108,179,10
2015_05418.jpg,179,37,232,121,53,84,8
2015_05418.jpg,190,128,275,226,85,98,8
2015_05419.jpg,118,93,160,142,42,49,8
2015_05420.jpg,243,143,520,542,277,399,8
2015_05421.jpg,58,262,793,873,735,611,8
2015_05422.jpg,89,100,482,364,393,264,8
2015_05423.jpg,134,23,826,730,692,707,8
2015_05424.jpg,317,530,612,779,295,249,8
2015_05425.jpg,506,252,929,529,423,277,8
2015_05425.jpg,719,9,999,377,280,368,6
2015_05426.jpg,325,146,633,368,308,222,8
2015_05426.jpg,123,273,708,531,585,258,6
2015_05427.jpg,439,204,897,890,458,686,8
2015_05428.jpg,482,263,828,624,346,361,8
2015_05428.jpg,203,202,723,632,520,430,8
2015_05429.jpg,299,171,724,612,425,441,8
2015_05429.jpg,524,289,887,664,363,375,8
2015_05430.jpg,251,235,387,345,136,110,8
2015_05430.jpg,159,60,274,328,115,268,10
2015_05431.jpg,116,164,385,639,269,475,8
2015_05432.jpg,163,410,278,518,115,108,8
2015_05432.jpg,89,291,187,508,98,217,10
2015_05433.jpg,441,527,2489,1626,2048,1099,8
2015_05434.jpg,132,96,503,811,371,715,8
2015_05435.jpg,398,332,1075,688,677,356,8
2015_05436.jpg,241,331,480,693,239,362,8
2015_05437.jpg,190,123,448,316,258,193,8
2015_05438.jpg,51,225,290,366,239,141,8
2015_05439.jpg,226,55,399,348,173,293,8
2015_05440.jpg,309,247,644,578,335,331,8
2015_05441.jpg,12,125,549,567,537,442,8
2015_05442.jpg,122,99,403,573,281,474,8
2015_05443.jpg,193,92,628,621,435,529,8
2015_05444.jpg,340,122,865,567,525,445,8
2015_05445.jpg,505,278,574,343,69,65,8
2015_05446.jpg,358,108,744,711,386,603,8
2015_05447.jpg,229,228,457,653,228,425,8
2015_05448.jpg,24,100,637,653,613,553,8
2015_05448.jpg,582,117,803,539,221,422,8
2015_05449.jpg,189,215,734,410,545,195,8
2015_05449.jpg,132,5,738,589,606,584,6
2015_05450.jpg,60,28,473,625,413,597,10
2015_05450.jpg,82,312,423,618,341,306,8
2015_05451.jpg,96,33,437,564,341,531,8
2015_05452.jpg,158,45,747,571,589,526,8
2015_05452.jpg,8,300,887,589,879,289,11
2015_05453.jpg,62,75,373,352,311,277,8
2015_05454.jpg,552,9,875,501,323,492,8
2015_05454.jpg,129,22,664,639,535,617,8
2015_05455.jpg,347,149,476,286,129,137,8
2015_05455.jpg,104,70,308,307,204,237,8
2015_05456.jpg,290,161,465,300,175,139,8
2015_05457.jpg,61,462,605,1018,544,556,8
2015_05458.jpg,85,126,595,552,510,426,8
2015_05459.jpg,13,275,291,497,278,222,4
2015_05459.jpg,587,347,683,469,96,122,8
2015_05460.jpg,129,55,406,297,277,242,8
2015_05461.jpg,76,139,808,688,732,549,8
2015_05462.jpg,375,66,722,581,347,515,8
2015_05463.jpg,154,93,529,701,375,608,8
2015_05464.jpg,94,14,830,655,736,641,8
2015_05465.png,419,43,771,524,352,481,8
2015_05465.png,8,14,308,507,300,493,8
2015_05466.jpg,39,112,679,1011,640,899,8
2015_05467.jpg,269,161,383,294,114,133,8
2015_05468.jpg,113,203,255,409,142,206,8
2015_05469.jpg,146,90,291,256,145,166,8
2015_05470.jpg,45,14,974,627,929,613,8
2015_05471.jpg,279,197,551,604,272,407,8
2015_05472.jpg,565,433,660,562,95,129,8
2015_05472.jpg,437,317,498,545,61,228,10
2015_05472.jpg,471,302,559,545,88,243,10
2015_05473.jpg,332,149,550,375,218,226,8
2015_05473.jpg,560,8,718,370,158,362,10
2015_05474.jpg,102,96,443,389,341,293,8
2015_05475.jpg,49,95,979,747,930,652,8
2015_05476.jpg,74,383,211,482,137,99,8
2015_05477.jpg,148,164,457,313,309,149,11
2015_05477.jpg,13,331,264,569,251,238,8
2015_05477.jpg,25,127,187,314,162,187,6
2015_05477.jpg,203,111,291,299,88,188,6
2015_05477.jpg,260,131,394,328,134,197,6
2015_05477.jpg,401,101,505,286,104,185,6
2015_05478.jpg,66,67,746,493,680,426,8
2015_05479.png,245,12,548,392,303,380,8
2015_05480.jpg,547,91,816,338,269,247,8
2015_05480.jpg,12,156,163,257,151,101,4
2015_05480.jpg,186,86,477,366,291,280,8
2015_05481.jpg,343,233,642,691,299,458,8
2015_05482.jpg,251,138,804,634,553,496,8
2015_05483.jpg,171,135,465,571,294,436,8
2015_05484.jpg,107,77,573,463,466,386,8
2015_05485.jpg,188,97,433,446,245,349,8
2015_05486.jpg,121,251,650,916,529,665,8
2015_05487.jpg,96,39,831,736,735,697,8
2015_05488.jpg,130,68,260,236,130,168,8
2015_05489.jpg,192,61,526,479,334,418,8
2015_05490.jpg,104,24,703,624,599,600,8
2015_05491.JPEG,558,262,796,436,238,174,8
2015_05491.JPEG,627,193,780,325,153,132,8
2015_05491.JPEG,16,39,303,544,287,505,8
2015_05492.JPEG,19,53,450,337,431,284,8
2015_05493.JPEG,9,20,299,205,290,185,8
2015_05493.JPEG,115,137,492,354,377,217,8
2015_05494.JPEG,134,41,339,322,205,281,8
2015_05495.JPEG,14,72,226,357,212,285,8
2015_05495.JPEG,312,154,490,368,178,214,8
2015_05496.JPEG,9,44,34,107,25,63,10
2015_05496.JPEG,287,83,339,211,52,128,10
2015_05496.JPEG,217,86,287,279,70,193,10
2015_05496.JPEG,119,83,197,246,78,163,10
2015_05496.JPEG,276,180,432,288,156,108,8
2015_05496.JPEG,33,38,62,112,29,74,10
2015_05496.JPEG,61,90,132,250,71,160,10
2015_05496.JPEG,345,74,498,196,153,122,10
2015_05496.JPEG,10,91,69,221,59,130,10
2015_05497.JPEG,6,13,342,352,336,339,8
2015_05498.JPEG,10,151,207,429,197,278,8
2015_05498.JPEG,48,93,279,467,231,374,10
2015_05499.JPEG,353,146,704,651,351,505,8
2015_05500.JPEG,10,330,343,635,333,305,8
2015_05501.JPEG,2,42,256,293,254,251,10
2015_05501.JPEG,197,95,496,297,299,202,8
2015_05502.JPEG,64,171,264,311,200,140,8
2015_05503.JPEG,12,41,132,128,120,87,10
2015_05503.JPEG,109,35,183,293,74,258,10
2015_05503.JPEG,276,33,430,132,154,99,10
2015_05503.JPEG,176,140,297,250,121,110,8
2015_05503.JPEG,217,59,272,251,55,192,10
2015_05503.JPEG,163,39,239,130,76,91,10
2015_05503.JPEG,401,16,494,373,93,357,10
2015_05503.JPEG,49,145,153,299,104,154,8
2015_05504.JPEG,13,17,486,291,473,274,8
2015_05505.JPEG,118,112,477,386,359,274,8
2015_05506.JPEG,18,47,452,303,434,256,8
2015_05507.jpg,67,3,364,371,297,368,8
2015_05508.JPEG,140,13,463,352,323,339,8
2015_05509.JPEG,44,10,456,353,412,343,8
2015_05510.jpg,156,75,304,321,148,246,8
2015_05511.jpg,39,87,257,368,218,281,8
2015_05511.jpg,266,140,487,361,221,221,8
2015_05512.JPEG,138,10,341,340,203,330,8
2015_05513.JPEG,36,32,346,153,310,121,11
2015_05513.JPEG,99,20,196,186,97,166,6
2015_05513.JPEG,211,19,297,156,86,137,6
2015_05513.JPEG,183,114,307,274,124,160,8
2015_05514.JPEG,22,10,441,324,419,314,8
2015_05515.JPEG,135,5,479,360,344,355,8
2015_05516.JPEG,22,13,436,361,414,348,8
2015_05517.JPEG,29,174,376,361,347,187,8
2015_05518.JPEG,185,98,480,362,295,264,8
2015_05518.JPEG,14,10,226,329,212,319,10
2015_05519.JPEG,104,161,336,276,232,115,8
2015_05520.JPEG,120,298,281,359,161,61,10
2015_05520.JPEG,38,355,367,445,329,90,8
2015_05521.JPEG,127,20,491,361,364,341,8
2015_05522.JPEG,172,151,460,333,288,182,8
2015_05523.JPEG,140,92,292,260,152,168,8
2015_05523.JPEG,214,168,339,350,125,182,8
2015_05524.jpg,11,56,431,291,420,235,8
2015_05525.JPEG,340,160,498,277,158,117,8
2015_05525.JPEG,252,133,356,226,104,93,8
2015_05525.JPEG,27,166,190,228,163,62,8
2015_05525.JPEG,15,200,218,353,203,153,8
2015_05525.JPEG,149,157,269,251,120,94,8
2015_05525.JPEG,195,212,472,369,277,157,8
2015_05526.JPEG,77,63,359,363,282,300,8
2015_05527.JPEG,23,200,203,511,180,311,8
2015_05527.JPEG,141,29,447,583,306,554,10
2015_05528.JPEG,47,4,479,329,432,325,8
2015_05529.JPEG,69,31,453,386,384,355,8
2015_05530.JPEG,176,156,261,212,85,56,8
2015_05530.JPEG,132,151,427,367,295,216,6
2015_05531.JPEG,9,52,379,257,370,205,8
2015_05532.jpg,13,17,362,325,349,308,8
2015_05533.JPEG,19,7,210,357,191,350,8
2015_05534.JPEG,142,82,343,316,201,234,8
2015_05535.JPEG,110,13,237,296,127,283,10
2015_05535.JPEG,213,184,279,311,66,127,8
2015_05536.JPEG,124,15,395,474,271,459,8
2015_05536.JPEG,14,109,142,203,128,94,8
2015_05537.jpg,27,55,363,316,336,261,8
2015_05538.JPEG,231,115,443,319,212,204,8
2015_05538.JPEG,117,103,224,239,107,136,8
2015_05539.JPEG,264,126,493,273,229,147,8
2015_05539.JPEG,3,43,496,335,493,292,6
2015_05539.JPEG,6,83,277,304,271,221,8
2015_05540.JPEG,143,86,341,246,198,160,8
2015_05541.JPEG,46,83,363,478,317,395,8
2015_05542.JPEG,13,6,228,363,215,357,8
2015_05542.JPEG,250,80,441,370,191,290,8
2015_05543.JPEG,101,135,297,318,196,183,8
2015_05544.JPEG,147,150,365,452,218,302,8
2015_05544.JPEG,8,8,190,171,182,163,6
2015_05544.JPEG,5,170,135,299,130,129,8
2015_05544.JPEG,263,29,371,238,108,209,6
2015_05545.JPEG,27,117,231,422,204,305,10
2015_05545.JPEG,157,144,296,442,139,298,8
2015_05546.JPEG,65,80,296,432,231,352,8
2015_05547.JPEG,46,37,470,362,424,325,8
2015_05548.JPEG,303,155,389,283,86,128,8
2015_05548.JPEG,177,41,289,217,112,176,6
2015_05548.JPEG,322,51,434,192,112,141,6
2015_05548.JPEG,9,8,259,326,250,318,10
2015_05548.JPEG,193,62,399,215,206,153,11
2015_05549.JPEG,51,73,285,462,234,389,8
2015_05550.JPEG,53,109,263,399,210,290,8
2015_05550.JPEG,254,49,356,159,102,110,6
2015_05550.JPEG,264,111,328,228,64,117,8
2015_05551.JPEG,10,51,363,490,353,439,10
2015_05551.JPEG,14,216,292,480,278,264,8
2015_05552.jpg,33,19,411,344,378,325,8
2015_05553.JPEG,67,68,358,251,291,183,8
2015_05554.JPEG,25,14,439,339,414,325,8
2015_05555.JPEG,190,22,405,327,215,305,8
2015_05556.JPEG,56,125,345,322,289,197,8
2015_05557.JPEG,11,47,301,272,290,225,8
2015_05558.JPEG,26,132,308,370,282,238,8
2015_05559.JPEG,129,120,348,262,219,142,8
2015_05560.JPEG,38,3,447,370,409,367,8
2015_05561.jpg,167,114,476,324,309,210,8
2015_05562.jpg,159,90,494,284,335,194,8
2015_05563.JPEG,116,93,481,292,365,199,8
2015_05564.JPEG,105,27,425,351,320,324,8
2015_05565.JPEG,12,121,329,489,317,368,8
2015_05566.jpg,78,16,445,364,367,348,8
2015_05567.jpg,167,119,293,228,126,109,8
2015_05568.JPEG,197,19,284,200,87,181,8
2015_05569.JPEG,29,137,239,286,210,149,8
2015_05569.JPEG,44,3,297,181,253,178,4
2015_05570.JPEG,65,117,229,261,164,144,8
2015_05571.JPEG,130,294,200,339,70,45,8
2015_05572.JPEG,144,159,316,363,172,204,8
2015_05573.jpg,117,116,299,270,182,154,8
2015_05574.jpg,20,10,274,184,254,174,8
2015_05575.jpg,367,368,460,514,93,146,8
2015_05575.jpg,115,263,359,545,244,282,10
2015_05576.jpg,44,54,765,648,721,594,8
2015_05577.jpg,348,495,611,700,263,205,8
2015_05577.jpg,300,385,552,545,252,160,8
2015_05578.jpg,250,82,741,713,491,631,8
2015_05579.jpg,223,218,482,428,259,210,4
2015_05579.jpg,714,243,817,386,103,143,8
2015_05580.jpg,533,549,624,750,91,201,10
2015_05580.jpg,604,675,650,746,46,71,8
2015_05581.jpg,216,176,344,231,128,55,6
2015_05581.jpg,184,219,330,336,146,117,8
2015_05581.jpg,333,111,410,347,77,236,10
2015_05582.png,224,131,579,412,355,281,8
2015_05583.jpg,253,7,987,702,734,695,8
2015_05584.jpg,59,292,549,979,490,687,8
2015_05585.jpg,324,137,604,487,280,350,8
2015_05586.jpg,242,175,627,620,385,445,8
2015_05587.jpg,63,130,493,454,430,324,8
2015_05588.jpg,191,454,562,920,371,466,8
2015_05589.jpg,19,43,720,583,701,540,8
2015_05590.jpg,293,114,463,640,170,526,10
2015_05590.jpg,600,302,813,614,213,312,8
2015_05590.jpg,413,36,615,605,202,569,10
2015_05591.jpg,87,50,586,411,499,361,8
2015_05592.jpg,100,243,519,478,419,235,8
2015_05592.jpg,6,105,196,479,190,374,10
2015_05593.jpg,326,22,442,277,116,255,10
2015_05593.jpg,60,106,333,296,273,190,8
2015_05594.jpg,477,647,541,797,64,150,10
2015_05594.jpg,498,752,554,837,56,85,8
2015_05595.jpg,594,401,710,498,116,97,8
2015_05596.jpg,223,247,446,516,223,269,8
2015_05597.jpg,32,274,888,569,856,295,8
2015_05598.jpg,230,97,865,637,635,540,8
2015_05599.jpg,28,68,738,605,710,537,8
2015_05600.jpg,271,240,672,653,401,413,8
2015_05600.jpg,20,121,544,891,524,770,10
2015_05601.jpg,333,103,567,471,234,368,8
2015_05602.jpg,292,364,645,843,353,479,8
2015_05603.jpg,151,252,322,381,171,129,8
2015_05603.jpg,296,176,467,334,171,158,8
2015_05603.jpg,614,46,692,239,78,193,10
2015_05604.jpg,120,82,534,434,414,352,8
2015_05605.jpg,310,397,458,604,148,207,8
2015_05605.jpg,210,469,307,558,97,89,8
2015_05606.jpg,241,281,460,521,219,240,8
2015_05607.jpg,58,95,623,550,565,455,8
2015_05608.jpg,235,118,374,501,139,383,10
2015_05608.jpg,328,326,433,481,105,155,8
2015_05608.jpg,450,77,577,264,127,187,10
2015_05609.jpg,522,248,696,476,174,228,8
2015_05610.jpg,333,139,660,580,327,441,8
2015_05611.jpg,255,65,477,631,222,566,10
2015_05611.jpg,49,588,284,750,235,162,8
2015_05612.jpg,325,451,536,855,211,404,8
2015_05613.jpg,210,314,387,412,177,98,1
2015_05613.jpg,23,346,215,425,192,79,1
2015_05613.jpg,91,216,288,278,197,62,1
2015_05613.jpg,319,235,705,289,386,54,1
2015_05613.jpg,194,375,449,499,255,124,8
2015_05613.jpg,718,242,789,278,71,36,1
2015_05613.jpg,480,320,769,520,289,200,1
2015_05614.jpg,35,108,979,696,944,588,8
2015_05615.jpg,89,30,606,584,517,554,8
2015_05616.jpg,104,112,451,464,347,352,8
2015_05617.jpg,488,320,665,586,177,266,8
2015_05618.png,221,36,871,561,650,525,8
2015_05619.jpg,203,64,411,433,208,369,8
2015_05620.jpg,118,198,276,342,158,144,8
2015_05620.jpg,166,35,266,323,100,288,10
2015_05621.jpg,531,334,672,528,141,194,8
2015_05622.jpg,233,47,333,168,100,121,8
2015_05622.jpg,170,109,244,162,74,53,8
2015_05623.jpg,208,917,592,1196,384,279,8
2015_05624.png,211,24,472,475,261,451,8
2015_05624.png,153,628,439,999,286,371,8
2015_05625.jpg,248,522,340,601,92,79,8
2015_05626.jpg,87,165,128,238,41,73,10
2015_05626.jpg,683,151,739,280,56,129,10
2015_05626.jpg,618,159,669,277,51,118,10
2015_05626.jpg,201,171,243,256,42,85,10
2015_05626.jpg,186,192,243,255,57,63,9
2015_05626.jpg,327,276,475,403,148,127,8
2015_05627.jpg,251,122,408,239,157,117,8
2015_05628.jpg,329,53,843,492,514,439,8
2015_05629.jpg,39,222,291,493,252,271,8
2015_05629.jpg,303,8,609,529,306,521,10
2015_05630.jpg,220,634,517,897,297,263,8
2015_05631.jpg,281,109,804,638,523,529,8
2015_05632.jpg,554,213,739,522,185,309,8
2015_05633.jpg,83,113,678,607,595,494,8
2015_05634.jpg,150,66,603,449,453,383,8
2015_05635.jpg,43,67,533,549,490,482,8
2015_05636.jpg,359,272,476,410,117,138,8
2015_05637.jpg,484,714,643,855,159,141,8
2015_05638.jpg,62,250,741,957,679,707,8
2015_05639.jpg,512,231,1002,423,490,192,1
2015_05639.jpg,292,239,338,322,46,83,10
2015_05639.jpg,333,306,458,424,125,118,8
2015_05639.jpg,478,238,564,303,86,65,4
2015_05639.jpg,542,235,614,277,72,42,9
2015_05639.jpg,293,166,425,408,132,242,10
2015_05640.jpg,255,431,939,1490,684,1059,8
2015_05641.jpg,396,272,599,404,203,132,4
2015_05641.jpg,211,179,325,425,114,246,10
2015_05641.jpg,117,311,237,428,120,117,8
2015_05642.jpg,95,181,729,566,634,385,8
2015_05643.jpg,177,284,449,630,272,346,8
2015_05644.jpg,260,114,589,319,329,205,8
2015_05645.jpg,190,192,257,257,67,65,8
2015_05645.jpg,114,111,362,409,248,298,6
2015_05645.jpg,246,145,373,289,127,144,8
2015_05646.jpg,32,157,582,773,550,616,8
2015_05647.jpg,126,170,623,615,497,445,8
2015_05648.jpg,45,101,552,544,507,443,8
2015_05649.jpg,37,52,637,932,600,880,8
2015_05650.jpg,138,237,234,322,96,85,8
2015_05650.jpg,292,173,402,280,110,107,10
2015_05650.jpg,362,164,474,283,112,119,10
2015_05651.jpg,39,47,696,778,657,731,8
2015_05652.png,204,94,607,434,403,340,8
2015_05653.png,539,69,716,469,177,400,10
2015_05653.png,582,279,774,481,192,202,8
2015_05654.png,303,98,485,493,182,395,10
2015_05654.png,188,343,292,509,104,166,8
2015_05655.png,82,136,196,391,114,255,10
2015_05655.png,375,93,415,171,40,78,10
2015_05655.png,341,89,374,175,33,86,10
2015_05655.png,548,84,648,142,100,58,4
2015_05655.png,265,86,303,188,38,102,10
2015_05655.png,296,112,349,214,53,102,10
2015_05655.png,203,158,278,228,75,70,8
2015_05655.png,415,79,517,128,102,49,4
2015_05655.png,171,85,318,154,147,69,4
2015_05655.png,228,94,260,175,32,81,10
2015_05656.png,395,128,518,363,123,235,8
2015_05657.png,299,35,695,387,396,352,8
2015_05658.png,213,69,682,391,469,322,8
2015_05659.png,475,32,1145,503,670,471,8
2015_05660.png,457,204,1127,484,670,280,8
2015_05661.png,307,122,378,321,71,199,10
2015_05661.png,57,111,317,389,260,278,8
2015_05661.png,401,6,667,390,266,384,10
2015_05662.png,330,189,368,218,38,29,8
2015_05662.png,60,190,88,218,28,28,8
2015_05663.png,85,200,120,227,35,27,8
2015_05663.png,307,202,344,228,37,26,8
2015_05664.png,125,230,224,284,99,54,8
2015_05665.png,19,50,438,353,419,303,8
2015_05666.png,22,22,1257,555,1235,533,4
2015_05666.png,233,318,422,546,189,228,8
2015_05667.png,102,224,165,302,63,78,8
2015_05667.png,270,71,320,133,50,62,5
2015_05668.png,655,349,754,519,99,170,10
2015_05668.png,1015,453,1113,536,98,83,8
2015_05669.png,318,199,526,516,208,317,8
2015_05669.png,52,103,380,477,328,374,10
2015_05670.png,23,13,413,357,390,344,8
2015_05671.png,437,267,550,387,113,120,8
2015_05672.png,537,281,614,461,77,180,10
2015_05672.png,802,374,910,498,108,124,8
2015_05672.png,683,383,738,486,55,103,8
2015_05672.png,578,363,649,506,71,143,8
2015_05673.png,397,41,547,292,150,251,8
2015_05674.png,95,39,488,372,393,333,8
2015_05675.png,691,129,1151,451,460,322,8
2015_05675.png,191,155,393,376,202,221,8
2015_05676.png,451,59,1002,381,551,322,8
2015_05677.png,635,57,981,497,346,440,8
2015_05678.png,459,41,817,491,358,450,8
2015_05679.png,108,66,230,291,122,225,8
2015_05679.png,199,76,460,334,261,258,8
2015_05680.png,1093,187,1270,304,177,117,4
2015_05680.png,726,316,1066,518,340,202,8
2015_05680.png,9,182,172,321,163,139,4
2015_05680.png,1016,153,1111,310,95,157,10
2015_05680.png,802,116,953,402,151,286,10
2015_05680.png,281,25,623,520,342,495,10
2015_05680.png,966,156,1025,311,59,155,10
2015_05680.png,627,189,820,293,193,104,4
2015_05680.png,525,146,684,466,159,320,10
2015_05681.png,99,166,231,375,132,209,8
2015_05682.png,426,136,628,462,202,326,8
2015_05683.png,114,114,247,335,133,221,8
2015_05684.png,380,27,549,450,169,423,10
2015_05684.png,933,69,1219,514,286,445,10
2015_05684.png,429,6,810,522,381,516,10
2015_05684.png,213,236,437,465,224,229,8
2015_05685.png,354,76,588,461,234,385,8
2015_05686.png,159,54,451,335,292,281,8
2015_05687.png,268,21,919,521,651,500,8
2015_05688.png,353,53,592,434,239,381,8
2015_05689.png,87,132,378,322,291,190,8
2015_05690.png,357,100,590,470,233,370,8
2015_05691.png,361,243,548,382,187,139,8
2015_05691.png,79,167,253,354,174,187,8
2015_05691.png,483,300,589,389,106,89,5
2015_05692.png,326,39,541,422,215,383,8
2015_05693.png,339,216,524,516,185,300,10
2015_05693.png,974,349,1186,482,212,133,8
2015_05693.png,104,219,209,471,105,252,10
2015_05693.png,982,198,1117,498,135,300,10
2015_05693.png,226,216,332,370,106,154,10
2015_05694.png,243,234,434,510,191,276,10
2015_05694.png,36,238,189,380,153,142,10
2015_05694.png,974,374,1205,503,231,129,8
2015_05694.png,874,211,1078,510,204,299,10
2015_05694.png,31,282,778,509,747,227,4
2015_05695.png,201,80,600,442,399,362,8
2015_05696.png,730,6,881,331,151,325,10
2015_05696.png,12,14,367,513,355,499,10
2015_05696.png,237,364,524,526,287,162,8
2015_05696.png,573,119,692,291,119,172,8
2015_05696.png,878,186,1045,364,167,178,8
2015_05696.png,488,4,623,313,135,309,10
2015_05696.png,370,13,467,274,97,261,10
2015_05697.png,52,71,346,461,294,390,8
2015_05698.png,163,169,265,263,102,94,8
2015_05698.png,377,171,507,258,130,87,8
2015_05698.png,332,181,364,213,32,32,5
2015_05699.png,571,154,642,284,71,130,10
2015_05699.png,650,154,729,329,79,175,10
2015_05699.png,488,153,563,315,75,162,10
2015_05699.png,742,316,808,445,66,129,8
2015_05699.png,584,288,640,371,56,83,8
2015_05699.png,564,249,602,299,38,50,8
2015_05699.png,757,146,839,339,82,193,10
2015_05700.png,164,242,266,332,102,90,8
2015_05700.png,330,257,363,287,33,30,5
2015_05700.png,364,236,476,333,112,97,8
2015_05701.png,217,255,376,360,159,105,8
2015_05702.png,161,204,494,377,333,173,8
2015_05703.png,171,187,497,378,326,191,8
2015_05704.png,873,265,991,510,118,245,10
2015_05704.png,785,277,878,509,93,232,10
2015_05704.png,729,236,826,504,97,268,10
2015_05704.png,471,239,579,507,108,268,10
2015_05704.png,561,242,655,504,94,262,10
2015_05704.png,370,229,458,501,88,272,10
2015_05704.png,705,375,793,516,88,141,8
2015_05704.png,594,367,668,514,74,147,8
2015_05704.png,642,227,767,509,125,282,10
2015_05705.png,298,11,692,526,394,515,8
2015_05706.png,566,143,624,208,58,65,8
2015_05706.png,578,86,636,200,58,114,10
2015_05706.png,539,282,624,439,85,157,10
2015_05706.png,608,273,697,420,89,147,10
2015_05707.png,400,139,579,462,179,323,10
2015_05707.png,779,261,897,436,118,175,8
2015_05707.png,572,142,726,436,154,294,10
2015_05708.png,471,352,648,460,177,108,8
2015_05708.png,646,275,758,465,112,190,10
2015_05709.png,496,128,572,261,76,133,10
2015_05709.png,192,291,323,433,131,142,8
2015_05710.png,516,115,609,269,93,154,10
2015_05710.png,255,235,400,413,145,178,8
2015_05710.png,460,97,530,260,70,163,10
2015_05711.png,683,214,913,367,230,153,8
2015_05711.png,373,187,634,516,261,329,10
2015_05712.png,99,83,601,510,502,427,10
2015_05712.png,717,88,1118,510,401,422,8
2015_05713.png,582,76,878,327,296,251,8
2015_05713.png,449,17,602,319,153,302,10
2015_05713.png,356,29,469,280,113,251,10
2015_05714.png,104,80,482,512,378,432,10
2015_05714.png,674,216,765,374,91,158,8
2015_05715.png,750,314,803,455,53,141,10
2015_05715.png,568,375,707,453,139,78,8
2015_05715.png,695,340,754,497,59,157,10
2015_05716.png,884,270,1154,495,270,225,8
2015_05716.png,980,111,1084,467,104,356,10
2015_05716.png,1092,133,1185,463,93,330,10
2015_05717.png,609,34,685,216,76,182,10
2015_05717.png,768,166,863,260,95,94,8
2015_05717.png,672,59,731,236,59,177,10
2015_05718.png,584,252,795,477,211,225,8
2015_05718.png,128,88,359,456,231,368,10
2015_05718.png,299,105,607,508,308,403,10
2015_05719.png,732,228,1069,513,337,285,8
2015_05719.png,420,4,712,516,292,512,10
2015_05720.png,389,14,664,518,275,504,10
2015_05720.png,706,135,1052,506,346,371,8
2015_05721.png,633,262,1080,471,447,209,6
2015_05721.png,574,205,680,348,106,143,8
2015_05722.png,665,233,1158,487,493,254,6
2015_05722.png,559,109,699,345,140,236,8
2015_05723.png,276,250,761,450,485,200,8
2015_05724.png,225,201,757,411,532,210,8
2015_05725.png,404,140,685,504,281,364,8
2015_05726.jpg,93,88,519,439,426,351,8
2015_05727.jpg,176,50,429,621,253,571,10
2015_05727.jpg,36,462,197,629,161,167,8
2015_05728.jpg,67,726,214,853,147,127,8
2015_05729.jpg,314,111,528,426,214,315,8
2015_05730.jpg,406,199,638,658,232,459,8
2015_05731.jpg,448,283,581,553,133,270,10
2015_05731.jpg,312,443,401,507,89,64,8
2015_05732.jpg,468,814,686,1307,218,493,10
2015_05732.jpg,262,1101,410,1305,148,204,8
2015_05733.jpg,217,684,403,844,186,160,8
2015_05734.jpg,160,28,684,467,524,439,8
2015_05735.jpg,246,187,386,302,140,115,8
2015_05736.jpg,205,12,449,355,244,343,8
2015_05737.jpg,280,150,421,320,141,170,8
2015_05738.jpg,95,72,166,120,71,48,4
2015_05738.jpg,283,82,335,123,52,41,4
2015_05738.jpg,433,71,569,305,136,234,10
2015_05738.jpg,165,102,223,192,58,90,8
2015_05738.jpg,213,60,269,183,56,123,10
2015_05739.jpg,668,191,721,311,53,120,10
2015_05739.jpg,621,389,678,513,57,124,8
2015_05739.jpg,493,127,638,518,145,391,10
2015_05740.jpg,324,209,486,292,162,83,4
2015_05740.jpg,103,210,344,320,241,110,4
2015_05740.jpg,675,174,802,468,127,294,10
2015_05740.jpg,254,301,362,386,108,85,8
2015_05741.jpg,586,95,868,670,282,575,8
2015_05742.jpg,96,30,752,981,656,951,8
2015_05743.jpg,43,155,335,329,292,174,8
2015_05743.jpg,213,53,440,199,227,146,8
2015_05744.jpg,675,826,1640,2460,965,1634,8
2015_05745.jpg,210,121,271,208,61,87,9
2015_05745.jpg,216,87,267,191,51,104,10
2015_05746.jpg,379,43,467,208,88,165,10
2015_05746.jpg,94,17,420,259,326,242,9
2015_05747.png,75,5,366,336,291,331,9
2015_05748.jpg,266,66,369,252,103,186,10
2015_05748.jpg,71,354,142,448,71,94,7
2015_05748.jpg,65,178,283,335,218,157,9
2015_05748.jpg,186,370,259,484,73,114,7
2015_05748.jpg,3,404,69,497,66,93,7
2015_05749.png,156,253,305,346,149,93,9
2015_05749.png,339,233,476,336,137,103,4
2015_05749.png,179,143,491,226,312,83,1
2015_05749.png,5,248,154,353,149,105,9
2015_05750.png,306,177,457,296,151,119,9
2015_05751.jpg,36,43,494,307,458,264,9
2015_05752.png,220,119,482,361,262,242,9
2015_05753.png,93,105,214,246,121,141,0
2015_05753.png,52,130,498,365,446,235,9
2015_05753.png,100,15,196,151,96,136,10
2015_05753.png,294,5,480,364,186,359,10
2015_05754.jpg,161,270,328,485,167,215,9
2015_05754.jpg,249,260,288,289,39,29,4
2015_05754.jpg,287,253,343,294,56,41,4
2015_05754.jpg,53,255,144,418,91,163,9
2015_05754.jpg,202,260,237,287,35,27,4
2015_05755.jpg,96,212,369,428,273,216,9
2015_05756.jpg,32,4,485,365,453,361,9
2015_05757.jpg,168,69,343,407,175,338,10
2015_05757.jpg,27,139,264,454,237,315,9
2015_05758.jpg,98,580,568,969,470,389,9
2015_05758.jpg,685,508,1164,812,479,304,4
2015_05759.jpg,7,5,238,180,231,175,4
2015_05759.jpg,192,7,525,547,333,540,10
2015_05759.jpg,203,213,512,599,309,386,9
2015_05760.jpg,313,42,385,229,72,187,10
2015_05760.jpg,213,41,345,247,132,206,10
2015_05760.jpg,69,95,387,328,318,233,9
2015_05761.jpg,109,166,138,211,29,45,9
2015_05761.jpg,152,165,173,205,21,40,9
2015_05761.jpg,282,184,311,222,29,38,9
2015_05761.jpg,286,157,311,202,25,45,10
2015_05761.jpg,176,164,242,316,66,152,10
2015_05761.jpg,174,157,205,187,31,30,4
2015_05762.jpg,183,114,244,173,61,59,4
2015_05762.jpg,258,106,317,159,59,53,4
2015_05762.jpg,231,132,284,265,53,133,10
2015_05762.jpg,99,165,184,334,85,169,10
2015_05762.jpg,76,166,225,301,149,135,4
2015_05762.jpg,91,198,179,338,88,140,9
2015_05762.jpg,4,161,76,225,72,64,4
2015_05762.jpg,120,107,169,153,49,46,4
2015_05762.jpg,56,98,111,153,55,55,4
2015_05762.jpg,5,112,57,158,52,46,4
2015_05762.jpg,271,141,406,210,135,69,4
2015_05762.jpg,287,166,411,268,124,102,4
2015_05762.jpg,293,198,412,317,119,119,4
2015_05762.jpg,278,259,407,406,129,147,4
2015_05762.jpg,10,219,147,403,137,184,4
2015_05762.jpg,232,184,282,264,50,80,9
2015_05763.jpg,17,265,157,398,140,133,9
2015_05763.jpg,193,188,232,330,39,142,10
2015_05763.jpg,151,178,199,322,48,144,10
2015_05764.jpg,107,167,316,317,209,150,9
2015_05764.jpg,37,90,200,200,163,110,9
2015_05764.jpg,49,69,243,149,194,80,4
2015_05764.jpg,66,33,162,220,96,187,10
2015_05765.jpg,273,275,437,359,164,84,4
2015_05765.jpg,175,291,280,415,105,124,9
2015_05765.jpg,472,273,498,323,26,50,10
2015_05765.jpg,276,264,305,305,29,41,10
2015_05765.jpg,14,248,33,303,19,55,10
2015_05765.jpg,92,255,149,302,57,47,10
2015_05765.jpg,142,251,182,357,40,106,10
2015_05765.jpg,204,252,274,387,70,135,10
2015_05765.jpg,177,241,217,351,40,110,10
2015_05765.jpg,503,278,569,338,66,60,4
2015_05766.jpg,465,316,520,352,55,36,3
2015_05766.jpg,401,293,471,420,70,127,10
2015_05766.jpg,484,295,509,347,25,52,10
2015_05766.jpg,532,285,561,356,29,71,10
2015_05766.jpg,395,328,467,421,72,93,9
2015_05766.jpg,512,326,573,388,61,62,9
2015_05766.jpg,388,295,414,323,26,28,4
2015_05766.jpg,139,307,211,350,72,43,9
2015_05766.jpg,246,285,332,356,86,71,4
2015_05767.jpg,577,269,608,298,31,29,10
2015_05767.jpg,355,258,376,286,21,28,10
2015_05767.jpg,195,244,232,338,37,94,10
2015_05767.jpg,441,258,464,299,23,41,10
2015_05767.jpg,128,248,191,396,63,148,10
2015_05767.jpg,63,251,125,392,62,141,10
2015_05767.jpg,25,249,55,380,30,131,10
2015_05767.jpg,400,273,431,313,31,40,10
2015_05767.jpg,527,245,571,351,44,106,10
2015_05767.jpg,604,257,637,335,33,78,10
2015_05767.jpg,339,276,358,309,19,33,9
2015_05767.jpg,35,310,177,397,142,87,9
2015_05767.jpg,228,258,254,285,26,27,4
2015_05767.jpg,257,260,284,284,27,24,4
2015_05767.jpg,315,255,337,306,22,51,10
2015_05767.jpg,285,256,305,292,20,36,10
2015_05767.jpg,588,285,634,364,46,79,9
2015_05767.jpg,427,280,477,334,50,54,9
2015_05767.jpg,283,271,308,311,25,40,9
2015_05768.jpg,206,190,413,467,207,277,9
2015_05769.jpg,38,330,370,465,332,135,4
2015_05769.jpg,505,370,541,441,36,71,10
2015_05769.jpg,378,363,399,405,21,42,10
2015_05769.jpg,494,393,537,459,43,66,9
2015_05769.jpg,546,397,633,464,87,67,10
2015_05769.jpg,397,374,504,450,107,76,4
2015_05770.jpg,252,131,278,156,26,25,9
2015_05770.jpg,89,129,113,172,24,43,10
2015_05770.jpg,170,136,185,157,15,21,10
2015_05770.jpg,163,141,185,167,22,26,9
2015_05770.jpg,71,136,114,200,43,64,9
2015_05771.jpg,213,314,415,419,202,105,9
2015_05771.jpg,260,258,360,372,100,114,10
2015_05772.jpg,151,5,347,244,196,239,9
2015_05773.jpg,142,189,634,550,492,361,9
2015_05773.jpg,22,59,274,580,252,521,10
2015_05774.jpg,19,209,618,628,599,419,9
2015_05774.jpg,162,76,413,617,251,541,10
2015_05775.jpg,99,21,391,617,292,596,10
2015_05775.jpg,7,268,636,612,629,344,9
2015_05775.jpg,300,145,631,309,331,164,4
2015_05776.jpg,381,247,546,495,165,248,9
2015_05776.jpg,147,280,281,531,134,251,9
2015_05776.jpg,283,249,388,443,105,194,10
2015_05777.jpg,184,197,244,258,60,61,9
2015_05777.jpg,305,189,323,214,18,25,10
2015_05777.jpg,214,200,286,247,72,47,9
2015_05777.jpg,450,197,467,227,17,30,10
2015_05777.jpg,448,215,469,241,21,26,9
2015_05777.jpg,113,200,211,258,98,58,9
2015_05777.jpg,126,168,155,213,29,45,10
2015_05777.jpg,466,284,635,418,169,134,9
2015_05778.jpg,367,249,465,313,98,64,4
2015_05778.jpg,107,254,209,328,102,74,4
2015_05778.jpg,96,321,401,548,305,227,9
2015_05778.jpg,251,215,359,550,108,335,10
2015_05779.jpg,232,215,386,559,154,344,10
2015_05779.jpg,165,239,281,310,116,71,4
2015_05779.jpg,121,254,235,317,114,63,4
2015_05779.jpg,34,260,163,323,129,63,4
2015_05779.jpg,166,326,398,520,232,194,9
2015_05780.jpg,772,150,1027,617,255,467,10
2015_05780.jpg,559,301,940,579,381,278,9
2015_05781.jpg,401,192,462,259,61,67,9
2015_05781.jpg,474,187,564,259,90,72,9
2015_05781.jpg,20,141,96,323,76,182,10
2015_05781.jpg,163,187,202,239,39,52,9
2015_05781.jpg,232,150,266,240,34,90,10
2015_05781.jpg,115,171,162,224,47,53,9
2015_05781.jpg,280,149,316,226,36,77,10
2015_05781.jpg,315,158,341,215,26,57,10
2015_05781.jpg,7,198,110,350,103,152,0
2015_05781.jpg,345,153,388,221,43,68,10
2015_05781.jpg,401,161,448,237,47,76,10
2015_05781.jpg,227,181,273,266,46,85,0
2015_05781.jpg,272,185,332,259,60,74,0
2015_05781.jpg,339,193,401,255,62,62,0
2015_05781.jpg,169,158,197,214,28,56,10
2015_05781.jpg,482,160,528,235,46,75,10
2015_05782.jpg,47,129,210,389,163,260,10
2015_05782.jpg,69,178,220,415,151,237,9
2015_05783.jpg,241,112,443,247,202,135,9
2015_05784.jpg,405,138,499,208,94,70,4
2015_05784.jpg,319,127,424,205,105,78,4
2015_05784.jpg,196,132,246,182,50,50,4
2015_05784.jpg,229,140,316,214,87,74,4
2015_05784.jpg,491,139,531,198,40,59,10
2015_05784.jpg,488,159,545,203,57,44,9
2015_05785.jpg,57,112,141,253,84,141,10
2015_05785.jpg,169,73,232,204,63,131,10
2015_05785.jpg,125,138,282,299,157,161,9
2015_05785.jpg,7,176,442,424,435,248,0
2015_05785.jpg,539,146,637,275,98,129,9
2015_05786.jpg,29,176,1261,878,1232,702,9
2015_05787.jpg,328,130,407,227,79,97,9
2015_05787.jpg,337,92,402,170,65,78,10
2015_05787.jpg,70,89,162,314,92,225,10
2015_05788.jpg,135,155,186,266,51,111,10
2015_05788.jpg,94,153,127,198,33,45,10
2015_05788.jpg,85,183,142,244,57,61,9
2015_05788.jpg,523,145,562,199,39,54,10
2015_05788.jpg,9,217,173,425,164,208,9
2015_05789.jpg,398,173,436,302,38,129,10
2015_05789.jpg,8,240,184,365,176,125,9
2015_05789.jpg,98,247,241,362,143,115,9
2015_05789.jpg,247,254,304,360,57,106,9
2015_05789.jpg,291,234,389,379,98,145,9
2015_05789.jpg,314,182,386,346,72,164,10
2015_05789.jpg,438,181,501,347,63,166,10
2015_05789.jpg,477,181,511,273,34,92,10
2015_05790.jpg,168,371,358,529,190,158,9
2015_05790.jpg,214,326,292,530,78,204,10
2015_05791.jpg,172,29,276,262,104,233,10
2015_05791.jpg,285,92,402,249,117,157,9
2015_05791.jpg,172,156,218,285,46,129,8
2015_05792.jpg,168,89,312,306,144,217,10
2015_05792.jpg,13,191,288,397,275,206,9
2015_05793.jpg,247,170,295,217,48,47,4
2015_05793.jpg,54,200,133,326,79,126,9
2015_05794.jpg,170,262,215,330,45,68,10
2015_05794.jpg,402,257,425,290,23,33,10
2015_05794.jpg,375,258,399,296,24,38,10
2015_05794.jpg,292,250,313,291,21,41,10
2015_05794.jpg,303,240,341,333,38,93,10
2015_05794.jpg,235,266,268,294,33,28,10
2015_05794.jpg,71,251,98,288,27,37,10
2015_05794.jpg,42,284,98,324,56,40,11
2015_05794.jpg,153,292,186,329,33,37,11
2015_05794.jpg,111,292,145,323,34,31,11
2015_05794.jpg,6,262,47,326,41,64,10
2015_05794.jpg,239,293,266,326,27,33,6
2015_05794.jpg,352,279,447,337,95,58,9
2015_05794.jpg,160,264,184,300,24,36,10
2015_05794.jpg,131,268,161,299,30,31,10
2015_05794.jpg,457,271,482,308,25,37,6
2015_05794.jpg,430,269,461,313,31,44,6
2015_05795.jpg,233,227,307,285,74,58,9
2015_05795.jpg,393,239,457,284,64,45,4
2015_05796.jpg,183,281,199,302,16,21,10
2015_05796.jpg,233,293,288,329,55,36,9
2015_05796.jpg,260,282,278,311,18,29,10
2015_05797.jpg,294,232,349,276,55,44,4
2015_05797.jpg,342,230,379,297,37,67,10
2015_05797.jpg,266,230,285,269,19,39,10
2015_05797.jpg,185,235,210,303,25,68,10
2015_05797.jpg,344,247,380,311,36,64,9
2015_05797.jpg,62,241,77,269,15,28,10
2015_05797.jpg,422,229,502,296,80,67,4
2015_05797.jpg,155,232,178,298,23,66,10
2015_05797.jpg,427,226,459,318,32,92,10
2015_05797.jpg,255,228,267,267,12,39,10
2015_05798.jpg,35,386,150,503,115,117,9
2015_05798.jpg,210,343,243,430,33,87,10
2015_05798.jpg,138,343,165,416,27,73,10
2015_05798.jpg,162,357,202,400,40,43,10
2015_05799.jpg,163,243,263,323,100,80,9
2015_05799.jpg,68,230,101,278,33,48,10
2015_05799.jpg,75,214,98,245,23,31,10
2015_05799.jpg,331,249,468,330,137,81,9
2015_05799.jpg,360,212,424,243,64,31,11
2015_05799.jpg,104,209,129,259,25,50,10
2015_05799.jpg,108,250,135,296,27,46,10
2015_05799.jpg,165,203,186,234,21,31,10
2015_05799.jpg,146,218,175,271,29,53,10
2015_05799.jpg,159,225,199,277,40,52,10
2015_05799.jpg,341,192,380,229,39,37,10
2015_05799.jpg,393,191,412,218,19,27,10
2015_05799.jpg,425,191,448,218,23,27,10
2015_05799.jpg,444,223,507,312,63,89,9
2015_05799.jpg,127,263,181,310,54,47,9
2015_05799.jpg,70,263,115,325,45,62,6
2015_05799.jpg,244,232,345,319,101,87,9
2015_05800.jpg,253,10,320,141,67,131,1
2015_05800.jpg,64,96,94,122,30,26,1
2015_05800.jpg,27,94,55,118,28,24,1
2015_05800.jpg,1,95,23,118,22,23,1
2015_05800.jpg,95,98,113,119,18,21,1
2015_05800.jpg,113,101,135,119,22,18,1
2015_05800.jpg,167,100,190,119,23,19,1
2015_05800.jpg,152,102,169,119,17,17,1
2015_05800.jpg,196,83,255,127,59,44,1
2015_05800.jpg,306,4,357,135,51,131,1
2015_05800.jpg,342,14,400,141,58,127,1
2015_05800.jpg,403,8,443,153,40,145,1
2015_05800.jpg,426,111,495,156,69,45,1
2015_05800.jpg,336,122,478,273,142,151,9
2015_05801.jpg,294,381,334,439,40,58,6
2015_05801.jpg,270,335,302,368,32,33,10
2015_05801.jpg,120,318,145,370,25,52,10
2015_05801.jpg,163,358,280,441,117,83,9
2015_05801.jpg,29,357,151,435,122,78,9
2015_05801.jpg,3,359,37,428,34,69,9
2015_05801.jpg,36,341,66,373,30,32,10
2015_05801.jpg,76,342,105,378,29,36,10
2015_05802.jpg,124,436,181,491,57,55,9
2015_05803.jpg,97,92,173,236,76,144,10
2015_05803.jpg,262,106,352,256,90,150,9
2015_05803.jpg,153,130,228,253,75,123,9
2015_05803.jpg,53,173,120,266,67,93,6
2015_05804.jpg,270,337,334,452,64,115,9
2015_05804.jpg,5,329,75,404,70,75,0
2015_05804.jpg,51,324,117,377,66,53,9
2015_05805.jpg,986,471,1111,666,125,195,10
2015_05805.jpg,957,515,1105,717,148,202,9
2015_05806.jpg,8,436,67,516,59,80,9
2015_05806.jpg,198,406,235,493,37,87,10
2015_05806.jpg,127,427,192,486,65,59,9
2015_05806.jpg,75,432,146,518,71,86,9
2015_05806.jpg,511,427,585,524,74,97,10
2015_05806.jpg,437,426,513,519,76,93,10
2015_05806.jpg,253,403,331,476,78,73,4
2015_05806.jpg,405,426,439,485,34,59,10
2015_05807.jpg,734,285,968,580,234,295,9
2015_05807.jpg,92,275,154,366,62,91,10
2015_05807.jpg,695,182,884,581,189,399,10
2015_05807.jpg,661,218,733,328,72,110,10
2015_05807.jpg,615,243,664,317,49,74,10
2015_05807.jpg,325,242,431,462,106,220,10
2015_05807.jpg,430,294,575,559,145,265,9
2015_05807.jpg,656,286,752,441,96,155,9
2015_05807.jpg,591,278,678,403,87,125,9
2015_05807.jpg,158,244,274,482,116,238,10
2015_05807.jpg,303,264,339,335,36,71,10
2015_05807.jpg,411,222,587,522,176,300,10
2015_05807.jpg,245,263,297,386,52,123,10
2015_05807.jpg,579,246,624,310,45,64,10
2015_05807.jpg,70,326,158,447,88,121,9
2015_05807.jpg,327,315,434,480,107,165,9
2015_05807.jpg,104,326,310,572,206,246,9
2015_05808.jpg,249,159,314,301,65,142,10
2015_05808.jpg,177,184,387,301,210,117,9
2015_05809.jpg,368,153,447,238,79,85,9
2015_05809.jpg,377,201,590,498,213,297,9
2015_05809.jpg,578,129,634,211,56,82,9
2015_05809.jpg,404,63,572,395,168,332,10
2015_05809.jpg,300,97,368,202,68,105,10
2015_05809.jpg,317,192,411,314,94,122,9
2015_05809.jpg,582,85,632,167,50,82,10
2015_05809.jpg,531,114,585,185,54,71,9
2015_05809.jpg,388,108,421,161,33,53,10
2015_05809.jpg,182,115,292,357,110,242,10
2015_05809.jpg,257,124,326,364,69,240,10
2015_05809.jpg,90,221,357,500,267,279,9
2015_05809.jpg,532,92,575,162,43,70,10
2015_05810.jpg,734,298,863,438,129,140,0
2015_05810.jpg,273,311,882,678,609,367,9
2015_05810.jpg,437,170,726,666,289,496,10
2015_05811.jpg,394,192,467,299,73,107,9
2015_05811.jpg,4,190,60,291,56,101,0
2015_05811.jpg,492,147,545,288,53,141,10
2015_05811.jpg,397,143,461,230,64,87,10
2015_05811.jpg,345,151,385,190,40,39,10
2015_05811.jpg,302,154,336,213,34,59,10
2015_05811.jpg,80,85,239,388,159,303,10
2015_05811.jpg,301,178,340,247,39,69,9
2015_05811.jpg,242,168,268,202,26,34,9
2015_05811.jpg,224,152,244,200,20,48,10
2015_05812.jpg,258,182,292,239,34,57,10
2015_05812.jpg,236,178,264,244,28,66,10
2015_05812.jpg,110,147,227,389,117,242,10
2015_05812.jpg,161,186,216,231,55,45,10
2015_05812.jpg,9,190,38,226,29,36,10
2015_05812.jpg,42,154,122,367,80,213,10
2015_05812.jpg,290,174,343,279,53,105,10
2015_05812.jpg,13,211,347,415,334,204,9
2015_05812.jpg,318,180,375,244,57,64,10
2015_05812.jpg,290,217,423,292,133,75,9
2015_05813.jpg,381,108,877,530,496,422,9
2015_05813.jpg,497,37,790,528,293,491,10
2015_05813.jpg,132,75,432,505,300,430,10
2015_05813.jpg,10,191,460,524,450,333,9
2015_05814.jpg,205,189,218,221,13,32,10
2015_05814.jpg,216,196,234,230,18,34,10
2015_05814.jpg,35,367,103,507,68,140,9
2015_05814.jpg,201,296,245,382,44,86,10
2015_05815.jpg,55,31,570,451,515,420,9
2015_05816.jpg,111,77,309,396,198,319,9
2015_05817.jpg,23,245,208,476,185,231,9
2015_05818.jpg,3,91,268,347,265,256,9
2015_05819.jpg,10,342,311,431,301,89,9
2015_05819.jpg,444,305,603,431,159,126,9
2015_05819.jpg,304,266,319,296,15,30,10
2015_05819.jpg,158,297,317,417,159,120,9
2015_05819.jpg,325,267,344,314,19,47,10
2015_05819.jpg,262,286,335,348,73,62,9
2015_05819.jpg,345,267,367,305,22,38,10
2015_05819.jpg,347,266,399,357,52,91,10
2015_05819.jpg,353,300,399,377,46,77,9
2015_05820.jpg,276,121,382,276,106,155,9
2015_05820.jpg,267,79,284,106,17,27,10
2015_05820.jpg,499,77,516,114,17,37,10
2015_05820.jpg,489,82,531,153,42,71,10
2015_05820.jpg,404,65,430,123,26,58,10
2015_05820.jpg,429,78,449,130,20,52,10
2015_05820.jpg,237,80,249,103,12,23,10
2015_05820.jpg,300,75,385,239,85,164,10
2015_05820.jpg,460,81,484,131,24,50,10
2015_05821.jpg,336,207,405,309,69,102,10
2015_05821.jpg,370,167,398,213,28,46,10
2015_05821.jpg,300,199,340,284,40,85,10
2015_05821.jpg,265,232,332,309,67,77,6
2015_05821.jpg,8,279,365,547,357,268,9
2015_05822.jpg,396,163,429,272,33,109,10
2015_05822.jpg,447,177,478,208,31,31,10
2015_05822.jpg,307,176,326,223,19,47,10
2015_05822.jpg,47,167,151,237,104,70,9
2015_05823.jpg,388,38,638,170,250,132,4
2015_05823.jpg,7,41,122,98,115,57,4
2015_05823.jpg,172,31,256,72,84,41,4
2015_05823.jpg,253,31,306,64,53,33,4
2015_05823.jpg,284,29,356,86,72,57,4
2015_05823.jpg,100,57,230,364,130,307,10
2015_05823.jpg,14,75,439,422,425,347,9
2015_05823.jpg,273,46,633,346,360,300,9
2015_05823.jpg,425,27,478,71,53,44,10
2015_05823.jpg,304,30,437,288,133,258,10
2015_05823.jpg,620,15,639,37,19,22,10
2015_05823.jpg,506,10,533,41,27,31,10
2015_05824.jpg,229,278,325,426,96,148,10
2015_05824.jpg,17,375,446,626,429,251,9
2015_05824.jpg,81,315,114,399,33,84,10
2015_05824.jpg,557,293,633,400,76,107,10
2015_05824.jpg,511,290,570,401,59,111,10
2015_05824.jpg,124,247,324,508,200,261,10
2015_05824.jpg,116,326,136,379,20,53,10
2015_05824.jpg,420,334,463,428,43,94,10
2015_05824.jpg,478,330,510,413,32,83,10
2015_05825.jpg,490,247,578,312,88,65,9
2015_05825.jpg,66,233,136,289,70,56,10
2015_05825.jpg,505,237,548,268,43,31,9
2015_05825.jpg,169,215,201,316,32,101,10
2015_05825.jpg,236,234,295,274,59,40,9
2015_05825.jpg,242,219,264,291,22,72,10
2015_05825.jpg,142,238,228,293,86,55,9
2015_05826.jpg,5,146,567,466,562,320,9
2015_05826.jpg,132,36,374,478,242,442,10
2015_05826.jpg,402,11,495,311,93,300,10
2015_05826.jpg,495,12,585,320,90,308,10
2015_05827.jpg,7,221,151,424,144,203,9
2015_05827.jpg,236,229,289,361,53,132,10
2015_05827.jpg,276,247,382,348,106,101,9
2015_05827.jpg,339,154,546,406,207,252,9
2015_05827.jpg,192,292,208,328,16,36,10
2015_05827.jpg,178,290,191,328,13,38,10
2015_05827.jpg,532,235,636,411,104,176,6
2015_05828.jpg,132,232,276,358,144,126,0
2015_05828.jpg,84,185,256,311,172,126,9
2015_05828.jpg,444,208,625,326,181,118,9
2015_05828.jpg,240,187,603,381,363,194,9
2015_05828.jpg,1,203,104,346,103,143,9
2015_05829.jpg,253,217,299,271,46,54,10
2015_05829.jpg,483,260,531,332,48,72,6
2015_05829.jpg,302,219,345,271,43,52,10
2015_05829.jpg,400,249,442,317,42,68,6
2015_05829.jpg,337,246,376,301,39,55,6
2015_05829.jpg,438,222,461,254,23,32,10
2015_05829.jpg,55,192,91,226,36,34,10
2015_05829.jpg,459,226,531,329,72,103,10
2015_05829.jpg,103,217,132,276,29,59,10
2015_05829.jpg,136,192,196,326,60,134,10
2015_05829.jpg,180,248,281,424,101,176,9
2015_05829.jpg,135,210,159,271,24,61,10
2015_05829.jpg,238,245,271,287,33,42,6
2015_05829.jpg,2,207,127,387,125,180,4
2015_05829.jpg,279,247,318,315,39,68,11
2015_05829.jpg,444,254,483,327,39,73,11
2015_05829.jpg,547,222,639,423,92,201,9
2015_05829.jpg,468,222,504,260,36,38,10
2015_05829.jpg,295,250,399,426,104,176,9
2015_05829.jpg,406,218,457,327,51,109,10
2015_05830.jpg,202,323,301,450,99,127,10
2015_05830.jpg,202,33,297,111,95,78,4
2015_05830.jpg,238,67,334,200,96,133,4
2015_05830.jpg,64,104,221,238,157,134,4
2015_05830.jpg,49,227,220,369,171,142,4
2015_05830.jpg,6,249,167,410,161,161,4
2015_05830.jpg,188,382,308,506,120,124,9
2015_05830.jpg,84,32,179,138,95,106,4
2015_05831.jpg,15,60,417,460,402,400,9
2015_05831.jpg,276,22,636,453,360,431,9
2015_05832.jpg,329,183,494,371,165,188,9
2015_05832.jpg,147,142,362,276,215,134,9
2015_05833.jpg,277,96,319,157,42,61,10
2015_05833.jpg,38,86,184,138,146,52,4
2015_05833.jpg,310,95,375,129,65,34,4
2015_05833.jpg,388,124,498,247,110,123,4
2015_05833.jpg,362,92,456,131,94,39,4
2015_05833.jpg,240,110,331,168,91,58,9
2015_05833.jpg,7,81,96,132,89,51,4
2015_05834.jpg,55,63,194,117,139,54,4
2015_05834.jpg,275,61,396,225,121,164,9
2015_05834.jpg,3,72,89,138,86,66,4
2015_05834.jpg,85,66,297,319,212,253,9
2015_05835.jpg,216,186,497,331,281,145,9
2015_05835.jpg,3,180,21,232,18,52,2
2015_05835.jpg,22,64,247,331,225,267,10
2015_05835.jpg,126,57,238,304,112,247,10
2015_05835.jpg,368,194,392,234,24,40,2
2015_05835.jpg,388,160,476,255,88,95,10
2015_05835.jpg,214,89,291,287,77,198,10
2015_05836.jpg,424,14,497,61,73,47,4
2015_05836.jpg,19,66,496,372,477,306,9
2015_05836.jpg,207,6,406,369,199,363,10
2015_05837.jpg,191,82,313,287,122,205,10
2015_05837.jpg,99,122,394,327,295,205,9
2015_05838.jpg,678,8,1185,432,507,424,4
2015_05838.jpg,802,328,994,579,192,251,9
2015_05838.jpg,554,9,807,397,253,388,9
2015_05838.jpg,403,107,697,522,294,415,9
2015_05838.jpg,117,52,473,664,356,612,9
2015_05838.jpg,336,9,561,180,225,171,9
2015_05839.jpg,370,86,1011,566,641,480,9
2015_05840.jpg,3,118,156,354,153,236,10
2015_05840.jpg,339,130,493,365,154,235,10
2015_05840.jpg,228,63,352,320,124,257,10
2015_05840.jpg,71,42,263,293,192,251,9
2015_05841.jpg,31,33,372,332,341,299,9
2015_05841.jpg,178,99,596,397,418,298,9
2015_05842.jpg,573,332,606,439,33,107,10
2015_05842.jpg,182,396,305,511,123,115,9
2015_05842.jpg,840,287,997,740,157,453,10
2015_05842.jpg,731,316,866,700,135,384,10
2015_05842.jpg,594,323,726,526,132,203,10
2015_05842.jpg,480,341,588,605,108,264,10
2015_05842.jpg,329,330,372,446,43,116,10
2015_05842.jpg,417,340,455,451,38,111,10
2015_05842.jpg,364,331,411,463,47,132,10
2015_05842.jpg,589,405,791,638,202,233,9
2015_05842.jpg,241,335,298,501,57,166,10
2015_05842.jpg,435,296,511,529,76,233,10
2015_05842.jpg,185,334,232,449,47,115,10
2015_05843.jpg,494,148,567,329,73,181,0
2015_05843.jpg,98,167,220,355,122,188,9
2015_05843.jpg,253,150,323,246,70,96,10
2015_05843.jpg,5,150,60,324,55,174,9
2015_05843.jpg,181,107,220,218,39,111,10
2015_05843.jpg,416,173,489,332,73,159,0
2015_05843.jpg,35,139,116,265,81,126,10
2015_05844.jpg,192,97,381,203,189,106,4
2015_05844.jpg,375,121,521,193,146,72,4
2015_05844.jpg,87,110,109,150,22,40,10
2015_05844.jpg,338,119,404,156,66,37,4
2015_05844.jpg,108,58,274,418,166,360,10
2015_05844.jpg,549,137,627,200,78,63,9
2015_05844.jpg,480,117,558,174,78,57,4
2015_05844.jpg,12,131,367,387,355,256,9
2015_05844.jpg,86,124,115,171,29,47,9
2015_05844.jpg,44,98,90,165,46,67,4
2015_05844.jpg,573,110,615,181,42,71,10
2015_05845.jpg,36,218,440,760,404,542,9
2015_05845.jpg,395,192,957,652,562,460,9
2015_05846.jpg,264,236,302,298,38,62,0
2015_05846.jpg,55,237,270,467,215,230,9
2015_05847.jpg,397,203,501,282,104,79,9
2015_05847.jpg,5,190,108,287,103,97,4
2015_05848.jpg,167,115,343,439,176,324,10
2015_05848.jpg,85,123,260,420,175,297,10
2015_05848.jpg,62,238,368,493,306,255,9
2015_05849.jpg,555,127,639,186,84,59,4
2015_05849.jpg,124,181,490,404,366,223,9
2015_05850.jpg,117,166,525,401,408,235,9
2015_05850.jpg,207,65,405,352,198,287,10
2015_05851.jpg,125,33,321,438,196,405,10
2015_05851.jpg,73,354,312,626,239,272,9
2015_05852.jpg,298,237,402,443,104,206,9
2015_05852.jpg,501,217,543,318,42,101,10
2015_05852.jpg,396,190,424,267,28,77,10
2015_05852.jpg,418,195,470,252,52,57,10
2015_05852.jpg,520,253,568,327,48,74,6
2015_05852.jpg,377,234,432,345,55,111,0
2015_05852.jpg,260,188,287,256,27,68,10
2015_05852.jpg,305,188,333,256,28,68,10
2015_05852.jpg,323,200,344,242,21,42,10
2015_05852.jpg,341,197,367,247,26,50,10
2015_05852.jpg,102,207,276,282,174,75,4
2015_05852.jpg,7,199,154,316,147,117,4
2015_05852.jpg,280,192,309,286,29,94,10
2015_05852.jpg,496,190,548,232,52,42,10
2015_05852.jpg,463,198,503,288,40,90,10
2015_05853.jpg,169,198,212,284,43,86,10
2015_05853.jpg,389,258,467,306,78,48,11
2015_05853.jpg,85,284,259,413,174,129,11
2015_05853.jpg,143,261,215,299,72,38,11
2015_05853.jpg,283,14,358,123,75,109,2
2015_05853.jpg,97,2,202,108,105,106,2
2015_05853.jpg,128,124,165,166,37,42,10
2015_05853.jpg,120,196,155,246,35,50,10
2015_05853.jpg,201,204,236,285,35,81,10
2015_05853.jpg,260,206,289,301,29,95,10
2015_05853.jpg,241,206,271,300,30,94,10
2015_05853.jpg,290,201,310,269,20,68,10
2015_05853.jpg,322,204,364,330,42,126,10
2015_05853.jpg,340,303,466,418,126,115,0
2015_05853.jpg,583,291,637,384,54,93,0
2015_05853.jpg,431,348,603,478,172,130,9
2015_05853.jpg,295,210,339,335,44,125,10
2015_05853.jpg,516,238,560,368,44,130,10
2015_05853.jpg,570,214,589,318,19,104,10
2015_05853.jpg,6,241,76,361,70,120,9
2015_05853.jpg,436,244,477,306,41,62,10
2015_05853.jpg,351,209,381,296,30,87,10
2015_05853.jpg,596,230,627,308,31,78,10
2015_05854.jpg,115,161,453,387,338,226,9
2015_05854.jpg,241,76,418,338,177,262,10
2015_05855.jpg,13,273,129,358,116,85,9
2015_05855.jpg,568,272,611,299,43,27,9
2015_05855.jpg,116,237,143,271,27,34,10
2015_05855.jpg,520,268,586,307,66,39,9
2015_05855.jpg,443,264,530,316,87,52,9
2015_05855.jpg,365,266,454,318,89,52,9
2015_05855.jpg,417,246,439,274,22,28,10
2015_05855.jpg,276,262,380,330,104,68,9
2015_05855.jpg,156,265,224,340,68,75,9
2015_05856.jpg,284,408,312,475,28,67,9
2015_05856.jpg,244,406,270,471,26,65,10
2015_05856.jpg,206,383,236,469,30,86,10
2015_05856.jpg,310,415,374,553,64,138,9
2015_05856.jpg,117,369,167,501,50,132,10
2015_05857.jpg,138,67,414,609,276,542,9
2015_05858.jpg,462,286,584,425,122,139,9
2015_05859.jpg,420,225,545,399,125,174,9
2015_05860.jpg,88,344,159,393,71,49,10
2015_05860.jpg,126,314,380,518,254,204,9
2015_05860.jpg,511,324,552,422,41,98,10
2015_05860.jpg,517,383,638,562,121,179,9
2015_05860.jpg,550,334,638,437,88,103,4
2015_05860.jpg,140,342,189,390,49,48,10
2015_05860.jpg,83,307,121,368,38,61,10
2015_05860.jpg,3,347,108,475,105,128,9
2015_05861.jpg,66,63,382,322,316,259,9
2015_05862.jpg,140,13,301,187,161,174,10
2015_05862.jpg,200,7,275,100,75,93,10
2015_05862.jpg,344,102,468,282,124,180,10
2015_05862.jpg,77,97,381,337,304,240,9
2015_05862.jpg,39,85,135,135,96,50,4
2015_05863.jpg,471,78,1018,653,547,575,0
2015_05863.jpg,54,82,428,518,374,436,9
2015_05864.jpg,64,76,441,349,377,273,9
2015_05865.jpg,194,2,373,121,179,119,4
2015_05865.jpg,3,19,280,212,277,193,9
2015_05866.jpg,137,28,598,364,461,336,9
2015_05867.jpg,515,370,583,474,68,104,9
2015_05867.jpg,323,357,360,443,37,86,10
2015_05867.jpg,423,354,471,398,48,44,10
2015_05867.jpg,532,333,590,407,58,74,10
2015_05867.jpg,351,377,431,473,80,96,9
2015_05867.jpg,422,359,496,477,74,118,9
2015_05867.jpg,364,358,402,397,38,39,10
2015_05868.jpg,306,9,614,361,308,352,9
2015_05869.jpg,141,202,384,518,243,316,9
2015_05870.jpg,40,129,81,263,41,134,10
2015_05870.jpg,271,174,339,360,68,186,10
2015_05870.jpg,299,169,630,371,331,202,4
2015_05870.jpg,187,157,316,438,129,281,10
2015_05870.jpg,14,227,369,437,355,210,9
2015_05870.jpg,175,133,221,225,46,92,10
2015_05870.jpg,117,164,145,264,28,100,10
2015_05870.jpg,73,156,120,273,47,117,10
2015_05871.jpg,305,181,341,279,36,98,10
2015_05871.jpg,7,106,333,422,326,316,9
2015_05872.jpg,122,202,179,290,57,88,9
2015_05873.jpg,147,209,225,302,78,93,9
2015_05873.jpg,71,220,142,304,71,84,9
2015_05873.jpg,401,232,460,325,59,93,9
2015_05873.jpg,229,207,259,251,30,44,10
2015_05873.jpg,459,226,520,336,61,110,9
2015_05873.jpg,15,206,39,243,24,37,10
2015_05873.jpg,472,223,583,308,111,85,9
2015_05873.jpg,200,226,272,306,72,80,9
2015_05873.jpg,33,203,64,243,31,40,10
2015_05873.jpg,308,234,372,315,64,81,9
2015_05873.jpg,340,244,401,325,61,81,9
2015_05873.jpg,114,207,176,302,62,95,9
2015_05874.jpg,370,77,523,296,153,219,10
2015_05874.jpg,249,111,413,254,164,143,4
2015_05874.jpg,202,101,319,211,117,110,4
2015_05874.jpg,459,100,618,208,159,108,4
2015_05874.jpg,397,126,498,316,101,190,9
2015_05875.jpg,108,237,225,316,117,79,9
2015_05876.jpg,153,117,281,237,128,120,9
2015_05876.jpg,185,78,273,186,88,108,10
2015_05877.jpg,58,116,229,263,171,147,9
2015_05877.jpg,124,58,222,200,98,142,10
2015_05878.jpg,259,85,339,227,80,142,10
2015_05878.jpg,192,128,375,262,183,134,9
2015_05879.jpg,56,130,305,326,249,196,9
2015_05879.jpg,134,37,274,241,140,204,10
2015_05880.jpg,247,126,423,263,176,137,9
2015_05880.jpg,302,80,379,226,77,146,10
2015_05881.jpg,510,125,621,211,111,86,4
2015_05881.jpg,303,160,381,297,78,137,9
2015_05881.jpg,402,202,518,305,116,103,9
2015_05881.jpg,311,125,383,268,72,143,10
2015_05881.jpg,487,188,598,330,111,142,10
2015_05882.jpg,217,68,302,216,85,148,10
2015_05882.jpg,205,126,311,275,106,149,9
2015_05883.jpg,73,77,182,248,109,171,10
2015_05883.jpg,9,135,230,304,221,169,9
2015_05884.jpg,204,138,257,245,53,107,10
2015_05884.jpg,194,167,260,256,66,89,9
2015_05885.jpg,112,134,399,350,287,216,9
2015_05885.jpg,165,77,303,299,138,222,10
2015_05886.jpg,190,144,277,290,87,146,9
2015_05886.jpg,187,83,280,237,93,154,10
2015_05887.jpg,129,195,329,352,200,157,9
2015_05887.jpg,168,102,279,322,111,220,10
2015_05888.jpg,237,276,290,344,53,68,9
2015_05889.jpg,253,74,545,410,292,336,9
2015_05889.jpg,129,122,285,352,156,230,10
2015_05890.jpg,243,168,515,350,272,182,9
2015_05891.jpg,399,103,519,295,120,192,10
2015_05891.jpg,319,168,548,310,229,142,9
2015_05892.jpg,164,187,185,241,21,54,10
2015_05892.jpg,82,179,108,226,26,47,10
2015_05892.jpg,318,195,383,277,65,82,9
2015_05892.jpg,186,191,203,216,17,25,10
2015_05892.jpg,126,190,159,237,33,47,10
2015_05893.jpg,127,170,215,317,88,147,10
2015_05893.jpg,397,169,500,305,103,136,9
2015_05893.jpg,283,190,434,314,151,124,9
2015_05895.jpg,223,215,346,411,123,196,9
2015_05895.jpg,2,147,147,416,145,269,9
2015_05896.jpg,73,310,102,361,29,51,10
2015_05896.jpg,183,350,274,435,91,85,9
2015_05896.jpg,211,317,228,351,17,34,10
2015_05896.jpg,66,297,89,332,23,35,10
2015_05896.jpg,234,324,265,360,31,36,10
2015_05896.jpg,12,287,32,357,20,70,10
2015_05896.jpg,31,291,59,351,28,60,10
2015_05896.jpg,94,295,119,324,25,29,10
2015_05896.jpg,10,352,80,410,70,58,0
2015_05896.jpg,71,353,158,422,87,69,0
2015_05897.jpg,208,72,497,176,289,104,4
2015_05897.jpg,234,170,416,422,182,252,9
2015_05897.jpg,3,73,158,148,155,75,4
2015_05897.jpg,279,102,424,398,145,296,10
2015_05898.jpg,177,187,233,263,56,76,9
2015_05898.jpg,182,162,233,242,51,80,10
2015_05899.jpg,69,4,346,392,277,388,9
2015_05900.jpg,19,250,93,313,74,63,9
2015_05900.jpg,523,224,570,353,47,129,10
2015_05900.jpg,167,238,192,301,25,63,10
2015_05900.jpg,222,237,242,270,20,33,10
2015_05900.jpg,197,247,221,294,24,47,10
2015_05900.jpg,366,260,479,359,113,99,9
2015_05900.jpg,390,238,438,322,48,84,10
2015_05900.jpg,279,247,320,286,41,39,9
2015_05901.jpg,140,171,203,258,63,87,9
2015_05901.jpg,315,138,353,168,38,30,9
2015_05901.jpg,232,147,258,190,26,43,9
2015_05901.jpg,288,146,317,173,29,27,9
2015_05901.jpg,311,142,501,326,190,184,4
2015_05901.jpg,203,147,233,195,30,48,9
2015_05901.jpg,254,154,295,226,41,72,9
2015_05901.jpg,4,120,60,230,56,110,10
2015_05901.jpg,131,111,199,234,68,123,10
2015_05901.jpg,346,118,366,150,20,32,10
2015_05901.jpg,291,120,315,167,24,47,10
2015_05901.jpg,261,121,302,208,41,87,10
2015_05901.jpg,323,114,345,162,22,48,10
2015_05901.jpg,232,124,256,176,24,52,10
2015_05901.jpg,195,120,231,185,36,65,10
2015_05901.jpg,399,115,434,167,35,52,10
2015_05901.jpg,394,133,438,167,44,34,9
2015_05901.jpg,2,169,43,247,41,78,9
2015_05901.jpg,76,164,121,225,45,61,9
2015_05901.jpg,64,119,124,201,60,82,10
2015_05901.jpg,348,138,372,169,24,31,9
2015_05902.jpg,238,174,292,251,54,77,10
2015_05902.jpg,124,152,222,382,98,230,10
2015_05902.jpg,96,156,150,243,54,87,10
2015_05902.jpg,32,159,109,258,77,99,10
2015_05902.jpg,351,199,406,271,55,72,10
2015_05902.jpg,78,197,307,377,229,180,9
2015_05902.jpg,272,234,421,359,149,125,0
2015_05902.jpg,377,179,635,399,258,220,4
2015_05902.jpg,4,179,22,223,18,44,10
2015_05902.jpg,272,152,362,328,90,176,10
2015_05903.jpg,11,6,242,392,231,386,4
2015_05903.jpg,483,135,639,297,156,162,9
2015_05903.jpg,204,92,312,279,108,187,4
2015_05903.jpg,540,83,582,156,42,73,10
2015_05903.jpg,501,86,551,152,50,66,10
2015_05903.jpg,447,104,485,228,38,124,10
2015_05904.jpg,462,127,632,284,170,157,9
2015_05904.jpg,364,130,486,337,122,207,9
2015_05904.jpg,197,143,328,364,131,221,9
2015_05904.jpg,25,147,163,358,138,211,9
2015_05905.jpg,98,220,245,325,147,105,9
2015_05905.jpg,246,225,307,296,61,71,9
2015_05905.jpg,304,201,407,337,103,136,9
2015_05906.jpg,235,420,406,670,171,250,9
2015_05906.jpg,417,292,573,675,156,383,10
2015_05906.jpg,229,350,363,625,134,275,10
2015_05906.jpg,104,278,183,558,79,280,10
2015_05906.jpg,514,302,626,666,112,364,10
2015_05907.jpg,349,388,387,453,38,65,10
2015_05907.jpg,349,422,388,472,39,50,9
2015_05908.jpg,9,270,181,395,172,125,9
2015_05908.jpg,461,280,610,412,149,132,9
2015_05909.jpg,114,25,532,301,418,276,9
2015_05910.jpg,24,286,209,634,185,348,9
2015_05911.jpg,252,207,310,291,58,84,9
2015_05912.jpg,233,241,399,328,166,87,9
2015_05912.jpg,103,221,206,329,103,108,9
2015_05912.jpg,256,171,352,324,96,153,10
2015_05912.jpg,108,170,181,309,73,139,10
2015_05912.jpg,353,143,393,251,40,108,10
2015_05912.jpg,396,97,434,186,38,89,10
2015_05912.jpg,426,117,462,182,36,65,10
2015_05912.jpg,462,118,493,161,31,43,10
2015_05912.jpg,253,158,291,241,38,83,10
2015_05912.jpg,187,158,220,242,33,84,10
2015_05912.jpg,52,165,82,235,30,70,10
2015_05912.jpg,87,165,108,228,21,63,10
2015_05912.jpg,219,156,249,246,30,90,10
2015_05912.jpg,7,177,28,216,21,39,10
2015_05913.jpg,301,387,369,495,68,108,9
2015_05913.jpg,298,342,371,472,73,130,10
2015_05914.jpg,94,81,264,229,170,148,9
2015_05915.jpg,657,134,1017,327,360,193,4
2015_05915.jpg,804,93,856,175,52,82,10
2015_05915.jpg,784,157,899,374,115,217,10
2015_05915.jpg,299,173,489,319,190,146,4
2015_05915.jpg,803,138,937,374,134,236,10
2015_05915.jpg,913,85,984,158,71,73,10
2015_05915.jpg,134,78,398,674,264,596,10
2015_05915.jpg,538,246,847,497,309,251,9
2015_05915.jpg,371,210,528,351,157,141,9
2015_05915.jpg,979,94,1018,164,39,70,10
2015_05916.jpg,8,9,501,410,493,401,9
2015_05917.jpg,266,278,337,330,71,52,9
2015_05917.jpg,120,257,181,364,61,107,10
2015_05917.jpg,344,322,437,389,93,67,9
2015_05917.jpg,282,261,314,312,32,51,10
2015_05917.jpg,99,307,199,390,100,83,0
2015_05917.jpg,375,257,426,379,51,122,10
2015_05918.jpg,140,246,177,269,37,23,4
2015_05918.jpg,330,230,490,286,160,56,4
2015_05918.jpg,10,226,75,334,65,108,4
2015_05918.jpg,79,237,113,271,34,34,4
2015_05918.jpg,435,254,545,332,110,78,9
2015_05919.jpg,91,128,197,252,106,124,9
2015_05919.jpg,75,23,231,181,156,158,3
2015_05919.jpg,231,89,254,124,23,35,10
2015_05919.jpg,295,82,308,119,13,37,10
2015_05919.jpg,236,102,297,199,61,97,10
2015_05919.jpg,48,95,75,180,27,85,10
2015_05919.jpg,21,92,55,173,34,81,10
2015_05919.jpg,230,104,252,141,22,37,9
2015_05919.jpg,4,148,119,290,115,142,9
2015_05920.jpg,369,113,397,200,28,87,10
2015_05920.jpg,355,109,378,171,23,62,10
2015_05920.jpg,336,108,359,161,23,53,10
2015_05920.jpg,309,109,331,151,22,42,10
2015_05920.jpg,204,108,225,189,21,81,10
2015_05920.jpg,213,109,242,210,29,101,10
2015_05920.jpg,12,226,88,294,76,68,6
2015_05920.jpg,202,170,214,193,12,23,2
2015_05920.jpg,324,135,412,198,88,63,9
2015_05920.jpg,139,107,163,173,24,66,10
2015_05920.jpg,398,58,493,182,95,124,3
2015_05920.jpg,30,177,107,287,77,110,10
2015_05920.jpg,165,111,196,196,31,85,10
2015_05921.jpg,364,275,426,367,62,92,9
2015_05921.jpg,306,251,336,322,30,71,10
2015_05921.jpg,420,269,496,363,76,94,9
2015_05921.jpg,5,282,208,373,203,91,4
2015_05921.jpg,277,271,380,372,103,101,9
2015_05921.jpg,270,252,302,360,32,108,10
2015_05921.jpg,192,252,237,367,45,115,10
2015_05922.jpg,570,172,597,259,27,87,10
2015_05922.jpg,345,181,475,456,130,275,10
2015_05922.jpg,243,186,294,221,51,35,9
2015_05922.jpg,197,223,575,505,378,282,9
2015_05922.jpg,605,174,639,265,34,91,10
2015_05922.jpg,247,151,291,213,44,62,10
2015_05922.jpg,328,146,393,279,65,133,10
2015_05922.jpg,818,177,963,525,145,348,10
2015_05922.jpg,519,179,603,236,84,57,4
2015_05922.jpg,114,204,180,363,66,159,10
2015_05922.jpg,702,146,927,294,225,148,4
2015_05922.jpg,6,157,135,302,129,145,4
2015_05922.jpg,215,161,321,226,106,65,4
2015_05922.jpg,590,174,819,577,229,403,10
2015_05922.jpg,394,163,533,246,139,83,4
2015_05922.jpg,932,141,1019,515,87,374,10
2015_05922.jpg,390,237,903,669,513,432,9
2015_05923.jpg,130,206,275,377,145,171,9
2015_05923.jpg,176,142,249,306,73,164,10
2015_05924.jpg,243,68,313,215,70,147,10
2015_05924.jpg,228,120,317,265,89,145,9
2015_05925.jpg,169,122,514,455,345,333,9
2015_05926.jpg,265,180,538,368,273,188,3
2015_05926.jpg,97,195,225,418,128,223,10
2015_05926.jpg,566,230,636,415,70,185,10
2015_05926.jpg,4,351,304,471,300,120,9
2015_05926.jpg,13,271,420,405,407,134,4
2015_05926.jpg,356,266,632,470,276,204,9
2015_05927.jpg,514,115,575,170,61,55,4
2015_05927.jpg,369,129,476,211,107,82,6
2015_05927.jpg,113,109,291,224,178,115,6
2015_05927.jpg,471,95,543,199,72,104,9
2015_05928.jpg,104,227,242,627,138,400,10
2015_05928.jpg,243,254,378,643,135,389,10
2015_05928.jpg,378,324,554,615,176,291,9
2015_05929.jpg,77,378,232,586,155,208,9
2015_05929.jpg,81,305,200,507,119,202,10
2015_05930.jpg,72,403,359,631,287,228,9
2015_05931.jpg,272,191,325,253,53,62,10
2015_05931.jpg,33,182,66,259,33,77,10
2015_05931.jpg,85,185,143,284,58,99,10
2015_05931.jpg,505,269,638,425,133,156,9
2015_05931.jpg,198,241,479,424,281,183,9
2015_05931.jpg,255,174,386,420,131,246,10
2015_05931.jpg,461,176,526,291,65,115,10
2015_05931.jpg,186,175,209,255,23,80,10
2015_05931.jpg,238,173,287,261,49,88,10
2015_05931.jpg,203,178,235,243,32,65,10
2015_05931.jpg,24,196,200,331,176,135,9
2015_05932.jpg,216,186,336,258,120,72,9
2015_05932.jpg,168,155,213,250,45,95,10
2015_05932.jpg,250,151,296,229,46,78,10
2015_05933.jpg,118,255,180,361,62,106,10
2015_05933.jpg,206,239,287,391,81,152,10
2015_05933.jpg,569,250,628,401,59,151,10
2015_05933.jpg,290,271,546,399,256,128,4
2015_05933.jpg,5,285,141,397,136,112,4
2015_05933.jpg,71,261,100,299,29,38,10
2015_05933.jpg,338,262,365,317,27,55,10
2015_05933.jpg,176,286,294,396,118,110,9
2015_05933.jpg,97,270,124,304,27,34,10
2015_05934.jpg,313,254,354,320,41,66,8
2015_05934.jpg,378,250,428,292,50,42,8
2015_05934.jpg,160,220,351,412,191,192,9
2015_05934.jpg,335,173,380,305,45,132,10
2015_05934.jpg,212,193,255,270,43,77,4
2015_05934.jpg,52,181,158,251,106,70,4
2015_05935.jpg,21,442,111,565,90,123,9
2015_05935.jpg,326,437,422,515,96,78,9
2015_05935.jpg,185,428,294,484,109,56,9
2015_05936.jpg,190,60,635,419,445,359,9
2015_05937.jpg,450,118,635,308,185,190,4
2015_05937.jpg,143,174,549,383,406,209,9
2015_05937.jpg,299,112,463,354,164,242,10
2015_05938.jpg,408,363,453,397,45,34,4
2015_05938.jpg,313,435,384,548,71,113,0
2015_05938.jpg,540,406,621,513,81,107,9
2015_05938.jpg,839,394,950,498,111,104,9
2015_05938.jpg,100,396,195,600,95,204,10
2015_05938.jpg,312,381,388,522,76,141,10
2015_05938.jpg,547,367,602,497,55,130,10
2015_05938.jpg,861,355,909,468,48,113,10
2015_05939.jpg,28,150,726,659,698,509,9
2015_05940.jpg,33,51,365,410,332,359,9
2015_05941.jpg,477,396,2293,1749,1816,1353,9
2015_05942.jpg,5,181,207,321,202,140,9
2015_05942.jpg,415,197,509,341,94,144,9
2015_05942.jpg,308,158,338,200,30,42,10
2015_05942.jpg,421,152,506,292,85,140,10
2015_05943.jpg,301,652,403,790,102,138,9
2015_05943.jpg,403,594,520,687,117,93,9
2015_05943.jpg,58,633,199,792,141,159,9
2015_05943.jpg,316,586,405,756,89,170,10
2015_05944.jpg,57,121,881,749,824,628,9
2015_05944.jpg,17,79,574,434,557,355,9
2015_05945.jpg,418,164,496,214,78,50,4
2015_05945.jpg,253,166,342,219,89,53,4
2015_05945.jpg,78,90,138,215,60,125,10
2015_05945.jpg,124,116,206,241,82,125,9
2015_05946.jpg,104,117,219,313,115,196,10
2015_05946.jpg,79,171,267,349,188,178,9
2015_05947.jpg,483,165,572,247,89,82,9
2015_05947.jpg,530,164,614,267,84,103,9
2015_05947.jpg,415,146,497,202,82,56,9
2015_05947.jpg,273,168,386,269,113,101,9
2015_05947.jpg,199,164,307,283,108,119,9
2015_05947.jpg,335,148,377,181,42,33,9
2015_05947.jpg,99,180,224,290,125,110,9
2015_05947.jpg,2,203,82,328,80,125,9
2015_05947.jpg,382,152,422,194,40,42,9
2015_05948.jpg,128,200,194,303,66,103,9
2015_05948.jpg,132,153,188,271,56,118,10
2015_05949.jpg,197,283,239,316,42,33,9
2015_05949.jpg,70,259,96,333,26,74,10
2015_05949.jpg,316,280,381,353,65,73,0
2015_05949.jpg,233,284,271,315,38,31,0
2015_05949.jpg,413,279,535,410,122,131,9
2015_05950.jpg,62,320,143,388,81,68,9
2015_05951.jpg,81,99,355,337,274,238,9
2015_05951.jpg,370,212,559,427,189,215,10
2015_05952.jpg,52,208,264,482,212,274,9
2015_05952.jpg,4,207,81,340,77,133,4
2015_05953.jpg,505,191,556,256,51,65,10
2015_05953.jpg,559,115,620,164,61,49,10
2015_05953.jpg,215,137,237,188,22,51,10
2015_05953.jpg,185,136,213,184,28,48,10
2015_05953.jpg,148,146,209,292,61,146,10
2015_05953.jpg,230,136,310,256,80,120,10
2015_05953.jpg,400,124,430,169,30,45,10
2015_05953.jpg,397,118,478,224,81,106,10
2015_05953.jpg,485,117,545,174,60,57,10
2015_05953.jpg,160,136,634,424,474,288,4
2015_05953.jpg,27,151,57,212,30,61,10
2015_05953.jpg,88,165,217,311,129,146,9
2015_05953.jpg,189,186,299,311,110,125,9
2015_05953.jpg,249,181,377,306,128,125,9
2015_05953.jpg,359,165,465,287,106,122,9
2015_05953.jpg,308,132,377,274,69,142,10
2015_05954.jpg,235,91,257,116,22,25,10
2015_05954.jpg,167,101,190,150,23,49,10
2015_05954.jpg,577,101,636,194,59,93,10
2015_05954.jpg,210,100,230,137,20,37,10
2015_05954.jpg,221,95,243,138,22,43,10
2015_05954.jpg,520,154,633,315,113,161,9
2015_05954.jpg,396,145,528,289,132,144,9
2015_05954.jpg,297,160,432,283,135,123,9
2015_05954.jpg,254,149,335,251,81,102,9
2015_05954.jpg,154,145,278,250,124,105,9
2015_05954.jpg,195,91,213,128,18,37,10
2015_05954.jpg,515,96,573,158,58,62,10
2015_05954.jpg,348,101,415,222,67,121,10
2015_05954.jpg,150,102,171,147,21,45,10
2015_05954.jpg,102,105,130,154,28,49,10
2015_05954.jpg,27,109,55,155,28,46,10
2015_05954.jpg,215,106,271,184,56,78,10
2015_05954.jpg,286,105,359,179,73,74,10
2015_05954.jpg,429,118,450,154,21,36,10
2015_05954.jpg,453,102,526,238,73,136,10
2015_05954.jpg,183,99,206,143,23,44,10
2015_05955.jpg,280,188,308,228,28,40,10
2015_05955.jpg,108,188,129,223,21,35,10
2015_05955.jpg,266,215,322,255,56,40,9
2015_05955.jpg,299,201,493,281,194,80,4
2015_05955.jpg,418,179,524,236,106,57,4
2015_05955.jpg,195,196,246,243,51,47,9
2015_05955.jpg,100,199,141,238,41,39,9
2015_05955.jpg,231,190,253,221,22,31,10
2015_05955.jpg,230,203,266,235,36,32,9
2015_05956.jpg,32,285,117,350,85,65,9
2015_05956.jpg,189,248,208,270,19,22,10
2015_05956.jpg,389,255,418,315,29,60,10
2015_05956.jpg,352,263,370,310,18,47,10
2015_05956.jpg,318,258,345,308,27,50,10
2015_05956.jpg,305,269,322,321,17,52,10
2015_05956.jpg,284,266,303,329,19,63,10
2015_05956.jpg,261,259,284,326,23,67,10
2015_05956.jpg,555,259,579,283,24,24,10
2015_05956.jpg,226,268,260,337,34,69,10
2015_05956.jpg,370,284,406,334,36,50,9
2015_05956.jpg,228,259,245,285,17,26,10
2015_05956.jpg,136,264,157,302,21,38,10
2015_05956.jpg,209,262,226,325,17,63,10
2015_05956.jpg,180,271,200,308,20,37,10
2015_05956.jpg,163,265,182,308,19,43,10
2015_05956.jpg,528,258,554,284,26,26,10
2015_05956.jpg,119,300,231,356,112,56,0
2015_05956.jpg,348,278,632,358,284,80,4
2015_05957.jpg,137,125,242,286,105,161,9
2015_05957.jpg,320,103,434,377,114,274,10
2015_05957.jpg,210,84,319,348,109,264,10
2015_05957.jpg,408,90,545,305,137,215,9
2015_05958.jpg,188,131,368,521,180,390,10
2015_05958.jpg,53,227,392,626,339,399,9
2015_05959.jpg,110,64,314,393,204,329,10
2015_05959.jpg,128,139,309,422,181,283,9
2015_05960.jpg,551,61,605,182,54,121,10
2015_05960.jpg,410,70,459,185,49,115,10
2015_05960.jpg,383,57,419,194,36,137,10
2015_05960.jpg,339,59,393,225,54,166,10
2015_05960.jpg,291,49,334,164,43,115,10
2015_05960.jpg,250,62,281,150,31,88,10
2015_05960.jpg,216,63,248,145,32,82,10
2015_05960.jpg,188,62,225,136,37,74,10
2015_05960.jpg,43,64,83,147,40,83,10
2015_05960.jpg,92,66,134,125,42,59,10
2015_05960.jpg,114,60,171,311,57,251,10
2015_05960.jpg,143,85,290,382,147,297,10
2015_05960.jpg,90,135,436,407,346,272,9
2015_05960.jpg,459,59,507,192,48,133,10
2015_05961.jpg,287,159,341,275,54,116,10
2015_05961.jpg,9,209,75,333,66,124,10
2015_05961.jpg,13,266,162,416,149,150,9
2015_05962.jpg,340,290,384,304,44,14,11
2015_05962.jpg,161,278,203,345,42,67,10
2015_05962.jpg,172,263,209,290,37,27,10
2015_05962.jpg,466,280,498,314,32,34,10
2015_05962.jpg,211,284,247,330,36,46,10
2015_05962.jpg,228,268,249,299,21,31,10
2015_05962.jpg,281,262,307,291,26,29,10
2015_05962.jpg,387,258,411,279,24,21,10
2015_05962.jpg,407,243,424,278,17,35,10
2015_05962.jpg,424,256,450,284,26,28,10
2015_05962.jpg,374,311,429,359,55,48,11
2015_05962.jpg,111,307,286,474,175,167,9
2015_05962.jpg,433,298,479,358,46,60,6
2015_05962.jpg,497,267,514,299,17,32,10
2015_05962.jpg,337,312,401,389,64,77,6
2015_05962.jpg,289,309,344,356,55,47,11
2015_05962.jpg,260,312,328,376,68,64,6
2015_05962.jpg,201,276,231,309,30,33,10
2015_05962.jpg,517,272,548,297,31,25,10
2015_05962.jpg,602,256,635,287,33,31,4
2015_05963.jpg,31,391,492,792,461,401,9
2015_05964.jpg,441,168,504,278,63,110,10
2015_05964.jpg,143,171,226,372,83,201,10
2015_05964.jpg,249,217,464,392,215,175,9
2015_05964.jpg,416,207,636,425,220,218,4
2015_05964.jpg,330,189,377,269,47,80,10
2015_05964.jpg,184,180,251,347,67,167,10
2015_05965.jpg,305,110,507,276,202,166,9
2015_05966.jpg,228,209,409,345,181,136,9
2015_05967.jpg,193,92,463,328,270,236,9
2015_05967.jpg,83,136,251,322,168,186,9
2015_05968.jpg,274,257,479,425,205,168,9
2015_05968.jpg,439,200,469,251,30,51,10
2015_05968.jpg,396,219,437,248,41,29,9
2015_05968.jpg,384,205,408,266,24,61,10
2015_05968.jpg,556,200,576,236,20,36,10
2015_05968.jpg,291,199,335,311,44,112,10
2015_05968.jpg,334,223,542,372,208,149,9
2015_05968.jpg,213,225,282,312,69,87,9
2015_05968.jpg,272,205,301,313,29,108,10
2015_05969.jpg,15,212,48,253,33,41,9
2015_05969.jpg,100,227,125,250,25,23,9
2015_05969.jpg,284,219,497,333,213,114,9
2015_05969.jpg,253,214,276,251,23,37,9
2015_05969.jpg,163,220,182,253,19,33,9
2015_05969.jpg,193,223,213,254,20,31,9
2015_05969.jpg,133,225,149,249,16,24,9
2015_05969.jpg,248,221,432,288,184,67,4
2015_05970.jpg,462,305,705,491,243,186,9
2015_05970.jpg,288,313,488,480,200,167,9
2015_05971.jpg,165,67,454,349,289,282,9
2015_05972.jpg,242,184,277,239,35,55,9
2015_05972.jpg,212,144,235,197,23,53,10
2015_05972.jpg,278,160,301,201,23,41,10
2015_05972.jpg,443,181,503,255,60,74,9
2015_05972.jpg,374,183,434,262,60,79,9
2015_05972.jpg,337,185,379,252,42,67,9
2015_05972.jpg,320,182,348,234,28,52,9
2015_05972.jpg,279,177,317,262,38,85,9
2015_05972.jpg,183,173,241,262,58,89,9
2015_05972.jpg,124,178,190,268,66,90,9
2015_05972.jpg,61,180,122,274,61,94,9
2015_05972.jpg,16,176,64,247,48,71,9
2015_05973.jpg,149,95,199,148,50,53,10
2015_05973.jpg,202,172,601,422,399,250,9
2015_05973.jpg,233,67,266,275,33,208,10
2015_05973.jpg,308,40,368,124,60,84,10
2015_05973.jpg,318,84,446,391,128,307,10
2015_05973.jpg,354,46,409,124,55,78,10
2015_05973.jpg,435,76,585,393,150,317,10
2015_05973.jpg,384,82,511,378,127,296,10
2015_05973.jpg,248,86,306,227,58,141,10
2015_05974.jpg,266,218,433,363,167,145,9
2015_05975.jpg,183,156,424,328,241,172,9
2015_05976.jpg,153,224,214,317,61,93,9
2015_05976.jpg,489,200,506,261,17,61,10
2015_05976.jpg,444,197,468,268,24,71,10
2015_05976.jpg,375,171,416,261,41,90,10
2015_05976.jpg,318,167,351,231,33,64,10
2015_05976.jpg,283,176,314,230,31,54,10
2015_05976.jpg,263,165,290,225,27,60,10
2015_05976.jpg,157,186,210,306,53,120,10
2015_05977.jpg,260,111,306,253,46,142,10
2015_05977.jpg,231,113,268,242,37,129,10
2015_05977.jpg,484,183,540,230,56,47,9
2015_05977.jpg,519,165,571,224,52,59,9
2015_05977.jpg,370,185,455,313,85,128,9
2015_05977.jpg,366,135,450,289,84,154,10
2015_05977.jpg,319,154,332,185,13,31,10
2015_05977.jpg,463,133,495,223,32,90,10
2015_05978.jpg,200,223,215,263,15,40,10
2015_05978.jpg,153,226,192,303,39,77,10
2015_05978.jpg,152,249,191,314,39,65,9
2015_05979.jpg,143,163,176,213,33,50,9
2015_05979.jpg,145,142,178,198,33,56,10
2015_05980.jpg,330,13,505,336,175,323,10
2015_05980.jpg,205,96,627,358,422,262,9
2015_05980.jpg,444,3,587,318,143,315,10
2015_05981.jpg,516,246,1265,1190,749,944,9
2015_05981.jpg,544,16,1109,1180,565,1164,10
2015_05982.jpg,292,568,519,789,227,221,9
2015_05982.jpg,91,529,270,662,179,133,9
2015_05983.jpg,141,123,518,343,377,220,9
2015_05983.jpg,232,60,397,295,165,235,10
2015_05984.jpg,83,11,426,310,343,299,10
2015_05984.jpg,77,52,379,363,302,311,9
2015_05985.jpg,161,21,326,256,165,235,10
2015_05985.jpg,68,75,431,304,363,229,9
2015_05986.jpg,119,122,456,327,337,205,9
2015_05986.jpg,212,74,364,293,152,219,10
2015_05987.jpg,116,141,481,343,365,202,9
2015_05987.jpg,193,99,355,303,162,204,10
2015_05988.jpg,542,33,632,143,90,110,3
2015_05988.jpg,16,6,374,305,358,299,9
2015_05988.jpg,8,3,86,202,78,199,9
2015_05989.jpg,335,113,414,272,79,159,10
2015_05989.jpg,194,145,449,302,255,157,9
2015_05989.jpg,282,113,373,276,91,163,10
2015_05990.jpg,15,306,38,368,23,62,10
2015_05990.jpg,177,316,197,350,20,34,10
2015_05990.jpg,361,317,387,365,26,48,10
2015_05990.jpg,591,304,612,350,21,46,10
2015_05990.jpg,233,320,298,358,65,38,4
2015_05990.jpg,135,331,190,368,55,37,9
2015_05991.jpg,122,72,492,336,370,264,10
2015_05991.jpg,52,138,324,343,272,205,9
2015_05992.jpg,5,219,238,420,233,201,9
2015_05992.jpg,485,224,561,276,76,52,9
2015_05992.jpg,428,230,534,303,106,73,9
2015_05992.jpg,499,195,537,237,38,42,10
2015_05992.jpg,304,205,359,330,55,125,10
2015_05992.jpg,270,199,335,343,65,144,10
2015_05993.jpg,5,8,625,414,620,406,9
2015_05994.jpg,41,29,449,572,408,543,9
2015_05994.jpg,19,11,298,201,279,190,4
2015_05995.jpg,288,28,547,280,259,252,8
2015_05995.jpg,18,72,618,440,600,368,9
2015_05996.jpg,388,186,452,331,64,145,10
2015_05996.jpg,340,222,507,341,167,119,9
2015_05996.jpg,249,221,372,330,123,109,9
2015_05996.jpg,132,188,281,331,149,143,9
2015_05996.jpg,543,185,573,236,30,51,10
2015_05996.jpg,506,180,543,265,37,85,10
2015_05996.jpg,475,187,511,234,36,47,10
2015_05996.jpg,44,207,82,307,38,100,10
2015_05996.jpg,78,183,114,231,36,48,10
2015_05996.jpg,196,189,259,326,63,137,10
2015_05996.jpg,294,173,342,330,48,157,10
2015_05996.jpg,457,217,584,328,127,111,9
2015_05996.jpg,11,201,49,308,38,107,10
2015_05996.jpg,377,177,413,248,36,71,10
2015_05997.jpg,373,76,481,393,108,317,10
2015_05997.jpg,101,151,544,421,443,270,9
2015_05997.jpg,460,130,638,305,178,175,4
2015_05997.jpg,225,30,419,415,194,385,10
2015_05997.jpg,571,84,634,347,63,263,10
2015_05997.jpg,40,101,122,340,82,239,10
2015_05998.jpg,214,202,425,416,211,214,4
2015_05998.jpg,165,290,390,496,225,206,9
2015_05999.jpg,426,13,568,157,142,144,9
2015_05999.jpg,231,58,374,225,143,167,9
2015_05999.jpg,330,46,455,136,125,90,9
2015_05999.jpg,345,45,513,281,168,236,9
2015_05999.jpg,16,170,633,477,617,307,9
2015_06000.jpg,158,214,343,436,185,222,9
2015_06000.jpg,338,175,437,399,99,224,10
2015_06001.jpg,418,177,485,363,67,186,10
2015_06001.jpg,40,195,101,333,61,138,10
2015_06001.jpg,105,184,160,236,55,52,10
2015_06001.jpg,243,185,280,235,37,50,10
2015_06001.jpg,527,191,550,242,23,51,10
2015_06001.jpg,518,208,542,247,24,39,9
2015_06001.jpg,148,154,228,418,80,264,10
2015_06001.jpg,397,207,420,260,23,53,10
2015_06001.jpg,381,195,406,225,25,30,10
2015_06001.jpg,268,163,393,350,125,187,10
2015_06001.jpg,454,186,485,236,31,50,10
2015_06001.jpg,407,242,495,396,88,154,0
2015_06001.jpg,308,190,333,235,25,45,10
2015_06001.jpg,254,225,406,400,152,175,9
2015_06001.jpg,7,275,81,416,74,141,9
2015_06001.jpg,534,160,617,390,83,230,10
2015_06002.jpg,8,102,637,619,629,517,9
2015_06002.jpg,53,8,239,610,186,602,10
2015_06003.jpg,78,227,205,302,127,75,9
2015_06003.jpg,223,178,271,232,48,54,10
2015_06003.jpg,372,177,390,222,18,45,10
2015_06003.jpg,329,175,353,228,24,53,10
2015_06003.jpg,384,180,413,219,29,39,10
2015_06003.jpg,486,192,602,245,116,53,9
2015_06003.jpg,457,179,479,211,22,32,10
2015_06003.jpg,477,176,501,212,24,36,10
2015_06003.jpg,411,194,508,260,97,66,9
2015_06003.jpg,353,192,433,268,80,76,9
2015_06003.jpg,236,206,375,282,139,76,9
2015_06003.jpg,191,168,227,266,36,98,10
2015_06003.jpg,82,166,122,249,40,83,10
2015_06003.jpg,411,181,437,217,26,36,10
2015_06003.jpg,122,162,177,281,55,119,10
2015_06004.jpg,332,359,360,389,28,30,4
2015_06004.jpg,282,365,317,398,35,33,4
2015_06004.jpg,12,394,156,504,144,110,9
2015_06004.jpg,36,372,110,501,74,129,10
2015_06004.jpg,183,357,232,489,49,132,10
2015_06005.jpg,102,261,360,621,258,360,9
2015_06005.jpg,4,194,54,371,50,177,10
2015_06005.jpg,193,246,220,301,27,55,10
2015_06006.jpg,202,257,420,352,218,95,9
2015_06007.jpg,148,116,257,298,109,182,10
2015_06007.jpg,92,167,332,328,240,161,9
2015_06008.jpg,46,103,83,162,37,59,10
2015_06008.jpg,91,103,118,126,27,23,10
2015_06008.jpg,394,89,415,127,21,38,10
2015_06008.jpg,545,81,639,168,94,87,4
2015_06008.jpg,139,112,189,205,50,93,10
2015_06008.jpg,171,91,267,280,96,189,10
2015_06008.jpg,304,93,335,154,31,61,10
2015_06008.jpg,469,125,587,223,118,98,9
2015_06008.jpg,259,66,371,300,112,234,10
2015_06008.jpg,6,107,30,130,24,23,10
2015_06008.jpg,95,132,126,156,31,24,10
2015_06008.jpg,518,112,581,168,63,56,9
2015_06008.jpg,433,83,461,153,28,70,10
2015_06008.jpg,453,95,479,150,26,55,10
2015_06008.jpg,474,77,520,194,46,117,10
2015_06008.jpg,413,95,436,136,23,41,10
2015_06008.jpg,379,104,425,206,46,102,10
2015_06008.jpg,338,46,468,320,130,274,10
2015_06008.jpg,3,159,170,372,167,213,9
2015_06008.jpg,517,91,554,131,37,40,10
2015_06008.jpg,111,126,279,303,168,177,9
2015_06008.jpg,250,137,549,342,299,205,9
2015_06009.jpg,329,240,629,476,300,236,9
2015_06009.jpg,519,236,637,348,118,112,9
2015_06009.jpg,145,122,302,474,157,352,10
2015_06009.jpg,225,130,328,459,103,329,10
2015_06010.jpg,317,42,476,159,159,117,4
2015_06010.jpg,10,9,298,169,288,160,4
2015_06010.jpg,38,74,469,485,431,411,9
2015_06010.jpg,159,15,459,119,300,104,4
2015_06011.jpg,463,162,508,220,45,58,2
2015_06011.jpg,53,93,208,240,155,147,9
2015_06012.jpg,118,85,408,330,290,245,9
2015_06012.jpg,7,46,243,307,236,261,10
2015_06012.jpg,240,44,363,164,123,120,10
2015_06012.jpg,186,100,470,305,284,205,9
2015_06013.jpg,519,175,533,211,14,36,10
2015_06013.jpg,544,188,565,226,21,38,9
2015_06013.jpg,505,187,526,219,21,32,9
2015_06013.jpg,372,190,417,230,45,40,9
2015_06013.jpg,336,196,383,234,47,38,9
2015_06013.jpg,308,194,326,215,18,21,10
2015_06013.jpg,208,183,229,210,21,27,10
2015_06013.jpg,507,171,522,206,15,35,10
2015_06013.jpg,619,188,639,217,20,29,9
2015_06013.jpg,546,176,564,217,18,41,10
2015_06013.jpg,437,176,449,223,12,47,10
2015_06013.jpg,10,186,54,306,44,120,10
2015_06013.jpg,471,193,510,264,39,71,9
2015_06013.jpg,476,175,510,239,34,64,10
2015_06014.jpg,19,129,458,598,439,469,9
2015_06015.jpg,356,377,373,417,17,40,10
2015_06015.jpg,342,385,360,418,18,33,10
2015_06015.jpg,377,386,396,429,19,43,10
2015_06015.jpg,271,390,295,431,24,41,10
2015_06015.jpg,89,390,119,455,30,65,10
2015_06015.jpg,13,386,48,451,35,65,10
2015_06015.jpg,159,397,196,455,37,58,10
2015_06015.jpg,249,392,285,446,36,54,10
2015_06015.jpg,390,380,406,412,16,32,10
2015_06015.jpg,502,376,567,419,65,43,4
2015_06015.jpg,6,412,79,454,73,42,9
2015_06015.jpg,288,406,360,450,72,44,9
2015_06015.jpg,121,396,262,448,141,52,4
2015_06015.jpg,146,411,236,455,90,44,9
2015_06015.jpg,310,388,332,451,22,63,10
2015_06015.jpg,238,414,320,453,82,39,9
2015_06015.jpg,65,412,152,455,87,43,9
2015_06016.jpg,46,403,72,455,26,52,10
2015_06016.jpg,151,396,179,431,28,35,10
2015_06016.jpg,441,390,477,472,36,82,10
2015_06016.jpg,5,409,69,605,64,196,10
2015_06016.jpg,389,397,417,517,28,120,10
2015_06016.jpg,216,396,237,426,21,30,10
2015_06016.jpg,270,398,290,435,20,37,10
2015_06016.jpg,305,394,354,517,49,123,10
2015_06016.jpg,53,438,199,572,146,134,9
2015_06016.jpg,127,394,155,450,28,56,10
2015_06016.jpg,199,439,335,547,136,108,9
2015_06016.jpg,183,390,209,428,26,38,10
2015_06016.jpg,365,395,407,530,42,135,10
2015_06016.jpg,108,392,129,459,21,67,10
2015_06016.jpg,68,400,105,478,37,78,10
2015_06017.jpg,225,187,455,477,230,290,9
2015_06018.jpg,341,165,368,220,27,55,10
2015_06018.jpg,253,187,351,309,98,122,10
2015_06018.jpg,313,248,459,421,146,173,9
2015_06018.jpg,520,169,541,249,21,80,10
2015_06018.jpg,524,188,637,304,113,116,9
2015_06018.jpg,16,227,243,414,227,187,9
2015_06018.jpg,369,160,392,187,23,27,10
2015_06018.jpg,574,170,604,198,30,28,10
2015_06018.jpg,61,174,230,421,169,247,10
2015_06018.jpg,272,211,349,332,77,121,9
2015_06018.jpg,295,182,454,421,159,239,10
2015_06018.jpg,489,163,511,205,22,42,10
2015_06018.jpg,441,167,516,283,75,116,10
2015_06018.jpg,442,197,502,295,60,98,9
2015_06018.jpg,8,182,73,248,65,66,10
2015_06018.jpg,35,161,69,205,34,44,10
2015_06018.jpg,79,172,138,217,59,45,10
2015_06018.jpg,118,162,145,196,27,34,10
2015_06018.jpg,393,166,419,225,26,59,10
2015_06018.jpg,236,167,264,245,28,78,10
2015_06018.jpg,213,165,241,241,28,76,10
2015_06019.jpg,306,181,339,213,33,32,10
2015_06019.jpg,431,165,460,232,29,67,10
2015_06019.jpg,451,172,472,210,21,38,10
2015_06019.jpg,476,165,505,232,29,67,10
2015_06019.jpg,503,154,543,245,40,91,10
2015_06019.jpg,530,163,570,242,40,79,10
2015_06019.jpg,160,139,220,334,60,195,10
2015_06019.jpg,581,231,637,403,56,172,9
2015_06019.jpg,5,168,30,259,25,91,10
2015_06019.jpg,604,154,635,251,31,97,10
2015_06019.jpg,45,177,87,244,42,67,10
2015_06019.jpg,176,252,483,423,307,171,9
2015_06019.jpg,3,227,113,414,110,187,9
2015_06019.jpg,93,202,163,317,70,115,9
2015_06019.jpg,27,169,54,245,27,76,10
2015_06019.jpg,419,168,438,224,19,56,10
2015_06019.jpg,435,211,567,326,132,115,9
2015_06019.jpg,336,176,447,417,111,241,10
2015_06019.jpg,227,124,300,278,73,154,10
2015_06019.jpg,116,172,134,214,18,42,10
2015_06019.jpg,89,177,115,235,26,58,10
2015_06019.jpg,72,170,95,238,23,68,10
2015_06019.jpg,132,176,154,222,22,46,10
2015_06020.jpg,3,73,70,141,67,68,4
2015_06020.jpg,85,75,147,121,62,46,4
2015_06020.jpg,146,75,180,112,34,37,4
2015_06020.jpg,385,89,459,134,74,45,4
2015_06020.jpg,457,72,526,145,69,73,4
2015_06020.jpg,496,85,634,172,138,87,4
2015_06020.jpg,280,79,311,131,31,52,10
2015_06020.jpg,284,92,308,136,24,44,9
2015_06020.jpg,326,78,389,135,63,57,4
2015_06021.jpg,300,433,368,506,68,73,9
2015_06021.jpg,304,410,346,501,42,91,10
2015_06021.jpg,53,272,143,310,90,38,4
2015_06022.jpg,439,159,592,223,153,64,4
2015_06022.jpg,337,190,441,360,104,170,9
2015_06022.jpg,159,137,214,234,55,97,10
2015_06022.jpg,192,163,382,276,190,113,4
2015_06022.jpg,349,142,437,334,88,192,10
2015_06022.jpg,407,146,478,332,71,186,10
2015_06023.jpg,406,442,477,633,71,191,7
2015_06023.jpg,139,271,278,439,139,168,9
2015_06023.jpg,344,257,455,373,111,116,4
2015_06023.jpg,228,481,351,639,123,158,7
2015_06023.jpg,9,277,165,474,156,197,9
2015_06024.jpg,136,209,351,366,215,157,9
2015_06025.jpg,531,81,586,200,55,119,10
2015_06025.jpg,570,66,635,196,65,130,10
2015_06025.jpg,54,116,93,166,39,50,9
2015_06025.jpg,348,76,398,152,50,76,10
2015_06025.jpg,282,186,525,319,243,133,9
2015_06025.jpg,308,93,358,148,50,55,10
2015_06025.jpg,522,173,627,266,105,93,9
2015_06025.jpg,327,101,460,336,133,235,10
2015_06025.jpg,411,86,463,152,52,66,10
2015_06025.jpg,434,81,471,128,37,47,10
2015_06025.jpg,234,94,284,214,50,120,10
2015_06025.jpg,3,125,53,175,50,50,9
2015_06025.jpg,74,88,91,117,17,29,10
2015_06025.jpg,86,86,122,167,36,81,10
2015_06025.jpg,3,97,42,176,39,79,10
2015_06025.jpg,107,132,188,204,81,72,9
2015_06025.jpg,82,123,122,182,40,59,9
2015_06025.jpg,30,93,53,125,23,32,10
2015_06025.jpg,142,87,166,128,24,41,10
2015_06025.jpg,161,106,248,175,87,69,9
2015_06025.jpg,237,144,352,237,115,93,9
2015_06025.jpg,412,137,517,228,105,91,9
2015_06025.jpg,312,78,354,119,42,41,10
2015_06025.jpg,455,86,515,194,60,108,10
2015_06025.jpg,269,88,340,239,71,151,10
2015_06025.jpg,55,92,77,161,22,69,10
2015_06025.jpg,260,72,281,107,21,35,10
2015_06025.jpg,109,98,173,192,64,94,10
2015_06025.jpg,175,81,219,180,44,99,10
2015_06026.jpg,85,240,110,280,25,40,10
2015_06026.jpg,400,258,420,304,20,46,10
2015_06026.jpg,421,258,441,303,20,45,10
2015_06026.jpg,466,256,492,302,26,46,10
2015_06026.jpg,204,264,293,326,89,62,9
2015_06026.jpg,92,254,199,325,107,71,9
2015_06026.jpg,518,272,576,328,58,56,0
2015_06027.jpg,10,10,559,451,549,441,9
2015_06027.jpg,317,8,636,336,319,328,4
2015_06028.jpg,479,299,637,423,158,124,4
2015_06028.jpg,147,299,186,352,39,53,10
2015_06028.jpg,501,203,635,340,134,137,3
2015_06028.jpg,326,308,378,394,52,86,10
2015_06028.jpg,372,292,412,339,40,47,4
2015_06028.jpg,88,299,145,356,57,57,10
2015_06028.jpg,391,269,486,387,95,118,4
2015_06028.jpg,195,297,251,337,56,40,10
2015_06028.jpg,341,335,380,402,39,67,9
2015_06029.jpg,324,238,379,365,55,127,10
2015_06029.jpg,446,246,520,359,74,113,10
2015_06029.jpg,320,278,372,359,52,81,9
2015_06029.jpg,449,276,512,363,63,87,9
2015_06030.jpg,317,30,374,83,57,53,2
2015_06030.jpg,516,238,598,331,82,93,10
2015_06030.jpg,391,154,441,234,50,80,10
2015_06030.jpg,293,155,369,260,76,105,10
2015_06030.jpg,444,137,515,282,71,145,10
2015_06030.jpg,11,220,96,333,85,113,10
2015_06030.jpg,101,263,129,325,28,62,7
2015_06030.jpg,158,223,257,327,99,104,10
2015_06030.jpg,466,39,494,85,28,46,2
2015_06030.jpg,419,32,446,83,27,51,2
2015_06030.jpg,393,243,489,312,96,69,10
2015_06030.jpg,599,231,638,301,39,70,10
2015_06030.jpg,309,92,489,138,180,46,2
2015_06030.jpg,250,47,283,81,33,34,2
2015_06030.jpg,222,170,314,270,92,100,10
2015_06030.jpg,215,87,313,170,98,83,2
2015_06030.jpg,431,238,506,333,75,95,10
2015_06030.jpg,269,237,365,335,96,98,10
2015_06030.jpg,565,261,589,328,24,67,7
2015_06030.jpg,295,277,635,554,340,277,9
2015_06030.jpg,73,286,473,561,400,275,9
2015_06031.jpg,33,214,141,319,108,105,9
2015_06031.jpg,244,148,368,382,124,234,10
2015_06031.jpg,5,226,77,352,72,126,9
2015_06031.jpg,134,210,499,389,365,179,9
2015_06031.jpg,147,157,267,389,120,232,10
2015_06032.jpg,25,203,250,512,225,309,9
2015_06032.jpg,88,170,244,446,156,276,10
2015_06033.jpg,247,75,300,116,53,41,4
2015_06033.jpg,8,185,470,514,462,329,9
2015_06033.jpg,268,87,427,194,159,107,4
2015_06033.jpg,36,63,249,183,213,120,4
2015_06034.jpg,76,154,864,651,788,497,9
2015_06035.jpg,516,322,558,489,42,167,10
2015_06035.jpg,620,357,829,506,209,149,9
2015_06035.jpg,28,266,293,752,265,486,4
2015_06035.jpg,553,349,598,492,45,143,10
2015_06035.jpg,384,333,444,495,60,162,10
2015_06035.jpg,196,360,306,508,110,148,4
2015_06035.jpg,272,366,393,491,121,125,4
2015_06035.jpg,583,337,622,480,39,143,10
2015_06035.jpg,450,332,502,482,52,150,10
2015_06036.jpg,79,109,212,241,133,132,9
2015_06036.jpg,139,101,280,279,141,178,9
2015_06036.jpg,337,143,512,342,175,199,9
2015_06036.jpg,7,99,131,168,124,69,4
2015_06036.jpg,476,131,635,463,159,332,9
2015_06036.jpg,53,110,145,191,92,81,9
2015_06036.jpg,218,137,375,292,157,155,9
2015_06037.jpg,704,657,751,743,47,86,10
2015_06037.jpg,1210,685,1541,978,331,293,9
2015_06037.jpg,1286,593,1474,860,188,267,10
2015_06037.jpg,628,703,660,752,32,49,9
2015_06037.jpg,1078,654,1127,722,49,68,10
2015_06037.jpg,629,676,657,723,28,47,10
2015_06037.jpg,705,694,763,795,58,101,9
2015_06038.jpg,240,29,987,605,747,576,9
2015_06038.jpg,63,172,209,259,146,87,8
2015_06038.jpg,87,127,202,366,115,239,10
2015_06039.jpg,33,104,957,715,924,611,9
2015_06040.JPEG,232,121,363,213,131,92,4
2015_06040.JPEG,178,121,218,233,40,112,10
2015_06040.JPEG,49,157,93,241,44,84,9
2015_06040.JPEG,180,158,254,256,74,98,9
2015_06040.JPEG,100,122,166,249,66,127,10
2015_06040.JPEG,103,165,175,290,72,125,9
2015_06040.JPEG,48,125,85,216,37,91,10
2015_06040.JPEG,6,129,48,286,42,157,10
2015_06041.JPEG,264,128,384,298,120,170,10
2015_06041.JPEG,179,169,422,323,243,154,9
2015_06042.JPEG,118,25,459,306,341,281,9
2015_06043.JPEG,15,291,29,323,14,32,10
2015_06043.JPEG,124,273,285,422,161,149,9
2015_06043.JPEG,52,289,68,319,16,30,10
2015_06043.JPEG,152,224,228,419,76,195,10
2015_06043.JPEG,215,263,307,307,92,44,3
2015_06044.JPG,1150,826,1392,1330,242,504,10
2015_06044.JPG,1402,889,1836,1403,434,514,4
2015_06044.JPG,53,710,1210,1792,1157,1082,4
2015_06044.JPG,1162,1025,1422,1451,260,426,9
2015_06045.JPG,1563,1182,2186,1931,623,749,9
2015_06045.JPG,35,998,1109,1845,1074,847,4
2015_06045.JPG,1596,839,2100,1784,504,945,10
2015_06045.JPG,2019,826,3214,1903,1195,1077,4
2015_06046.JPG,2826,1043,3234,2026,408,983,4
2015_06046.JPG,1291,1174,1846,1580,555,406,9
2015_06046.JPG,2239,1051,2468,1762,229,711,10
2015_06046.JPG,1679,1053,1906,1623,227,570,10
2015_06046.JPG,48,841,1926,2379,1878,1538,4
2015_06047.JPG,1898,312,2435,1343,537,1031,10
2015_06047.JPG,313,602,1894,1588,1581,986,9
2015_06047.JPG,1659,382,1979,1353,320,971,10
2015_06048.JPG,1026,922,1586,1603,560,681,9
2015_06048.JPG,2317,889,2766,1131,449,242,4
2015_06048.JPG,1104,650,1515,1490,411,840,10
2015_06049.JPG,1107,1131,1634,1691,527,560,9
2015_06049.JPG,1087,781,1606,1598,519,817,10
2015_06049.JPG,2297,1033,2468,1169,171,136,4
2015_06049.JPG,2405,1043,2675,1199,270,156,4
2015_06050.JPG,20,1033,625,1739,605,706,9
2015_06050.JPG,1591,872,2176,1712,585,840,9
2015_06050.JPG,1427,907,1687,1081,260,174,4
2015_06050.JPG,73,642,676,1655,603,1013,10
2015_06050.JPG,1581,680,1959,1555,378,875,10
2015_06050.JPG,2683,970,3243,1194,560,224,4
2015_06051.JPG,1467,922,1701,1240,234,318,9
2015_06051.JPG,867,745,1069,1227,202,482,10
2015_06051.JPG,449,715,741,1267,292,552,10
2015_06051.JPG,202,834,396,1091,194,257,10
2015_06051.JPG,1150,902,1369,1247,219,345,9
2015_06051.JPG,1682,887,1914,1248,232,361,9
2015_06052.JPG,900,1053,1366,1320,466,267,4
2015_06052.JPG,1361,1131,1459,1338,98,207,9
2015_06052.JPG,1495,1109,1717,1429,222,320,9
2015_06052.JPG,1240,1033,1369,1388,129,355,10
2015_06053.JPG,1888,295,2204,628,316,333,4
2015_06053.JPG,547,432,1656,2012,1109,1580,9
2015_06053.JPG,547,227,1048,603,501,376,4
2015_06053.JPG,103,207,385,583,282,376,9
2015_06053.JPG,793,234,1939,789,1146,555,4
2015_06053.JPG,1509,332,2413,1734,904,1402,4
2015_06054.JPG,2027,264,3230,1605,1203,1341,4
2015_06054.JPG,1919,62,2532,622,613,560,9
2015_06054.JPG,519,95,2337,2359,1818,2264,9
2015_06055.JPG,43,52,2665,2399,2622,2347,9
2015_06056.JPG,993,380,1611,690,618,310,4
2015_06056.JPG,1331,292,2463,1608,1132,1316,9
2015_06056.JPG,913,577,1442,1117,529,540,4
2015_06057.JPG,1248,844,1344,1058,96,214,10
2015_06057.JPG,1793,844,2083,1056,290,212,4
2015_06057.JPG,1246,917,1347,1076,101,159,9
2015_06057.JPG,1551,861,1659,974,108,113,4
2015_06057.JPG,1727,867,1823,968,96,101,4
2015_06057.JPG,2191,698,3215,1303,1024,605,4
2015_06057.JPG,2103,831,2292,1035,189,204,4
2015_06058.JPG,1919,947,3177,1900,1258,953,4
2015_06058.JPG,454,962,1611,1605,1157,643,4
2015_06058.JPG,1762,1068,2148,1343,386,275,4
2015_06058.JPG,1513,859,1901,1603,388,744,10
2015_06058.JPG,1500,1126,1906,1731,406,605,9
2015_06059.JPG,1825,665,2175,965,350,300,4
2015_06059.JPG,2297,743,2421,882,124,139,4
2015_06059.JPG,2471,748,2627,887,156,139,4
2015_06059.JPG,1377,730,1705,1189,328,459,9
2015_06059.JPG,1417,556,1699,1106,282,550,10
2015_06060.JPG,1767,882,1873,973,106,91,4
2015_06060.JPG,1498,856,1657,1002,159,146,4
2015_06060.JPG,416,864,892,1426,476,562,9
2015_06060.JPG,487,619,820,1325,333,706,10
2015_06061.JPG,1868,1101,2108,1577,240,476,10
2015_06061.JPG,2193,1227,2458,1595,265,368,9
2015_06061.JPG,1137,1172,1258,1333,121,161,10
2015_06061.JPG,2201,1126,2435,1524,234,398,10
2015_06061.JPG,895,1177,1016,1346,121,169,10
2015_06061.JPG,1868,1275,2123,1618,255,343,9
2015_06061.JPG,1130,1257,1266,1388,136,131,9
2015_06061.JPG,898,1237,1024,1406,126,169,9
2015_06062.JPG,419,1111,938,1414,519,303,4
2015_06062.JPG,28,1073,376,1416,348,343,4
2015_06062.JPG,1236,1124,1344,1331,108,207,9
2015_06062.JPG,1019,1156,1226,1443,207,287,9
2015_06063.JPG,543,1008,2086,2122,1543,1114,9
2015_06064.JPG,1407,935,2287,1545,880,610,4
2015_06064.JPG,860,970,1468,1474,608,504,9
2015_06065.JPG,908,982,1506,1484,598,502,9
2015_06065.JPG,1385,922,2338,1530,953,608,4
2015_06066.JPG,664,1013,1776,1676,1112,663,9
2015_06066.JPG,434,957,979,1572,545,615,9
2015_06066.JPG,122,1010,568,1486,446,476,9
2015_06067.JPG,1881,748,1997,879,116,131,4
2015_06067.JPG,1024,728,1463,998,439,270,4
2015_06067.JPG,1566,748,1790,914,224,166,4
2015_06067.JPG,1745,730,1929,899,184,169,4
2015_06067.JPG,1952,723,2103,884,151,161,4
2015_06067.JPG,2053,728,2204,867,151,139,4
2015_06067.JPG,928,788,1117,1080,189,292,9
2015_06067.JPG,1380,740,1637,954,257,214,4
2015_06068.JPG,40,744,377,1133,337,389,4
2015_06068.JPG,1007,870,1792,1420,785,550,9
2015_06068.JPG,1047,1120,2376,1970,1329,850,9
2015_06068.JPG,467,740,631,882,164,142,4
2015_06069.jpg,304,214,640,551,336,337,9
2015_06070.jpg,325,242,573,403,248,161,9
2015_06070.jpg,393,178,513,368,120,190,10
2015_06071.jpg,147,175,761,636,614,461,9
2015_06072.jpg,509,369,897,655,388,286,4
2015_06072.jpg,342,330,568,666,226,336,10
2015_06072.jpg,14,353,35,395,21,42,10
2015_06072.jpg,30,346,225,664,195,318,10
2015_06072.jpg,16,412,393,670,377,258,9
2015_06072.jpg,294,363,345,417,51,54,10
2015_06072.jpg,515,328,715,653,200,325,10
2015_06072.jpg,129,354,302,670,173,316,10
2015_06073.jpg,142,275,308,469,166,194,6
2015_06073.jpg,326,132,709,596,383,464,9
2015_06074.jpg,159,27,726,558,567,531,9
2015_06075.jpg,860,156,1194,520,334,364,9
2015_06075.jpg,458,204,591,281,133,77,4
2015_06075.jpg,968,48,1169,422,201,374,10
2015_06076.jpg,54,350,163,563,109,213,9
2015_06077.jpg,403,386,660,608,257,222,9
2015_06077.jpg,162,337,244,452,82,115,9
2015_06077.jpg,183,307,254,423,71,116,10
2015_06078.jpg,12,10,979,761,967,751,9
2015_06079.jpg,46,90,250,245,204,155,9
2015_06079.jpg,222,111,339,240,117,129,9
2015_06079.jpg,315,130,425,247,110,117,9
2015_06080.jpg,207,272,338,414,131,142,9
2015_06080.jpg,239,251,302,339,63,88,10
2015_06081.jpg,340,216,938,644,598,428,9
2015_06081.jpg,461,74,737,648,276,574,10
2015_06082.jpg,168,435,283,624,115,189,9
2015_06082.jpg,411,377,613,659,202,282,9
2015_06083.jpg,157,229,1134,777,977,548,9
2015_06084.jpg,31,68,779,547,748,479,9
2015_06085.jpg,198,60,348,270,150,210,10
2015_06085.jpg,153,111,373,326,220,215,9
2015_06086.jpg,152,374,279,600,127,226,9
2015_06086.jpg,325,353,467,620,142,267,9
2015_06086.jpg,536,343,715,665,179,322,9
2015_06087.jpg,567,36,999,570,432,534,9
2015_06088.jpg,49,419,238,722,189,303,9
2015_06088.jpg,369,317,433,398,64,81,10
2015_06088.jpg,274,358,527,487,253,129,9
2015_06088.jpg,75,302,319,735,244,433,10
2015_06089.jpg,95,106,150,147,55,41,4
2015_06089.jpg,291,113,324,152,33,39,4
2015_06089.jpg,105,294,522,705,417,411,9
2015_06089.jpg,12,201,524,435,512,234,4
2015_06089.jpg,222,119,284,152,62,33,4
2015_06089.jpg,323,114,353,150,30,36,4
2015_06090.jpg,905,349,945,393,40,44,0
2015_06090.jpg,848,348,898,388,50,40,0
2015_06090.jpg,55,355,634,703,579,348,9
2015_06091.jpg,75,122,758,586,683,464,9
2015_06092.png,462,153,991,537,529,384,9
2015_06092.png,119,187,436,536,317,349,9
2015_06093.jpg,291,246,500,351,209,105,9
2015_06094.jpg,168,2,375,98,207,96,0
2015_06094.jpg,12,12,571,412,559,400,9
2015_06095.jpg,55,111,310,406,255,295,9
2015_06096.jpg,375,244,455,376,80,132,9
2015_06096.jpg,333,165,442,363,109,198,10
2015_06097.jpg,138,6,875,551,737,545,9
2015_06098.jpg,278,258,522,721,244,463,9
2015_06098.jpg,304,84,491,347,187,263,10
2015_06099.jpg,665,303,769,427,104,124,6
2015_06099.jpg,179,224,456,642,277,418,9
2015_06099.jpg,435,281,583,418,148,137,9
2015_06099.jpg,556,290,619,362,63,72,9
2015_06099.jpg,603,285,662,377,59,92,9
2015_06099.jpg,779,299,930,440,151,141,6
2015_06100.jpg,100,109,362,268,262,159,9
2015_06100.jpg,204,35,323,269,119,234,10
2015_06101.jpg,33,31,186,106,153,75,9
2015_06102.jpg,2180,1457,2360,1654,180,197,9
2015_06102.jpg,2663,1869,3440,2297,777,428,9
2015_06102.jpg,1097,1481,1609,1856,512,375,9
2015_06102.jpg,688,1411,890,1543,202,132,4
2015_06102.jpg,1383,1440,1672,1546,289,106,4
2015_06102.jpg,1003,1467,1248,1686,245,219,9
2015_06103.jpg,53,1549,775,2136,722,587,9
2015_06104.jpg,38,1558,548,1998,510,440,9
2015_06104.jpg,366,1462,1056,2056,690,594,9
2015_06105.jpg,17,1650,452,2037,435,387,9
2015_06105.jpg,346,1679,827,2066,481,387,9
2015_06105.jpg,582,1645,1106,2090,524,445,9
2015_06105.jpg,1054,1647,1636,1839,582,192,4
2015_06105.jpg,2232,1587,2528,1794,296,207,4
2015_06105.jpg,2615,1592,2807,1753,192,161,4
2015_06106.jpg,1848,1513,2295,1831,447,318,9
2015_06106.jpg,1431,1455,1777,1659,346,204,4
2015_06107.jpg,517,1614,1294,1934,777,320,4
2015_06107.jpg,933,1681,1291,1955,358,274,9
2015_06107.jpg,435,1628,813,1789,378,161,4
2015_06108.jpg,1677,1452,1930,1707,253,255,9
2015_06108.jpg,2062,1385,2158,1558,96,173,10
2015_06108.jpg,209,1421,1272,2087,1063,666,4
2015_06108.jpg,1508,1513,1802,1852,294,339,9
2015_06109.jpg,2620,1659,3474,2239,854,580,4
2015_06109.jpg,748,1727,849,1850,101,123,9
2015_06109.jpg,941,1712,1148,1840,207,128,9
2015_06109.jpg,1203,1685,1343,1868,140,183,9
2015_06109.jpg,1439,1691,1617,1852,178,161,9
2015_06109.jpg,1593,1691,1749,1847,156,156,9
2015_06109.jpg,2333,1679,2756,2143,423,464,9
2015_06109.jpg,1891,1772,2372,2205,481,433,9
2015_06110.jpg,628,1683,1280,1943,652,260,4
2015_06110.jpg,2004,1664,2302,1933,298,269,9
2015_06110.jpg,2776,1573,2913,1888,137,315,10
2015_06111.jpg,1973,1585,2226,1833,253,248,0
2015_06111.jpg,419,1525,672,1672,253,147,4
2015_06111.jpg,1063,1503,1842,1871,779,368,4
2015_06111.jpg,12,1525,269,1660,257,135,4
2015_06111.jpg,1006,1505,1290,1654,284,149,4
2015_06111.jpg,236,1525,493,1672,257,147,4
2015_06111.jpg,712,1534,801,1662,89,128,9
2015_06111.jpg,916,1597,1171,1953,255,356,9
2015_06111.jpg,1318,1602,1602,2018,284,416,9
2015_06111.jpg,818,1525,900,1662,82,137,9
2015_06111.jpg,1549,1604,1840,2061,291,457,9
2015_06111.jpg,2103,1476,2192,1659,89,183,10
2015_06111.jpg,2194,1491,2278,1664,84,173,10
2015_06112.jpg,1184,1378,1785,1780,601,402,4
2015_06112.jpg,2091,1522,3486,2316,1395,794,4
2015_06112.jpg,1609,1565,2054,2260,445,695,9
2015_06113.jpg,1595,1383,2117,1775,522,392,4
2015_06113.jpg,661,1452,1741,2162,1080,710,4
2015_06113.jpg,1580,1565,1982,2239,402,674,9
2015_06114.jpg,921,1707,1241,1957,320,250,9
2015_06115.jpg,3315,1780,3493,2088,178,308,9
2015_06115.jpg,2933,1765,3356,2128,423,363,9
2015_06115.jpg,1932,1787,2105,2121,173,334,9
2015_06115.jpg,1689,1804,1903,2117,214,313,9
2015_06115.jpg,1104,1801,1323,2095,219,294,9
2015_06115.jpg,794,1801,1039,2070,245,269,9
2015_06115.jpg,2141,1782,2480,2121,339,339,9
2015_06116.jpg,58,39,826,623,768,584,9
2015_06117.jpg,276,302,332,338,56,36,4
2015_06117.jpg,2,327,42,395,40,68,9
2015_06117.jpg,128,320,184,379,56,59,9
2015_06117.jpg,192,297,241,374,49,77,10
2015_06117.jpg,245,309,273,346,28,37,9
2015_06117.jpg,349,327,397,379,48,52,9
2015_06117.jpg,366,300,398,325,32,25,4
2015_06117.jpg,349,342,475,433,126,91,9
2015_06117.jpg,480,290,539,345,59,55,4
2015_06117.jpg,550,295,574,357,24,62,10
2015_06117.jpg,191,323,252,397,61,74,9
2015_06117.jpg,379,296,418,350,39,54,10
2015_06117.jpg,438,295,485,333,47,38,4
2015_06117.jpg,9,293,47,376,38,83,10
2015_06117.jpg,141,298,178,361,37,63,10
2015_06117.jpg,387,295,448,434,61,139,10
2015_06118.jpg,369,294,2989,1817,2620,1523,9
2015_06119.jpg,263,442,466,605,203,163,9
2015_06119.jpg,532,342,895,615,363,273,9
2015_06120.jpg,350,256,1047,694,697,438,9
2015_06120.jpg,231,241,502,459,271,218,9
2015_06121.jpg,253,7,419,478,166,471,10
2015_06121.jpg,763,101,975,244,212,143,4
2015_06121.jpg,9,156,245,391,236,235,9
2015_06121.jpg,911,79,951,142,40,63,10
2015_06121.jpg,505,101,673,180,168,79,4
2015_06122.jpg,393,265,469,448,76,183,9
2015_06123.jpg,249,630,396,814,147,184,10
2015_06123.jpg,544,565,712,657,168,92,4
2015_06123.jpg,472,555,583,631,111,76,4
2015_06123.jpg,159,546,244,610,85,64,4
2015_06123.jpg,236,541,294,599,58,58,4
2015_06123.jpg,168,566,260,746,92,180,10
2015_06123.jpg,403,542,488,623,85,81,4
2015_06123.jpg,223,687,442,1058,219,371,9
2015_06123.jpg,302,555,391,628,89,73,4
2015_06123.jpg,166,607,266,790,100,183,9
2015_06124.jpg,103,21,789,742,686,721,9
2015_06125.jpg,360,305,445,472,85,167,10
2015_06125.jpg,353,367,451,509,98,142,9
2015_06126.jpg,103,363,317,499,214,136,4
2015_06126.jpg,622,182,905,663,283,481,10
2015_06126.jpg,653,348,935,707,282,359,9
2015_06126.jpg,503,424,666,552,163,128,4
2015_06126.jpg,437,439,527,498,90,59,4
2015_06127.jpg,58,49,1663,1010,1605,961,9
2015_06127.jpg,12,108,288,599,276,491,6
2015_06128.jpg,1380,318,1558,648,178,330,10
2015_06128.jpg,1574,191,1830,924,256,733,10
2015_06128.jpg,812,431,1051,767,239,336,9
2015_06128.jpg,836,322,1021,673,185,351,10
2015_06128.jpg,1360,404,1626,691,266,287,9
2015_06129.jpg,38,15,508,445,470,430,9
2015_06130.jpg,337,19,773,553,436,534,9
2015_06131.jpg,456,354,698,521,242,167,9
2015_06132.jpg,579,173,721,460,142,287,10
2015_06132.jpg,12,75,469,643,457,568,9
2015_06132.jpg,570,268,765,487,195,219,9
2015_06133.jpg,141,309,181,356,40,47,0
2015_06133.jpg,586,261,614,355,28,94,10
2015_06133.jpg,429,284,474,358,45,74,10
2015_06133.jpg,618,250,660,381,42,131,10
2015_06133.jpg,546,259,578,358,32,99,10
2015_06133.jpg,333,288,378,331,45,43,4
2015_06133.jpg,3,290,143,397,140,107,4
2015_06133.jpg,143,292,176,332,33,40,10
2015_06133.jpg,199,291,227,334,28,43,10
2015_06133.jpg,429,316,479,380,50,64,9
2015_06133.jpg,193,306,230,357,37,51,9
2015_06133.jpg,387,293,432,328,45,35,4
2015_06134.jpg,372,43,457,213,85,170,10
2015_06134.jpg,99,24,220,268,121,244,10
2015_06134.jpg,376,100,452,256,76,156,9
2015_06134.jpg,210,44,268,192,58,148,10
2015_06134.jpg,283,101,381,291,98,190,9
2015_06134.jpg,208,88,263,214,55,126,9
2015_06134.jpg,112,121,217,308,105,187,9
2015_06134.jpg,541,42,595,317,54,275,10
2015_06134.jpg,276,36,377,249,101,213,10
2015_06135.jpg,886,282,931,449,45,167,10
2015_06135.jpg,728,373,799,473,71,100,10
2015_06135.jpg,785,426,995,519,210,93,0
2015_06135.jpg,108,302,734,791,626,489,9
2015_06135.jpg,452,304,696,461,244,157,9
2015_06135.jpg,700,278,749,356,49,78,10
2015_06135.jpg,679,328,777,466,98,138,10
2015_06135.jpg,816,276,912,532,96,256,10
2015_06135.jpg,227,321,412,471,185,150,0
2015_06136.jpg,256,59,1329,2157,1073,2098,9
2015_06137.jpg,257,569,581,797,324,228,9
2015_06137.jpg,298,511,470,791,172,280,10
2015_06138.jpg,90,83,751,565,661,482,9
2015_06139.JPEG,340,58,480,281,140,223,10
2015_06139.JPEG,132,71,216,257,84,186,10
2015_06139.JPEG,353,121,460,284,107,163,9
2015_06139.JPEG,20,109,116,201,96,92,4
2015_06139.JPEG,130,119,235,281,105,162,9
2015_06139.JPEG,99,112,353,266,254,154,4
2015_06140.JPEG,293,109,345,167,52,58,6
2015_06140.JPEG,237,97,282,152,45,55,6
2015_06140.JPEG,147,154,305,270,158,116,9
2015_06140.JPEG,207,162,374,292,167,130,9
2015_06140.JPEG,383,112,496,207,113,95,0
2015_06140.JPEG,74,113,219,243,145,130,9
2015_06140.JPEG,246,191,445,333,199,142,9
2015_06140.JPEG,249,103,327,157,78,54,11
2015_06140.JPEG,25,102,100,182,75,80,9
2015_06141.JPEG,420,94,494,278,74,184,10
2015_06141.JPEG,149,91,243,275,94,184,10
2015_06141.JPEG,36,212,96,312,60,100,9
2015_06141.JPEG,14,94,125,322,111,228,10
2015_06141.JPEG,243,89,321,279,78,190,10
2015_06141.JPEG,238,157,334,279,96,122,9
2015_06141.JPEG,147,151,250,291,103,140,9
2015_06141.JPEG,400,151,496,270,96,119,9
2015_06142.JPEG,245,156,308,256,63,100,9
2015_06142.JPEG,176,144,274,235,98,91,9
2015_06142.JPEG,112,100,140,154,28,54,10
2015_06142.JPEG,104,151,201,224,97,73,9
2015_06142.JPEG,52,145,120,199,68,54,9
2015_06142.JPEG,8,135,71,180,63,45,9
2015_06142.JPEG,381,108,496,323,115,215,9
2015_06142.JPEG,419,91,466,174,47,83,10
2015_06142.JPEG,277,84,333,164,56,80,10
2015_06142.JPEG,131,91,168,184,37,93,10
2015_06142.JPEG,351,134,420,280,69,146,9
2015_06142.JPEG,292,160,370,268,78,108,9
2015_06142.JPEG,376,71,417,166,41,95,10
2015_06142.JPEG,165,86,193,169,28,83,10
2015_06142.JPEG,210,89,239,174,29,85,10
2015_06143.JPEG,293,79,341,140,48,61,6
2015_06143.JPEG,415,96,497,141,82,45,11
2015_06143.JPEG,268,73,351,93,83,20,11
2015_06143.JPEG,139,165,445,369,306,204,9
2015_06143.JPEG,103,149,341,310,238,161,9
2015_06143.JPEG,21,43,135,130,114,87,4
2015_06143.JPEG,45,73,172,162,127,89,9
2015_06143.JPEG,243,75,293,136,50,61,0
2015_06143.JPEG,402,88,497,211,95,123,0
2015_06143.JPEG,88,99,244,251,156,152,9
2015_06144.JPEG,159,193,493,367,334,174,9
2015_06144.JPEG,323,127,345,166,22,39,10
2015_06144.JPEG,426,10,496,306,70,296,10
2015_06144.JPEG,203,130,327,225,124,95,9
2015_06144.JPEG,392,110,425,203,33,93,10
2015_06144.JPEG,375,116,402,197,27,81,10
2015_06144.JPEG,326,146,363,211,37,65,0
2015_06145.JPEG,189,84,208,125,19,41,10
2015_06145.JPEG,209,77,233,141,24,64,10
2015_06145.JPEG,236,79,261,143,25,64,10
2015_06145.JPEG,254,163,436,353,182,190,9
2015_06145.JPEG,280,118,310,159,30,41,6
2015_06145.JPEG,131,120,297,209,166,89,9
2015_06145.JPEG,125,110,227,158,102,48,9
2015_06145.JPEG,301,108,338,162,37,54,9
2015_06145.JPEG,255,79,281,143,26,64,10
2015_06145.JPEG,111,100,161,130,50,30,4
2015_06146.JPEG,436,113,495,212,59,99,0
2015_06146.JPEG,267,115,334,170,67,55,0
2015_06146.JPEG,194,202,481,369,287,167,9
2015_06146.JPEG,321,114,368,173,47,59,6
2015_06146.JPEG,83,117,228,221,145,104,9
2015_06146.JPEG,64,96,157,145,93,49,4
2015_06146.JPEG,126,144,297,288,171,144,9
2015_06146.JPEG,152,156,375,343,223,187,9
2015_06147.JPEG,166,91,218,142,52,51,4
2015_06147.JPEG,262,106,335,167,73,61,0
2015_06147.JPEG,187,219,496,374,309,155,9
2015_06147.JPEG,176,116,261,180,85,64,9
2015_06147.JPEG,168,141,348,274,180,133,9
2015_06147.JPEG,370,70,402,170,32,100,10
2015_06147.JPEG,355,73,375,157,20,84,10
2015_06147.JPEG,446,18,496,265,50,247,10
2015_06147.JPEG,155,202,437,359,282,157,9
2015_06147.JPEG,64,95,100,121,36,26,4
2015_06147.JPEG,338,99,364,154,26,55,10
2015_06148.JPEG,121,77,146,181,25,104,10
2015_06148.JPEG,158,95,215,191,57,96,10
2015_06148.JPEG,206,195,486,373,280,178,9
2015_06148.JPEG,101,137,178,334,77,197,0
2015_06148.JPEG,100,91,124,175,24,84,10
2015_06148.JPEG,183,82,218,157,35,75,10
2015_06148.JPEG,256,137,420,214,164,77,9
2015_06148.JPEG,369,86,415,167,46,81,10
2015_06148.JPEG,27,122,108,353,81,231,0
2015_06148.JPEG,251,186,483,309,232,123,9
2015_06148.JPEG,155,129,260,206,105,77,9
2015_06148.JPEG,263,84,366,152,103,68,4
2015_06148.JPEG,278,90,336,174,58,84,10
2015_06148.JPEG,211,80,252,164,41,84,10
2015_06149.JPEG,6,17,780,552,774,535,9
2015_06150.JPEG,252,196,449,354,197,158,9
2015_06150.JPEG,433,132,500,187,67,55,11
2015_06150.JPEG,246,118,334,174,88,56,11
2015_06150.JPEG,387,127,500,215,113,88,0
2015_06150.JPEG,291,116,343,182,52,66,6
2015_06150.JPEG,236,114,275,167,39,53,6
2015_06150.JPEG,212,166,376,315,164,149,9
2015_06150.JPEG,74,139,251,259,177,120,9
2015_06150.JPEG,19,117,171,204,152,87,9
2015_06150.JPEG,142,154,313,285,171,131,9
2015_06151.JPEG,120,219,266,314,146,95,9
2015_06151.JPEG,231,165,339,235,108,70,4
2015_06151.JPEG,152,169,242,233,90,64,4
2015_06151.JPEG,5,155,60,240,55,85,4
2015_06151.JPEG,155,176,223,326,68,150,10
2015_06151.JPEG,67,157,113,326,46,169,10
2015_06152.JPEG,174,157,261,227,87,70,9
2015_06152.JPEG,264,167,322,254,58,87,9
2015_06152.JPEG,5,156,44,235,39,79,9
2015_06152.JPEG,449,119,498,248,49,129,10
2015_06152.JPEG,7,217,115,366,108,149,9
2015_06152.JPEG,350,154,418,211,68,57,9
2015_06152.JPEG,19,183,106,270,87,87,9
2015_06153.JPEG,286,174,435,366,149,192,9
2015_06153.JPEG,8,101,174,234,166,133,4
2015_06153.JPEG,135,91,224,155,89,64,4
2015_06153.JPEG,177,117,235,189,58,72,9
2015_06153.JPEG,81,160,207,316,126,156,9
2015_06153.JPEG,7,185,64,355,57,170,9
2015_06153.JPEG,261,123,344,264,83,141,9
2015_06153.JPEG,320,77,353,146,33,69,10
2015_06153.JPEG,240,74,270,176,30,102,10
2015_06154.JPEG,226,91,248,162,22,71,10
2015_06154.JPEG,253,94,275,167,22,73,10
2015_06154.JPEG,236,129,386,232,150,103,9
2015_06154.JPEG,48,125,474,373,426,248,9
2015_06154.JPEG,183,108,224,199,41,91,0
2015_06154.JPEG,124,101,175,185,51,84,0
2015_06155.JPEG,108,50,473,364,365,314,9
2015_06156.JPEG,18,125,72,249,54,124,9
2015_06156.JPEG,6,13,84,242,78,229,10
2015_06156.JPEG,122,39,191,223,69,184,10
2015_06156.JPEG,339,151,494,339,155,188,9
2015_06156.JPEG,197,86,329,188,132,102,9
2015_06156.JPEG,155,24,396,129,241,105,4
2015_06156.JPEG,284,130,436,246,152,116,9
2015_06156.JPEG,99,135,258,284,159,149,9
2015_06156.JPEG,40,205,297,374,257,169,9
2015_06156.JPEG,76,113,147,208,71,95,9
2015_06157.jpg,102,38,600,576,498,538,9
2015_06158.jpg,381,205,672,546,291,341,9
2015_06159.jpg,348,82,838,526,490,444,9
2015_06159.jpg,15,22,489,536,474,514,9
2015_06160.jpg,253,369,571,603,318,234,9
2015_06160.jpg,8,344,245,524,237,180,4
2015_06160.jpg,351,293,505,519,154,226,10
2015_06161.jpg,472,181,643,510,171,329,10
2015_06161.jpg,251,235,729,551,478,316,9
2015_06162.jpg,647,389,746,514,99,125,9
2015_06162.jpg,664,359,735,475,71,116,10
2015_06163.jpg,112,443,633,765,521,322,9
2015_06163.jpg,288,349,487,720,199,371,10
2015_06164.jpg,358,381,564,513,206,132,9
2015_06164.jpg,510,394,854,518,344,124,4
2015_06164.jpg,18,335,417,493,399,158,4
2015_06165.jpg,82,376,510,651,428,275,9
2015_06166.jpg,462,71,730,317,268,246,10
2015_06166.jpg,300,218,565,377,265,159,4
2015_06166.jpg,31,183,273,467,242,284,9
2015_06167.png,127,53,623,426,496,373,9
2015_06167.png,49,78,433,388,384,310,9
2015_06168.png,130,69,477,368,347,299,9
2015_06168.png,272,92,478,453,206,361,9
2015_06169.jpg,561,579,590,645,29,66,10
2015_06169.jpg,660,582,703,647,43,65,10
2015_06169.jpg,706,586,731,650,25,64,10
2015_06169.jpg,740,592,771,641,31,49,10
2015_06169.jpg,1035,560,1074,621,39,61,10
2015_06169.jpg,1145,606,1277,681,132,75,9
2015_06169.jpg,422,646,619,892,197,246,9
2015_06169.jpg,6,632,126,850,120,218,9
2015_06169.jpg,872,593,1125,936,253,343,9
2015_06169.jpg,1071,586,1095,621,24,35,10
2015_06169.jpg,604,642,841,921,237,279,9
2015_06169.jpg,851,583,901,665,50,82,9
2015_06169.jpg,88,608,262,870,174,262,9
2015_06169.jpg,758,606,852,671,94,65,9
2015_06169.jpg,198,611,414,885,216,274,9
2015_06169.jpg,1138,574,1182,624,44,50,10
2015_06169.jpg,442,583,464,663,22,80,10
2015_06169.jpg,459,599,485,661,26,62,10
2015_06170.jpg,547,327,695,487,148,160,4
2015_06170.jpg,412,320,573,667,161,347,10
2015_06170.jpg,400,429,649,708,249,279,9
2015_06170.jpg,694,385,786,460,92,75,0
2015_06170.jpg,481,299,647,702,166,403,10
2015_06171.jpg,232,74,323,295,91,221,10
2015_06171.jpg,178,155,386,335,208,180,9
2015_06172.jpg,212,568,351,635,139,67,4
2015_06172.jpg,820,556,845,612,25,56,10
2015_06172.jpg,626,563,643,607,17,44,10
2015_06172.jpg,870,561,886,612,16,51,10
2015_06172.jpg,568,559,596,609,28,50,10
2015_06172.jpg,544,560,563,614,19,54,10
2015_06172.jpg,521,566,543,612,22,46,10
2015_06172.jpg,675,561,699,609,24,48,10
2015_06172.jpg,851,555,871,613,20,58,10
2015_06172.jpg,256,586,316,648,60,62,9
2015_06172.jpg,139,593,189,656,50,63,9
2015_06172.jpg,264,558,305,644,41,86,10
2015_06172.jpg,140,563,177,635,37,72,10
2015_06172.jpg,73,563,223,641,150,78,4
2015_06172.jpg,83,554,122,652,39,98,10
2015_06172.jpg,85,596,143,659,58,63,9
2015_06172.jpg,3,556,77,643,74,87,4
2015_06173.jpg,872,538,943,607,71,69,4
2015_06173.jpg,761,552,890,641,129,89,4
2015_06173.jpg,413,537,498,601,85,64,4
2015_06173.jpg,929,407,1020,618,91,211,3
2015_06173.jpg,316,522,430,651,114,129,4
2015_06173.jpg,134,547,192,682,58,135,9
2015_06173.jpg,227,528,312,627,85,99,9
2015_06173.jpg,507,541,628,593,121,52,4
2015_06173.jpg,717,543,780,609,63,66,4
2015_06173.jpg,20,518,149,687,129,169,9
2015_06173.jpg,16,509,88,652,72,143,10
2015_06173.jpg,494,533,567,678,73,145,10
2015_06173.jpg,574,551,729,649,155,98,4
2015_06174.jpg,327,89,751,511,424,422,9
2015_06175.jpeg,1542,200,1617,241,75,41,6
2015_06175.jpeg,1460,214,1516,259,56,45,6
2015_06175.jpeg,1471,203,1557,253,86,50,6
2015_06175.jpeg,506,225,1153,840,647,615,9
2015_06175.jpeg,1423,227,1505,335,82,108,6
2015_06175.jpeg,1370,232,1451,357,81,125,6
2015_06175.jpeg,1472,214,1629,373,157,159,11
2015_06176.jpg,78,512,364,811,286,299,9
2015_06176.jpg,115,440,270,793,155,353,10
2015_06176.jpg,520,415,587,575,67,160,10
2015_06176.jpg,89,438,196,509,107,71,4
2015_06176.jpg,595,414,691,472,96,58,4
2015_06176.jpg,682,409,777,471,95,62,4
2015_06176.jpg,770,408,842,459,72,51,4
2015_06176.jpg,797,436,899,532,102,96,4
2015_06177.jpg,65,165,399,582,334,417,9
2015_06177.jpg,867,203,894,267,27,64,10
2015_06178.jpg,511,208,585,337,74,129,10
2015_06178.jpg,563,241,732,510,169,269,9
2015_06178.jpg,586,161,730,410,144,249,10
2015_06178.jpg,305,218,468,505,163,287,9
2015_06178.jpg,99,106,206,385,107,279,10
2015_06178.jpg,263,167,347,288,84,121,10
2015_06178.jpg,304,122,475,415,171,293,10
2015_06178.jpg,503,251,577,384,74,133,9
2015_06178.jpg,28,192,234,449,206,257,9
2015_06178.jpg,240,228,337,375,97,147,9
2015_06179.jpg,189,367,435,599,246,232,9
2015_06179.jpg,158,368,347,500,189,132,9
2015_06179.jpg,138,362,255,432,117,70,9
2015_06180.jpg,571,343,937,703,366,360,9
2015_06181.jpg,845,37,1305,974,460,937,10
2015_06181.jpg,357,357,1349,1064,992,707,9
2015_06182.jpg,248,318,447,537,199,219,9
2015_06183.jpg,68,317,381,605,313,288,9
2015_06184.jpg,159,351,368,550,209,199,9
2015_06184.jpg,190,298,350,544,160,246,10
2015_06185.jpg,262,827,344,943,82,116,9
2015_06185.jpg,348,841,396,937,48,96,9
2015_06185.jpg,17,806,286,1027,269,221,4
2015_06185.jpg,392,833,454,906,62,73,9
2015_06185.jpg,422,813,506,898,84,85,4
2015_06186.jpg,72,40,538,313,466,273,9
2015_06187.jpg,223,245,354,487,131,242,9
2015_06188.jpg,147,193,196,224,49,31,4
2015_06188.jpg,294,125,516,526,222,401,9
2015_06188.jpg,310,187,336,210,26,23,4
2015_06188.jpg,79,193,145,235,66,42,4
2015_06188.jpg,4,195,86,244,82,49,4
2015_06188.jpg,256,192,298,221,42,29,4
2015_06188.jpg,192,191,232,220,40,29,4
2015_06188.jpg,220,192,255,215,35,23,4
2015_06189.jpg,229,554,373,725,144,171,9
2015_06190.jpg,565,396,888,665,323,269,9
2015_06190.jpg,294,411,607,675,313,264,9
2015_06190.jpg,52,426,326,693,274,267,9
2015_06191.jpg,64,133,749,749,685,616,9
2015_06192.jpg,409,154,695,481,286,327,9
2015_06193.jpg,47,286,171,689,124,403,10
2015_06193.jpg,129,353,369,784,240,431,9
2015_06194.jpg,165,60,738,554,573,494,9
2015_06195.jpg,704,274,840,574,136,300,9
2015_06195.jpg,405,192,453,295,48,103,10
2015_06195.jpg,504,262,731,611,227,349,9
2015_06195.jpg,355,312,558,588,203,276,9
2015_06195.jpg,392,204,454,311,62,107,9
2015_06195.jpg,398,174,435,207,37,33,10
2015_06195.jpg,763,103,783,166,20,63,10
2015_06195.jpg,15,307,311,604,296,297,9
2015_06195.jpg,143,333,288,508,145,175,9
2015_06195.jpg,435,170,480,229,45,59,10
2015_06195.jpg,691,125,716,157,25,32,10
2015_06195.jpg,667,121,684,145,17,24,10
2015_06195.jpg,375,186,406,231,31,45,10
2015_06195.jpg,625,132,640,154,15,22,10
2015_06195.jpg,833,91,849,160,16,69,10
2015_06195.jpg,813,96,836,159,23,63,10
2015_06195.jpg,795,103,821,161,26,58,10
2015_06195.jpg,249,324,417,550,168,226,9
2015_06195.jpg,780,110,804,164,24,54,10
2015_06195.jpg,250,174,347,315,97,141,10
2015_06196.png,689,209,1097,542,408,333,9
2015_06196.png,931,162,1176,540,245,378,9
2015_06196.png,335,93,645,457,310,364,10
2015_06196.png,270,199,702,536,432,337,9
2015_06196.png,12,133,329,538,317,405,9
2015_06197.png,262,13,1106,535,844,522,9
2015_06198.png,666,259,1064,516,398,257,9
2015_06198.png,683,181,944,490,261,309,10
2015_06198.png,350,309,376,353,26,44,10
2015_06198.png,206,318,246,405,40,87,10
2015_06199.png,1695,562,1900,774,205,212,4
2015_06199.png,1312,703,1691,1053,379,350,4
2015_06199.png,1442,352,1675,625,233,273,4
2015_06199.png,1468,210,1630,395,162,185,4
2015_06199.png,1701,432,1905,571,204,139,4
2015_06199.png,816,660,1194,847,378,187,9
2015_06199.png,251,598,516,817,265,219,11
2015_06199.png,610,344,824,614,214,270,11
2015_06199.png,967,245,1064,409,97,164,10
2015_06199.png,952,284,1025,441,73,157,9
2015_06199.png,1095,244,1333,396,238,152,9
2015_06199.png,830,225,966,389,136,164,11
2015_06199.png,952,442,1268,594,316,152,9
2015_06199.png,878,530,1205,719,327,189,9
2015_06199.png,1064,328,1274,455,210,127,9
2015_06200.png,874,24,1006,177,132,153,11
2015_06200.png,666,145,878,397,212,252,11
2015_06200.png,331,381,575,589,244,208,11
2015_06200.png,1543,35,1706,174,163,139,4
2015_06200.png,370,541,554,889,184,348,10
2015_06200.png,284,604,646,889,362,285,9
2015_06200.png,853,454,1228,643,375,189,9
2015_06200.png,927,349,1254,520,327,171,9
2015_06200.png,995,232,1318,395,323,163,9
2015_06200.png,1088,117,1340,252,252,135,9
2015_06200.png,1505,148,1738,436,233,288,4
2015_06200.png,1147,24,1403,205,256,181,9
2015_06200.png,1336,531,1721,1044,385,513,4
2015_06201.png,1140,366,1271,565,131,199,9
2015_06201.png,923,367,1159,608,236,241,9
2015_06201.png,671,377,975,625,304,248,9
2015_06201.png,265,145,654,697,389,552,10
2015_06202.png,651,63,862,295,211,232,11
2015_06202.png,861,372,1235,549,374,177,9
2015_06202.png,1328,467,1729,1031,401,564,4
2015_06202.png,310,300,558,515,248,215,11
2015_06202.png,428,458,552,780,124,322,10
2015_06202.png,278,531,684,792,406,261,9
2015_06202.png,1159,13,1379,108,220,95,9
2015_06202.png,1098,50,1325,171,227,121,9
2015_06202.png,1017,151,1304,319,287,168,9
2015_06202.png,937,275,1246,441,309,166,9
2015_06202.png,1493,82,1752,355,259,273,4
2015_06203.png,765,316,895,467,130,151,9
2015_06203.png,800,257,883,423,83,166,10
2015_06204.png,569,343,1577,896,1008,553,9
2015_06204.png,597,140,991,645,394,505,9
2015_06204.png,1056,124,1438,1069,382,945,10
2015_06205.png,231,293,982,713,751,420,9
2015_06205.png,407,105,787,704,380,599,10
2015_06205.png,121,204,1252,538,1131,334,4
2015_06206.png,205,247,803,682,598,435,9
2015_06206.png,301,70,709,653,408,583,10
2015_06206.png,701,54,846,361,145,307,10
2015_06207.png,83,290,203,502,120,212,10
2015_06207.png,767,198,854,448,87,250,10
2015_06207.png,689,193,772,428,83,235,10
2015_06207.png,184,241,329,480,145,239,10
2015_06207.png,564,207,617,307,53,100,10
2015_06207.png,551,354,696,531,145,177,9
2015_06207.png,504,189,556,343,52,154,10
2015_06207.png,613,176,700,422,87,246,10
2015_06207.png,662,180,704,302,42,122,10
2015_06208.png,1038,179,1085,260,47,81,10
2015_06208.png,598,300,652,472,54,172,10
2015_06208.png,1088,474,1223,717,135,243,10
2015_06208.png,532,119,603,194,71,75,10
2015_06208.png,719,147,764,244,45,97,10
2015_06208.png,1045,238,1098,379,53,141,10
2015_06208.png,662,109,706,236,44,127,10
2015_06208.png,638,319,711,492,73,173,10
2015_06208.png,689,296,765,488,76,192,10
2015_06208.png,635,135,688,240,53,105,10
2015_06208.png,1048,516,1301,720,253,204,9
2015_06208.png,587,134,630,239,43,105,10
2015_06208.png,486,141,537,250,51,109,10
2015_06208.png,619,445,716,730,97,285,10
2015_06208.png,565,517,851,726,286,209,9
2015_06209.png,634,307,764,489,130,182,10
2015_06209.png,768,258,853,450,85,192,10
2015_06209.png,705,230,780,392,75,162,10
2015_06209.png,619,232,687,318,68,86,10
2015_06209.png,543,340,630,497,87,157,9
2015_06209.png,642,409,754,530,112,121,9
2015_06209.png,617,279,682,354,65,75,9
2015_06209.png,550,273,634,474,84,201,10
2015_06209.png,495,227,564,393,69,166,10
2015_06209.png,439,227,488,396,49,169,10
2015_06210.png,812,170,968,497,156,327,10
2015_06210.png,20,104,252,538,232,434,10
2015_06210.png,379,268,656,458,277,190,9
2015_06210.png,7,212,473,525,466,313,4
2015_06210.png,530,174,697,464,167,290,10
2015_06211.png,752,384,1048,960,296,576,10
2015_06211.png,420,463,1202,1055,782,592,9
2015_06212.png,637,207,769,318,132,111,10
2015_06212.png,8,199,754,528,746,329,4
2015_06212.png,733,160,883,450,150,290,10
2015_06212.png,603,256,870,417,267,161,9
2015_06213.png,755,460,1074,1020,319,560,10
2015_06213.png,846,670,1702,1052,856,382,9
2015_06213.png,19,712,280,1049,261,337,10
2015_06214.png,424,100,541,315,117,215,10
2015_06214.png,12,24,497,542,485,518,9
2015_06214.png,864,143,947,272,83,129,10
2015_06214.png,652,137,730,251,78,114,10
2015_06214.png,465,123,999,429,534,306,9
2015_06215.png,419,562,1327,1061,908,499,9
2015_06215.png,919,401,1218,1032,299,631,10
2015_06216.png,423,70,736,385,313,315,10
2015_06216.png,840,172,1247,534,407,362,10
2015_06216.png,292,158,793,500,501,342,9
2015_06217.png,603,281,1017,536,414,255,10
2015_06217.png,107,83,572,580,465,497,9
2015_06217.png,228,12,636,250,408,238,10
2015_06217.png,390,311,947,778,557,467,9
2015_06218.png,873,160,1262,458,389,298,9
2015_06218.png,75,90,246,323,171,233,10
2015_06218.png,24,180,316,374,292,194,9
2015_06218.png,1030,45,1265,382,235,337,10
2015_06219.png,568,130,823,377,255,247,9
2015_06219.png,1047,485,1440,832,393,347,9
2015_06220.png,811,244,883,393,72,149,10
2015_06220.png,925,232,999,368,74,136,10
2015_06220.png,776,369,1044,600,268,231,9
2015_06221.png,323,240,621,421,298,181,9
2015_06221.png,830,315,932,512,102,197,6
2015_06221.png,746,216,859,520,113,304,10
2015_06221.png,609,213,726,485,117,272,10
2015_06221.png,62,346,654,725,592,379,9
2015_06221.png,879,293,1029,538,150,245,11
2015_06222.png,473,134,696,420,223,286,10
2015_06222.png,22,133,126,332,104,199,10
2015_06222.png,322,169,871,511,549,342,9
2015_06222.png,12,215,238,473,226,258,9
2015_06223.png,630,403,903,722,273,319,10
2015_06223.png,55,500,1145,1045,1090,545,9
2015_06224.png,1016,230,1104,303,88,73,9
2015_06224.png,752,128,962,443,210,315,10
2015_06224.png,755,235,1152,515,397,280,9
2015_06225.png,154,90,337,398,183,308,10
2015_06225.png,550,51,839,607,289,556,10
2015_06225.png,438,239,863,673,425,434,9
2015_06225.png,867,350,984,455,117,105,4
2015_06225.png,37,264,506,599,469,335,9
2015_06226.png,197,109,480,440,283,331,10
2015_06226.png,37,258,739,673,702,415,9
2015_06226.png,638,286,954,606,316,320,9
2015_06226.png,476,52,625,436,149,384,10
2015_06227.png,580,308,837,492,257,184,9
2015_06227.png,814,175,1048,496,234,321,10
2015_06227.png,563,232,737,461,174,229,10
2015_06227.png,399,303,472,364,73,61,4
2015_06227.png,811,320,1024,575,213,255,9
2015_06227.png,13,275,153,399,140,124,4
2015_06228.png,539,165,769,529,230,364,10
2015_06228.png,417,295,843,649,426,354,9
2015_06229.png,498,377,672,649,174,272,9
2015_06229.png,496,249,632,554,136,305,10
2015_06229.png,21,348,174,458,153,110,4
2015_06230.png,800,467,1007,598,207,131,9
2015_06230.png,855,410,951,555,96,145,10
2015_06231.png,586,371,714,542,128,171,9
2015_06231.png,599,306,708,489,109,183,10
2015_06232.png,605,148,931,515,326,367,9
2015_06232.png,657,20,894,323,237,303,10
2015_06233.png,272,104,440,278,168,174,9
2015_06233.png,70,69,189,345,119,276,9
2015_06233.png,24,24,240,329,216,305,10
2015_06233.png,328,39,440,290,112,251,10
2015_06233.png,389,25,481,284,92,259,10
2015_06233.png,576,39,694,305,118,266,10
2015_06234.png,433,168,554,377,121,209,9
2015_06234.png,696,119,860,220,164,101,4
2015_06234.png,425,108,548,294,123,186,10
2015_06235.png,635,20,975,258,340,238,4
2015_06235.png,516,155,628,277,112,122,9
2015_06235.png,1054,134,1139,252,85,118,9
2015_06235.png,1052,109,1132,217,80,108,10
2015_06235.png,537,95,608,251,71,156,10
2015_06236.png,1098,493,1207,634,109,141,9
2015_06236.png,1104,430,1197,563,93,133,10
2015_06237.png,371,193,479,496,108,303,10
2015_06237.png,487,293,1035,524,548,231,9
2015_06237.png,477,162,605,477,128,315,10
2015_06237.png,1014,13,1263,521,249,508,10
2015_06238.png,1324,76,1567,787,243,711,10
2015_06238.png,282,129,486,801,204,672,10
2015_06238.png,976,18,1277,752,301,734,10
2015_06238.png,911,139,1033,376,122,237,10
2015_06238.png,608,113,1021,809,413,696,10
2015_06238.png,614,319,1031,904,417,585,9
2015_06239.png,317,406,495,503,178,97,4
2015_06239.png,749,371,838,559,89,188,10
2015_06239.png,415,419,608,512,193,93,4
2015_06239.png,1335,418,1637,601,302,183,4
2015_06239.png,695,453,916,589,221,136,9
2015_06240.png,309,405,519,510,210,105,4
2015_06240.png,207,388,395,481,188,93,4
2015_06240.png,1262,402,1545,584,283,182,4
2015_06240.png,860,352,983,577,123,225,10
2015_06240.png,793,427,1074,596,281,169,9
2015_06241.jpg,233,173,457,333,224,160,9
2015_06241.jpg,266,129,353,261,87,132,10
2015_06242.jpg,5,171,621,530,616,359,9
2015_06242.jpg,138,65,332,449,194,384,10
2015_06243.jpg,95,400,423,674,328,274,9
2015_06243.jpg,195,258,337,411,142,153,9
2015_06243.jpg,18,249,190,450,172,201,9
2015_06243.jpg,9,129,103,285,94,156,9
2015_06243.jpg,81,114,189,236,108,122,4
2015_06243.jpg,14,88,58,137,44,49,9
2015_06244.jpg,409,655,877,1148,468,493,9
2015_06245.jpg,91,312,560,664,469,352,9
2015_06246.jpg,330,232,372,400,42,168,10
2015_06246.jpg,110,203,329,489,219,286,10
2015_06246.jpg,73,273,107,351,34,78,10
2015_06246.jpg,114,269,165,353,51,84,10
2015_06247.jpg,220,244,271,290,51,46,4
2015_06247.jpg,290,243,341,282,51,39,4
2015_06247.jpg,339,233,408,294,69,61,4
2015_06247.jpg,161,218,192,297,31,79,10
2015_06248.jpg,17,228,52,304,35,76,10
2015_06248.jpg,77,231,110,318,33,87,10
2015_06248.jpg,51,226,88,348,37,122,10
2015_06249.jpg,142,235,200,347,58,112,10
2015_06249.jpg,418,239,514,300,96,61,4
2015_06249.jpg,208,244,278,297,70,53,4
2015_06250.jpg,139,117,221,182,82,65,4
2015_06250.jpg,228,127,267,171,39,44,4
2015_06250.jpg,258,127,310,167,52,40,4
2015_06250.jpg,396,122,437,213,41,91,10
2015_06250.jpg,17,123,134,196,117,73,4
2015_06250.jpg,201,123,249,173,48,50,4
2015_06251.jpg,307,26,343,110,36,84,10
2015_06251.jpg,441,11,561,290,120,279,10
2015_06251.jpg,334,50,376,83,42,33,4
2015_06251.jpg,415,44,446,80,31,36,10
2015_06252.jpg,115,319,157,418,42,99,10
2015_06253.jpg,432,197,472,274,40,77,10
2015_06253.jpg,508,167,558,230,50,63,6
2015_06254.jpg,188,211,293,485,105,274,10
2015_06255.jpg,325,65,354,127,29,62,10
2015_06255.jpg,240,85,300,217,60,132,10
2015_06255.jpg,103,144,165,216,62,72,6
2015_06255.jpg,233,74,336,115,103,41,4
2015_06255.jpg,158,71,228,267,70,196,10
2015_06256.jpg,383,123,429,232,46,109,10
2015_06256.jpg,419,111,496,307,77,196,10
2015_06256.jpg,514,161,593,257,79,96,0
2015_06256.jpg,551,183,639,299,88,116,0
2015_06256.jpg,231,139,284,180,53,41,4
2015_06256.jpg,313,120,374,298,61,178,10
2015_06256.jpg,38,144,158,222,120,78,4
2015_06256.jpg,169,135,229,174,60,39,4
2015_06257.jpg,294,101,405,385,111,284,10
2015_06258.jpg,108,180,282,370,174,190,10
2015_06258.jpg,138,78,234,192,96,114,10
2015_06258.jpg,228,46,489,337,261,291,10
2015_06258.jpg,5,176,43,371,38,195,10
2015_06258.jpg,57,181,133,361,76,180,10
2015_06259.jpg,208,293,236,345,28,52,10
2015_06259.jpg,162,297,187,353,25,56,10
2015_06259.jpg,237,286,260,355,23,69,10
2015_06259.jpg,140,294,167,351,27,57,10
2015_06260.jpg,278,281,315,350,37,69,10
2015_06260.jpg,214,281,239,369,25,88,10
2015_06260.jpg,312,283,370,430,58,147,10
2015_06260.jpg,546,258,636,441,90,183,10
2015_06260.jpg,369,283,428,431,59,148,10
2015_06261.jpg,211,146,350,452,139,306,10
2015_06261.jpg,144,198,227,272,83,74,4
2015_06262.jpg,339,247,357,301,18,54,10
2015_06262.jpg,196,272,286,445,90,173,10
2015_06262.jpg,338,261,413,454,75,193,10
2015_06263.jpg,115,250,229,631,114,381,10
2015_06264.jpg,546,186,631,301,85,115,3
2015_06264.jpg,316,207,381,337,65,130,10
2015_06265.jpg,127,154,200,342,73,188,10
2015_06266.jpg,353,244,375,272,22,28,8
2015_06266.jpg,292,170,337,269,45,99,10
2015_06267.jpg,43,76,328,364,285,288,10
2015_06267.jpg,8,82,469,364,461,282,6
2015_06268.jpg,103,224,178,379,75,155,10
2015_06269.jpg,180,312,236,432,56,120,10
2015_06269.jpg,230,320,284,435,54,115,10
2015_06270.jpg,393,167,455,202,62,35,4
2015_06270.jpg,356,161,410,282,54,121,10
2015_06271.jpg,138,214,227,403,89,189,10
2015_06272.jpg,175,216,242,392,67,176,10
2015_06272.jpg,100,233,134,315,34,82,10
2015_06272.jpg,147,233,209,398,62,165,10
2015_06273.jpg,215,196,305,432,90,236,10
2015_06273.jpg,29,191,116,424,87,233,10
2015_06274.jpg,287,304,403,539,116,235,10
2015_06275.jpg,483,259,586,473,103,214,10
2015_06275.jpg,473,303,504,385,31,82,10
2015_06276.jpg,224,204,301,450,77,246,10
2015_06276.jpg,288,197,373,433,85,236,10
2015_06276.jpg,69,227,153,474,84,247,10
2015_06276.jpg,4,201,61,440,57,239,10
2015_06276.jpg,374,171,466,473,92,302,10
2015_06276.jpg,24,200,50,251,26,51,10
2015_06276.jpg,456,170,537,453,81,283,10
2015_06276.jpg,131,176,227,477,96,301,10
2015_06276.jpg,548,174,601,317,53,143,10
2015_06276.jpg,606,176,638,285,32,109,10
2015_06276.jpg,214,188,253,248,39,60,10
2015_06276.jpg,341,182,379,235,38,53,10
2015_06276.jpg,266,183,303,246,37,63,10
2015_06276.jpg,120,195,162,245,42,50,10
2015_06277.jpg,226,45,384,411,158,366,10
2015_06277.jpg,67,67,231,407,164,340,10
2015_06277.jpg,398,131,630,310,232,179,4
2015_06278.jpg,59,70,109,112,50,42,10
2015_06278.jpg,111,44,233,293,122,249,10
2015_06279.jpg,258,168,325,232,67,64,4
2015_06279.jpg,423,115,462,152,39,37,4
2015_06279.jpg,152,174,191,254,39,80,10
2015_06279.jpg,323,165,354,196,31,31,10
2015_06279.jpg,274,190,383,279,109,89,4
2015_06279.jpg,448,154,485,239,37,85,10
2015_06279.jpg,373,168,409,273,36,105,10
2015_06279.jpg,133,190,161,250,28,60,10
2015_06279.jpg,411,150,450,268,39,118,10
2015_06280.jpg,84,343,202,598,118,255,10
2015_06280.jpg,237,330,314,486,77,156,10
2015_06281.jpg,383,136,461,362,78,226,10
2015_06281.jpg,301,151,375,352,74,201,10
2015_06281.jpg,259,145,302,335,43,190,10
2015_06281.jpg,215,138,273,349,58,211,10
2015_06282.jpg,154,123,306,287,152,164,4
2015_06282.jpg,290,94,399,359,109,265,10
2015_06282.jpg,581,126,629,176,48,50,10
2015_06282.jpg,14,133,247,421,233,288,4
2015_06282.jpg,382,118,613,300,231,182,4
2015_06283.jpg,77,5,417,372,340,367,10
2015_06283.jpg,112,38,191,265,79,227,10
2015_06283.jpg,55,26,126,284,71,258,10
2015_06284.jpg,300,318,316,366,16,48,10
2015_06284.jpg,315,315,339,361,24,46,10
2015_06284.jpg,349,314,377,377,28,63,10
2015_06284.jpg,283,310,301,347,18,37,10
2015_06285.jpg,272,233,293,294,21,61,10
2015_06285.jpg,299,242,324,285,25,43,10
2015_06286.jpg,455,180,511,333,56,153,10
2015_06286.jpg,297,159,383,405,86,246,10
2015_06286.jpg,189,197,228,340,39,143,10
2015_06286.jpg,162,211,193,297,31,86,10
2015_06286.jpg,375,178,457,390,82,212,10
2015_06286.jpg,108,205,166,345,58,140,10
2015_06286.jpg,438,214,477,350,39,136,10
2015_06286.jpg,94,210,121,270,27,60,10
2015_06286.jpg,31,203,61,296,30,93,10
2015_06286.jpg,82,238,106,295,24,57,10
2015_06286.jpg,211,170,301,418,90,248,10
2015_06287.jpg,336,235,354,290,18,55,10
2015_06287.jpg,187,226,238,362,51,136,10
2015_06287.jpg,296,233,318,279,22,46,10
2015_06287.jpg,313,237,333,282,20,45,10
2015_06288.jpg,175,341,240,505,65,164,10
2015_06289.jpg,542,218,638,308,96,90,4
2015_06289.jpg,471,218,555,285,84,67,4
2015_06289.jpg,222,206,276,336,54,130,10
2015_06290.jpg,151,359,212,426,61,67,4
2015_06290.jpg,33,390,146,604,113,214,10
2015_06290.jpg,200,364,323,630,123,266,10
2015_06291.jpg,39,201,106,361,67,160,10
2015_06291.jpg,302,167,353,281,51,114,10
2015_06292.jpg,264,83,360,321,96,238,10
2015_06292.jpg,227,57,350,128,123,71,4
2015_06293.jpg,293,296,317,367,24,71,10
2015_06293.jpg,264,290,297,395,33,105,10
2015_06293.jpg,400,284,462,476,62,192,10
2015_06293.jpg,500,267,591,463,91,196,10
2015_06294.jpg,4,250,63,467,59,217,10
2015_06294.jpg,237,273,280,396,43,123,10
2015_06294.jpg,218,282,238,342,20,60,10
2015_06295.jpg,332,189,447,256,115,67,4
2015_06295.jpg,295,180,336,298,41,118,10
2015_06295.jpg,186,186,210,257,24,71,10
2015_06295.jpg,99,192,189,391,90,199,10
2015_06295.jpg,239,199,289,314,50,115,10
2015_06296.jpg,247,206,269,261,22,55,10
2015_06296.jpg,186,212,245,373,59,161,10
2015_06296.jpg,60,197,145,418,85,221,10
2015_06296.jpg,269,209,329,371,60,162,10
2015_06296.jpg,326,211,361,341,35,130,10
2015_06296.jpg,4,186,63,423,59,237,10
2015_06296.jpg,366,219,416,338,50,119,10
2015_06296.jpg,391,253,509,332,118,79,0
2015_06296.jpg,476,258,602,365,126,107,0
2015_06297.jpg,234,33,299,99,65,66,10
2015_06297.jpg,311,44,360,129,49,85,10
2015_06297.jpg,433,58,496,167,63,109,10
2015_06297.jpg,301,20,473,323,172,303,10
2015_06297.jpg,97,45,142,102,45,57,10
2015_06297.jpg,23,26,151,277,128,251,10
2015_06297.jpg,136,4,329,319,193,315,10
2015_06298.jpg,354,179,425,362,71,183,10
2015_06298.jpg,280,187,342,334,62,147,10
2015_06298.jpg,490,187,526,288,36,101,10
2015_06298.jpg,597,210,635,302,38,92,10
2015_06298.jpg,550,198,587,290,37,92,10
2015_06299.jpg,200,187,313,474,113,287,10
2015_06299.jpg,150,198,236,438,86,240,10
2015_06299.jpg,123,194,196,270,73,76,4
2015_06299.jpg,68,187,147,258,79,71,4
2015_06300.jpg,570,230,605,300,35,70,10
2015_06300.jpg,428,232,468,331,40,99,10
2015_06300.jpg,296,235,380,279,84,44,4
2015_06300.jpg,283,236,303,282,20,46,10
2015_06300.jpg,36,219,79,312,43,93,10
2015_06300.jpg,529,212,566,302,37,90,10
2015_06300.jpg,346,219,401,349,55,130,10
2015_06300.jpg,384,233,415,330,31,97,10
2015_06300.jpg,478,227,527,332,49,105,10
2015_06301.jpg,368,189,447,343,79,154,10
2015_06301.jpg,512,206,563,336,51,130,10
2015_06301.jpg,475,199,544,367,69,168,10
2015_06301.jpg,2,203,30,338,28,135,10
2015_06301.jpg,28,199,91,344,63,145,10
2015_06302.jpg,28,203,109,425,81,222,10
2015_06302.jpg,145,233,186,301,41,68,10
2015_06303.jpg,402,231,447,338,45,107,10
2015_06303.jpg,370,225,414,341,44,116,10
2015_06304.jpg,349,303,382,386,33,83,10
2015_06304.jpg,391,289,422,381,31,92,10
2015_06305.jpg,501,298,547,413,46,115,10
2015_06305.jpg,54,297,112,473,58,176,10
2015_06305.jpg,273,285,317,400,44,115,10
2015_06305.jpg,222,299,263,413,41,114,10
2015_06305.jpg,6,295,45,387,39,92,10
2015_06305.jpg,122,301,178,478,56,177,10
2015_06305.jpg,468,288,513,418,45,130,10
2015_06305.jpg,330,302,368,406,38,104,10
2015_06305.jpg,537,291,574,396,37,105,10
2015_06305.jpg,601,270,624,326,23,56,10
2015_06305.jpg,165,290,234,393,69,103,10
2015_06306.jpg,537,164,616,257,79,93,10
2015_06306.jpg,189,146,321,437,132,291,10
2015_06306.jpg,177,174,229,294,52,120,10
2015_06306.jpg,55,172,134,234,79,62,10
2015_06306.jpg,375,129,503,232,128,103,10
2015_06307.jpg,457,215,536,281,79,66,4
2015_06307.jpg,409,198,478,263,69,65,4
2015_06307.jpg,506,216,625,324,119,108,4
2015_06307.jpg,169,195,221,300,52,105,10
2015_06307.jpg,228,213,267,302,39,89,10
2015_06308.jpg,408,188,469,314,61,126,10
2015_06309.jpg,288,258,321,297,33,39,10
2015_06309.jpg,206,135,273,312,67,177,10
2015_06309.jpg,400,226,441,307,41,81,10
2015_06309.jpg,163,155,226,304,63,149,10
2015_06310.jpg,372,172,440,390,68,218,10
2015_06310.jpg,10,170,86,352,76,182,10
2015_06310.jpg,115,147,189,405,74,258,10
2015_06310.jpg,162,172,216,385,54,213,10
2015_06310.jpg,447,175,559,399,112,224,10
2015_06310.jpg,205,162,261,405,56,243,10
2015_06310.jpg,266,177,338,366,72,189,10
2015_06310.jpg,327,164,385,369,58,205,10
2015_06310.jpg,66,160,138,402,72,242,10
2015_06310.jpg,566,138,635,415,69,277,10
2015_06311.jpg,244,136,300,234,56,98,10
2015_06311.jpg,182,152,246,234,64,82,10
2015_06311.jpg,400,103,499,372,99,269,10
2015_06312.jpg,529,309,568,395,39,86,10
2015_06312.jpg,209,314,231,378,22,64,10
2015_06312.jpg,349,316,376,384,27,68,10
2015_06312.jpg,383,318,414,393,31,75,10
2015_06312.jpg,426,314,462,398,36,84,10
2015_06312.jpg,451,311,501,407,50,96,10
2015_06312.jpg,481,307,513,380,32,73,10
2015_06312.jpg,584,314,632,404,48,90,10
2015_06313.jpg,244,411,269,453,25,42,10
2015_06313.jpg,346,413,397,527,51,114,10
2015_06313.jpg,2,421,59,458,57,37,4
2015_06313.jpg,239,419,304,553,65,134,10
2015_06313.jpg,86,408,117,496,31,88,10
2015_06313.jpg,307,413,352,550,45,137,10
2015_06313.jpg,182,418,237,445,55,27,4
2015_06313.jpg,129,420,180,443,51,23,4
2015_06313.jpg,64,417,94,498,30,81,10
2015_06314.jpg,355,128,413,261,58,133,10
2015_06314.jpg,226,166,259,238,33,72,10
2015_06314.jpg,105,111,193,226,88,115,3
2015_06315.jpg,307,223,351,340,44,117,10
2015_06315.jpg,348,228,398,336,50,108,10
2015_06315.jpg,459,214,637,415,178,201,5
2015_06316.jpg,273,219,336,375,63,156,10
2015_06317.jpg,190,203,253,353,63,150,10
2015_06318.jpg,308,311,397,523,89,212,10
2015_06318.jpg,244,306,328,531,84,225,10
2015_06319.jpg,270,197,311,346,41,149,10
2015_06319.jpg,243,205,286,334,43,129,10
2015_06319.jpg,220,202,259,305,39,103,10
2015_06319.jpg,374,192,424,338,50,146,10
2015_06319.jpg,300,194,360,344,60,150,10
2015_06320.jpg,133,44,265,396,132,352,10
2015_06320.jpg,233,216,300,401,67,185,10
2015_06321.jpg,211,320,250,375,39,55,10
2015_06321.jpg,277,248,385,543,108,295,10
2015_06321.jpg,188,315,221,365,33,50,10
2015_06321.jpg,81,299,128,352,47,53,10
2015_06321.jpg,156,306,182,359,26,53,10
2015_06321.jpg,412,345,479,474,67,129,10
2015_06322.jpg,151,92,267,260,116,168,10
2015_06322.jpg,103,19,180,213,77,194,10
2015_06322.jpg,29,72,125,189,96,117,10
2015_06323.jpg,254,283,291,358,37,75,10
2015_06323.jpg,461,283,518,334,57,51,10
2015_06323.jpg,408,279,479,422,71,143,10
2015_06323.jpg,356,264,421,424,65,160,10
2015_06323.jpg,299,279,340,401,41,122,10
2015_06323.jpg,213,267,251,361,38,94,10
2015_06323.jpg,185,283,224,377,39,94,10
2015_06323.jpg,158,277,197,388,39,111,10
2015_06323.jpg,533,300,588,378,55,78,10
2015_06323.jpg,514,279,553,353,39,74,10
2015_06323.jpg,77,264,123,367,46,103,10
2015_06324.jpg,156,330,203,382,47,52,8
2015_06324.jpg,318,283,361,398,43,115,10
2015_06324.jpg,269,276,319,396,50,120,10
2015_06325.jpg,229,167,270,296,41,129,10
2015_06325.jpg,188,167,234,313,46,146,10
2015_06325.jpg,489,203,633,299,144,96,4
2015_06325.jpg,364,189,503,279,139,90,4
2015_06325.jpg,303,186,378,246,75,60,4
2015_06325.jpg,271,181,307,227,36,46,4
2015_06326.jpg,364,245,409,350,45,105,10
2015_06327.jpg,299,53,448,375,149,322,10
2015_06327.jpg,13,87,182,215,169,128,4
2015_06327.jpg,164,106,267,375,103,269,10
2015_06328.jpg,412,60,568,400,156,340,10
2015_06328.jpg,340,143,410,310,70,167,10
2015_06328.jpg,129,173,177,274,48,101,10
2015_06328.jpg,230,181,269,269,39,88,10
2015_06328.jpg,190,187,242,271,52,84,10
2015_06328.jpg,6,134,85,324,79,190,10
2015_06329.jpg,317,105,438,335,121,230,10
2015_06329.jpg,4,67,54,384,50,317,10
2015_06329.jpg,267,165,308,266,41,101,10
2015_06329.jpg,491,5,634,413,143,408,10
2015_06329.jpg,118,118,185,313,67,195,10
2015_06329.jpg,88,158,135,305,47,147,10
2015_06330.jpg,232,395,313,549,81,154,10
2015_06331.jpg,174,252,275,553,101,301,10
2015_06331.jpg,105,301,142,477,37,176,10
2015_06331.jpg,242,258,344,578,102,320,10
2015_06331.jpg,120,397,202,610,82,213,10
2015_06332.jpg,198,157,215,198,17,41,10
2015_06333.jpg,418,129,476,308,58,179,10
2015_06333.jpg,513,147,542,224,29,77,10
2015_06333.jpg,519,130,576,258,57,128,10
2015_06333.jpg,13,96,207,415,194,319,10
2015_06333.jpg,334,141,365,233,31,92,10
2015_06333.jpg,350,141,391,235,41,94,10
2015_06333.jpg,153,60,415,422,262,362,10
2015_06334.jpg,173,193,252,376,79,183,10
2015_06335.jpg,8,141,68,316,60,175,10
2015_06335.jpg,240,94,338,395,98,301,10
2015_06335.jpg,165,130,257,401,92,271,10
2015_06335.jpg,437,131,532,379,95,248,10
2015_06335.jpg,330,123,418,360,88,237,10
2015_06335.jpg,97,115,181,372,84,257,10
2015_06336.jpg,590,142,633,243,43,101,10
2015_06336.jpg,511,104,572,361,61,257,10
2015_06336.jpg,404,136,469,324,65,188,10
2015_06336.jpg,331,136,413,335,82,199,10
2015_06336.jpg,209,139,297,414,88,275,10
2015_06336.jpg,287,160,333,327,46,167,10
2015_06336.jpg,2,164,83,373,81,209,10
2015_06336.jpg,415,90,562,420,147,330,10
2015_06336.jpg,152,162,203,305,51,143,10
2015_06336.jpg,61,171,109,316,48,145,10
2015_06336.jpg,107,181,157,306,50,125,10
2015_06337.jpg,299,134,382,361,83,227,10
2015_06337.jpg,256,145,294,300,38,155,10
2015_06337.jpg,191,158,215,236,24,78,10
2015_06337.jpg,182,132,274,349,92,217,10
2015_06337.jpg,122,157,155,230,33,73,10
2015_06337.jpg,148,152,188,246,40,94,10
2015_06337.jpg,6,151,41,245,35,94,10
2015_06338.jpg,359,333,422,564,63,231,10
2015_06338.jpg,167,288,271,575,104,287,10
2015_06339.jpg,169,145,257,339,88,194,10
2015_06339.jpg,481,145,546,327,65,182,10
2015_06339.jpg,528,182,584,295,56,113,10
2015_06339.jpg,438,179,505,358,67,179,10
2015_06339.jpg,18,160,82,390,64,230,10
2015_06339.jpg,587,167,624,235,37,68,10
2015_06339.jpg,368,153,436,328,68,175,10
2015_06339.jpg,305,174,361,294,56,120,10
2015_06339.jpg,110,187,159,305,49,118,10
2015_06339.jpg,294,189,325,268,31,79,10
2015_06340.jpg,244,154,323,354,79,200,10
2015_06341.jpg,238,234,272,322,34,88,10
2015_06342.jpg,423,101,482,294,59,193,10
2015_06343.jpg,271,385,301,457,30,72,2
2015_06343.jpg,146,109,262,456,116,347,10
2015_06344.jpg,434,145,594,469,160,324,10
2015_06345.jpg,24,372,147,616,123,244,10
2015_06345.jpg,268,401,282,433,14,32,10
2015_06345.jpg,247,407,265,456,18,49,10
2015_06345.jpg,228,406,247,461,19,55,10
2015_06345.jpg,121,378,210,615,89,237,10
2015_06346.jpg,297,223,335,312,38,89,10
2015_06346.jpg,336,223,373,313,37,90,10
2015_06346.jpg,461,257,491,301,30,44,6
2015_06346.jpg,532,239,567,300,35,61,10
2015_06346.jpg,567,232,617,320,50,88,10
2015_06347.jpg,271,161,351,388,80,227,10
2015_06347.jpg,324,246,385,393,61,147,10
2015_06347.jpg,329,188,392,303,63,115,10
2015_06347.jpg,103,178,151,370,48,192,10
2015_06347.jpg,34,186,77,341,43,155,10
2015_06347.jpg,2,190,43,338,41,148,10
2015_06347.jpg,160,137,287,516,127,379,10
2015_06347.jpg,161,218,292,569,131,351,10
2015_06347.jpg,55,192,107,374,52,182,10
2015_06348.jpg,254,245,309,336,55,91,6
2015_06348.jpg,182,323,304,421,122,98,6
2015_06348.jpg,384,192,427,276,43,84,10
2015_06349.jpg,256,98,369,353,113,255,10
2015_06349.jpg,385,87,474,305,89,218,10
2015_06350.jpg,268,266,366,491,98,225,10
2015_06350.jpg,182,267,275,517,93,250,10
2015_06350.jpg,103,274,221,395,118,121,4
2015_06350.jpg,12,298,172,416,160,118,4
2015_06351.jpg,69,192,129,382,60,190,10
2015_06352.jpg,221,253,257,360,36,107,10
2015_06352.jpg,256,245,303,364,47,119,10
2015_06353.jpg,337,334,385,479,48,145,10
2015_06353.jpg,414,341,494,436,80,95,4
2015_06353.jpg,282,333,327,479,45,146,10
2015_06353.jpg,478,353,608,446,130,93,4
2015_06354.jpg,345,170,385,303,40,133,10
2015_06354.jpg,298,171,354,304,56,133,10
2015_06354.jpg,338,152,378,189,40,37,3
2015_06354.jpg,213,136,322,205,109,69,3
2015_06354.jpg,292,173,362,238,70,65,4
2015_06354.jpg,370,177,411,312,41,135,10
2015_06355.jpg,557,413,624,500,67,87,6
2015_06355.jpg,905,357,938,431,33,74,10
2015_06355.jpg,654,323,746,532,92,209,10
2015_06356.jpg,154,164,205,300,51,136,10
2015_06357.jpg,299,193,361,331,62,138,10
2015_06358.jpg,220,195,285,334,65,139,10
2015_06358.jpg,173,189,236,334,63,145,10
2015_06358.jpg,58,169,126,207,68,38,11
2015_06359.jpg,279,270,363,440,84,170,10
2015_06360.jpg,455,331,589,565,134,234,10
2015_06361.jpg,648,198,709,368,61,170,10
2015_06361.jpg,747,183,801,362,54,179,10
2015_06361.jpg,696,190,758,374,62,184,10
2015_06362.jpg,514,445,645,721,131,276,10
2015_06362.jpg,527,386,570,479,43,93,10
2015_06362.jpg,436,380,483,530,47,150,10
2015_06362.jpg,259,392,323,619,64,227,10
2015_06362.jpg,385,362,481,678,96,316,10
2015_06362.jpg,309,392,398,644,89,252,10
2015_06362.jpg,615,370,700,677,85,307,10
2015_06362.jpg,483,393,534,536,51,143,10
2015_06363.jpg,572,425,725,907,153,482,10
2015_06363.jpg,416,362,612,992,196,630,10
2015_06363.jpg,127,384,299,945,172,561,10
2015_06363.jpg,811,368,968,951,157,583,10
2015_06363.jpg,336,441,468,917,132,476,10
2015_06364.jpg,266,170,417,560,151,390,10
2015_06364.jpg,710,236,862,589,152,353,10
2015_06365.jpg,6,204,42,344,36,140,10
2015_06365.jpg,667,228,737,311,70,83,4
2015_06365.jpg,147,200,210,366,63,166,10
2015_06365.jpg,425,229,623,368,198,139,4
2015_06365.jpg,35,186,101,341,66,155,10
2015_06365.jpg,272,203,332,364,60,161,10
2015_06365.jpg,201,198,261,365,60,167,10
2015_06365.jpg,577,225,660,299,83,74,4
2015_06365.jpg,632,286,734,616,102,330,4
2015_06366.jpg,390,186,585,558,195,372,0
2015_06366.jpg,5,51,143,334,138,283,4
2015_06366.jpg,182,49,268,242,86,193,10
2015_06366.jpg,103,84,194,245,91,161,4
2015_06367.jpg,416,275,468,396,52,121,10
2015_06368.jpg,400,192,463,338,63,146,10
2015_06368.jpg,275,171,397,370,122,199,10
2015_06368.jpg,218,147,320,345,102,198,10
2015_06368.jpg,84,145,206,409,122,264,10
2015_06368.jpg,485,196,546,314,61,118,10
2015_06368.jpg,536,188,579,306,43,118,10
2015_06369.jpg,186,120,232,236,46,116,10
2015_06370.jpg,470,273,544,448,74,175,10
2015_06370.jpg,428,284,459,357,31,73,10
2015_06370.jpg,401,292,431,371,30,79,10
2015_06370.jpg,369,286,393,368,24,82,10
2015_06371.jpg,177,443,209,537,32,94,10
2015_06371.jpg,218,423,266,575,48,152,10
2015_06371.jpg,253,403,315,574,62,171,10
2015_06372.jpg,384,310,636,475,252,165,4
2015_06372.jpg,432,258,490,314,58,56,4
2015_06372.jpg,339,278,447,368,108,90,4
2015_06372.jpg,461,271,538,321,77,50,4
2015_06372.jpg,513,276,640,341,127,65,4
2015_06372.jpg,76,262,139,449,63,187,10
2015_06373.jpg,484,347,586,507,102,160,10
2015_06374.jpg,886,417,983,533,97,116,9
2015_06374.jpg,242,384,410,605,168,221,10
2015_06375.jpg,438,519,529,611,91,92,4
2015_06375.jpg,388,506,483,575,95,69,4
2015_06375.jpg,295,514,407,605,112,91,4
2015_06375.jpg,5,476,76,632,71,156,10
2015_06375.jpg,58,486,134,633,76,147,10
2015_06375.jpg,108,504,180,664,72,160,10
2015_06375.jpg,159,497,245,672,86,175,10
2015_06375.jpg,274,508,321,561,47,53,4
2015_06376.jpg,301,193,351,246,50,53,4
2015_06376.jpg,419,169,582,270,163,101,4
2015_06376.jpg,348,233,389,295,41,62,0
2015_06376.jpg,12,201,96,323,84,122,4
2015_06376.jpg,75,188,148,262,73,74,4
2015_06376.jpg,347,188,393,282,46,94,10
2015_06376.jpg,506,188,634,319,128,131,4
2015_06377.jpg,311,261,359,397,48,136,10
2015_06377.jpg,461,232,616,356,155,124,4
2015_06377.jpg,368,248,464,329,96,81,4
2015_06377.jpg,132,251,261,368,129,117,4
2015_06377.jpg,261,249,313,388,52,139,10
2015_06378.jpg,905,356,993,655,88,299,10
2015_06378.jpg,526,296,752,753,226,457,10
2015_06378.jpg,1048,339,1191,709,143,370,10
2015_06378.jpg,485,510,740,877,255,367,0
2015_06378.jpg,23,347,358,595,335,248,4
2015_06378.jpg,755,396,884,508,129,112,4
2015_06379.jpg,13,150,82,280,69,130,6
2015_06379.jpg,91,166,165,262,74,96,6
2015_06379.jpg,171,184,220,247,49,63,6
2015_06379.jpg,418,189,445,237,27,48,6
2015_06379.jpg,243,48,338,285,95,237,10
2015_06379.jpg,439,187,477,247,38,60,6
2015_06379.jpg,471,175,516,249,45,74,6
2015_06380.jpg,160,212,194,288,34,76,10
2015_06381.jpg,227,331,309,397,82,66,4
2015_06381.jpg,178,332,237,383,59,51,4
2015_06381.jpg,93,313,134,413,41,100,10
2015_06382.jpg,194,441,247,574,53,133,10
2015_06383.jpg,200,215,289,464,89,249,10
2015_06384.jpg,205,371,240,442,35,71,10
2015_06385.jpg,188,343,232,441,44,98,10
2015_06386.jpg,484,3,674,428,190,425,10
2015_06387.jpg,383,53,501,335,118,282,10
2015_06388.jpg,308,132,391,334,83,202,10
2015_06388.jpg,568,166,633,238,65,72,9
2015_06389.jpg,236,78,361,162,125,84,10
2015_06389.jpg,279,62,319,106,40,44,10
2015_06389.jpg,182,58,227,152,45,94,10
2015_06389.jpg,161,99,234,180,73,81,0
2015_06389.jpg,238,121,347,282,109,161,0
2015_06390.jpg,242,247,290,352,48,105,10
2015_06391.jpg,364,113,544,304,180,191,0
2015_06391.jpg,57,96,265,238,208,142,0
2015_06391.jpg,420,42,574,239,154,197,10
2015_06391.jpg,104,6,236,208,132,202,10
2015_06392.jpg,286,44,437,268,151,224,10
2015_06392.jpg,241,150,465,298,224,148,0
2015_06392.jpg,298,94,485,199,187,105,4
2015_06392.jpg,451,58,638,174,187,116,4
2015_06392.jpg,19,99,269,273,250,174,4
2015_06393.jpg,354,434,419,560,65,126,6
2015_06393.jpg,2,347,29,545,27,198,10
2015_06393.jpg,120,353,161,505,41,152,10
2015_06393.jpg,382,279,540,636,158,357,10
2015_06393.jpg,283,443,354,549,71,106,6
2015_06393.jpg,513,451,587,583,74,132,6
2015_06393.jpg,232,436,306,533,74,97,6
2015_06394.jpg,58,268,88,340,30,72,10
2015_06394.jpg,42,287,63,334,21,47,10
2015_06394.jpg,205,270,225,318,20,48,10
2015_06394.jpg,219,265,245,321,26,56,10
2015_06394.jpg,307,280,372,321,65,41,4
2015_06394.jpg,83,265,115,336,32,71,10
2015_06395.jpg,529,306,566,332,37,26,4
2015_06395.jpg,176,393,200,466,24,73,10
2015_06395.jpg,160,389,181,460,21,71,10
2015_06395.jpg,480,300,536,335,56,35,4
2015_06396.jpg,204,261,246,329,42,68,10
2015_06396.jpg,472,267,500,327,28,60,10
2015_06396.jpg,82,263,176,309,94,46,4
2015_06397.jpg,99,389,124,451,25,62,10
2015_06398.jpg,277,227,325,313,48,86,10
2015_06399.jpg,197,107,230,206,33,99,10
2015_06399.jpg,126,131,163,182,37,51,10
2015_06399.jpg,16,102,91,153,75,51,10
2015_06399.jpg,316,143,353,204,37,61,10
2015_06399.jpg,385,61,426,121,41,60,10
2015_06399.jpg,556,160,595,219,39,59,10
2015_06399.jpg,500,148,557,212,57,64,10
2015_06399.jpg,598,96,635,168,37,72,10
2015_06399.jpg,413,141,456,199,43,58,10
2015_06399.jpg,12,182,80,276,68,94,10
2015_06399.jpg,33,152,102,240,69,88,10
2015_06399.jpg,602,154,637,223,35,69,10
2015_06399.jpg,480,62,522,158,42,96,10
2015_06399.jpg,429,68,468,153,39,85,10
2015_06400.jpg,205,14,357,210,152,196,10
2015_06400.jpg,358,36,522,241,164,205,10
2015_06401.jpg,227,195,264,285,37,90,10
2015_06402.jpg,1156,238,1370,765,214,527,10
2015_06402.jpg,10,211,175,792,165,581,10
2015_06402.jpg,1034,324,1149,618,115,294,10
2015_06402.jpg,920,352,1068,581,148,229,10
2015_06402.jpg,536,263,769,759,233,496,10
2015_06402.jpg,382,231,562,741,180,510,10
2015_06403.jpg,206,125,263,300,57,175,10
2015_06404.jpg,10,80,179,405,169,325,10
2015_06405.jpg,58,37,290,499,232,462,10
2015_06406.jpg,43,6,171,290,128,284,10
2015_06407.jpg,75,51,271,447,196,396,10
2015_06408.jpg,448,236,487,363,39,127,10
2015_06408.jpg,272,237,328,374,56,137,10
2015_06408.jpg,351,240,397,349,46,109,10
2015_06408.jpg,430,239,461,354,31,115,10
2015_06409.jpg,93,248,230,570,137,322,10
2015_06409.jpg,59,276,140,546,81,270,10
2015_06410.jpg,362,97,601,626,239,529,10
2015_06410.jpg,334,288,630,639,296,351,9
2015_06410.jpg,6,266,188,634,182,368,9
2015_06411.jpg,142,182,202,365,60,183,10
2015_06411.jpg,274,237,363,373,89,136,0
2015_06411.jpg,8,218,159,337,151,119,0
2015_06411.jpg,213,233,307,371,94,138,10
2015_06411.jpg,369,174,493,369,124,195,10
2015_06412.jpg,751,430,815,557,64,127,10
2015_06413.jpg,150,249,193,343,43,94,10
2015_06413.jpg,5,243,125,365,120,122,4
2015_06413.jpg,245,249,298,282,53,33,4
2015_06413.jpg,351,257,404,319,53,62,4
2015_06413.jpg,282,250,370,297,88,47,4
2015_06414.jpg,730,238,942,459,212,221,10
2015_06414.jpg,97,226,212,590,115,364,10
2015_06414.jpg,241,230,430,652,189,422,10
2015_06415.jpg,492,291,533,403,41,112,10
2015_06416.jpg,63,262,87,321,24,59,10
2015_06416.jpg,159,279,228,449,69,170,10
2015_06416.jpg,36,251,68,321,32,70,10
2015_06416.jpg,234,261,311,451,77,190,10
2015_06417.jpg,458,211,537,408,79,197,10
2015_06417.jpg,152,159,469,685,317,526,10
2015_06417.jpg,396,216,459,398,63,182,10
2015_06417.jpg,588,221,670,417,82,196,10
2015_06417.jpg,536,214,603,405,67,191,10
2015_06418.jpg,20,55,155,369,135,314,10
2015_06418.jpg,176,62,271,228,95,166,10
2015_06419.jpg,143,359,189,478,46,119,10
2015_06419.jpg,79,383,106,437,27,54,10
2015_06420.jpg,271,189,299,266,28,77,10
2015_06421.jpg,294,42,494,332,200,290,10
2015_06421.jpg,4,215,191,291,187,76,11
2015_06421.jpg,152,175,234,334,82,159,6
2015_06422.jpg,134,84,226,301,92,217,10
2015_06423.jpg,146,179,285,522,139,343,10
2015_06424.jpg,220,306,269,441,49,135,10
2015_06425.jpg,346,186,420,372,74,186,10
2015_06426.jpg,2,144,53,220,51,76,6
2015_06426.jpg,6,109,93,233,87,124,10
2015_06426.jpg,89,18,349,295,260,277,10
2015_06426.jpg,332,36,431,296,99,260,10
2015_06426.jpg,74,154,135,240,61,86,6
2015_06427.jpg,428,258,465,378,37,120,10
2015_06427.jpg,459,261,504,404,45,143,10
2015_06428.jpg,72,316,91,358,19,42,10
2015_06428.jpg,241,375,294,474,53,99,10
2015_06428.jpg,201,387,229,482,28,95,10
2015_06428.jpg,93,336,126,351,33,15,11
2015_06428.jpg,132,338,153,378,21,40,10
2015_06428.jpg,181,359,230,376,49,17,11
2015_06428.jpg,58,318,74,364,16,46,10
2015_06428.jpg,215,379,267,404,52,25,11
2015_06428.jpg,167,374,200,479,33,105,10
2015_06429.jpg,133,141,241,390,108,249,10
2015_06430.jpg,241,285,283,370,42,85,2
2015_06430.jpg,36,42,287,490,251,448,10
2015_06431.jpg,181,322,229,450,48,128,10
2015_06432.jpg,163,66,237,296,74,230,10
2015_06432.jpg,255,91,323,302,68,211,10
2015_06433.jpg,55,107,120,280,65,173,10
2015_06433.jpg,86,132,308,370,222,238,5
2015_06433.jpg,7,93,40,185,33,92,10
2015_06433.jpg,164,104,230,227,66,123,10
2015_06434.jpg,315,183,372,485,57,302,10
2015_06434.jpg,272,173,332,401,60,228,10
2015_06434.jpg,110,150,233,481,123,331,10
2015_06435.jpg,4,156,45,237,41,81,10
2015_06435.jpg,285,215,356,295,71,80,11
2015_06435.jpg,213,158,267,292,54,134,10
2015_06435.jpg,271,161,322,269,51,108,10
2015_06435.jpg,250,151,282,281,32,130,10
2015_06435.jpg,17,31,285,493,268,462,10
2015_06435.jpg,36,156,73,215,37,59,10
2015_06436.jpg,49,9,315,494,266,485,10
2015_06436.jpg,285,330,368,489,83,159,10
2015_06437.jpg,402,62,440,225,38,163,10
2015_06437.jpg,7,63,166,363,159,300,10
2015_06437.jpg,319,51,418,372,99,321,10
2015_06437.jpg,243,71,347,362,104,291,10
2015_06437.jpg,128,9,278,363,150,354,10
2015_06437.jpg,442,50,492,230,50,180,10
2015_06438.jpg,3,210,23,325,20,115,10
2015_06438.jpg,30,194,70,318,40,124,10
2015_06438.jpg,68,221,100,283,32,62,10
2015_06438.jpg,224,196,253,236,29,40,10
2015_06438.jpg,91,143,251,495,160,352,10
2015_06438.jpg,229,155,314,491,85,336,10
2015_06438.jpg,305,147,375,498,70,351,10
2015_06439.jpg,403,62,486,249,83,187,10
2015_06439.jpg,301,133,497,329,196,196,10
2015_06439.jpg,25,108,493,368,468,260,10
2015_06439.jpg,282,132,316,195,34,63,10
2015_06439.jpg,249,127,278,183,29,56,10
2015_06439.jpg,302,68,396,194,94,126,10
2015_06440.jpg,85,183,234,373,149,190,10
2015_06440.jpg,3,78,169,356,166,278,10
2015_06440.jpg,171,91,306,352,135,261,10
2015_06440.jpg,293,186,435,371,142,185,10
2015_06440.jpg,375,66,493,269,118,203,10
2015_06440.jpg,268,87,443,349,175,262,10
2015_06440.jpg,9,102,486,334,477,232,6
2015_06440.jpg,299,11,462,131,163,120,10
2015_06440.jpg,103,101,193,234,90,133,10
2015_06441.jpg,13,111,267,484,254,373,10
2015_06442.jpg,267,107,398,329,131,222,10
2015_06442.jpg,170,185,213,243,43,58,10
2015_06442.jpg,76,106,172,327,96,221,10
2015_06442.jpg,213,187,252,242,39,55,10
2015_06443.jpg,6,88,163,485,157,397,10
2015_06443.jpg,157,71,202,158,45,87,10
2015_06443.jpg,141,53,325,488,184,435,10
2015_06444.jpg,137,3,227,146,90,143,10
2015_06444.jpg,172,28,440,254,268,226,8
2015_06445.jpg,77,273,100,322,23,49,10
2015_06445.jpg,367,305,397,372,30,67,10
2015_06446.jpg,205,121,299,247,94,126,10
2015_06446.jpg,284,107,417,365,133,258,10
2015_06446.jpg,171,109,217,173,46,64,10
2015_06446.jpg,243,104,302,189,59,85,10
2015_06446.jpg,81,113,196,342,115,229,10
2015_06446.jpg,159,171,304,370,145,199,10
2015_06447.jpg,270,43,350,195,80,152,10
2015_06447.jpg,25,14,79,61,54,47,10
2015_06447.jpg,224,6,269,58,45,52,10
2015_06447.jpg,5,48,106,255,101,207,10
2015_06447.jpg,178,5,222,52,44,47,10
2015_06447.jpg,153,26,295,499,142,473,10
2015_06447.jpg,43,35,176,494,133,459,10
2015_06448.jpg,247,89,307,138,60,49,6
2015_06448.jpg,13,77,59,143,46,66,6
2015_06448.jpg,95,77,155,155,60,78,6
2015_06448.jpg,120,70,273,117,153,47,11
2015_06448.jpg,429,226,477,281,48,55,7
2015_06448.jpg,363,173,420,211,57,38,7
2015_06448.jpg,53,92,91,166,38,74,6
2015_06448.jpg,137,87,200,143,63,56,6
2015_06448.jpg,339,143,368,191,29,48,7
2015_06448.jpg,153,130,182,178,29,48,7
2015_06448.jpg,49,159,92,207,43,48,7
2015_06448.jpg,6,152,38,212,32,60,7
2015_06448.jpg,374,13,447,156,73,143,10
2015_06448.jpg,313,54,362,123,49,69,10
2015_06448.jpg,272,44,332,123,60,79,10
2015_06449.jpg,3,57,73,373,70,316,10
2015_06449.jpg,199,88,362,333,163,245,10
2015_06449.jpg,395,96,499,310,104,214,10
2015_06449.jpg,359,51,435,262,76,211,10
2015_06449.jpg,267,102,331,243,64,141,10
2015_06449.jpg,73,36,191,352,118,316,10
2015_06449.jpg,10,56,63,276,53,220,10
2015_06450.jpg,299,111,356,202,57,91,10
2015_06450.jpg,198,241,217,288,19,47,2
2015_06450.jpg,159,118,198,184,39,66,10
2015_06450.jpg,132,105,171,199,39,94,10
2015_06450.jpg,412,104,448,175,36,71,10
2015_06450.jpg,191,56,348,208,157,152,10
2015_06450.jpg,23,168,133,318,110,150,10
2015_06450.jpg,234,149,363,281,129,132,10
2015_06450.jpg,4,116,49,246,45,130,10
2015_06450.jpg,282,293,312,329,30,36,7
2015_06450.jpg,136,166,247,274,111,108,10
2015_06450.jpg,78,150,114,217,36,67,6
2015_06450.jpg,323,276,348,318,25,42,7
2015_06450.jpg,132,297,161,334,29,37,7
2015_06450.jpg,92,282,119,313,27,31,7
2015_06450.jpg,106,259,128,296,22,37,7
2015_06450.jpg,175,231,198,272,23,41,2
2015_06450.jpg,451,208,465,236,14,28,7
2015_06450.jpg,248,181,271,214,23,33,7
2015_06450.jpg,479,199,498,240,19,41,2
2015_06450.jpg,342,154,446,360,104,206,10
2015_06450.jpg,221,311,253,357,32,46,7
2015_06450.jpg,50,260,373,367,323,107,11
2015_06451.jpg,197,104,315,331,118,227,10
2015_06452.jpg,17,87,119,238,102,151,10
2015_06452.jpg,345,55,478,346,133,291,10
2015_06453.jpg,438,86,497,227,59,141,10
2015_06453.jpg,181,170,291,357,110,187,2
2015_06453.jpg,11,10,415,371,404,361,10
2015_06453.jpg,262,174,396,370,134,196,10
2015_06453.jpg,424,209,495,317,71,108,6
2015_06454.jpg,218,273,357,493,139,220,10
2015_06454.jpg,25,275,146,493,121,218,10
2015_06455.jpg,197,43,398,351,201,308,10
2015_06455.jpg,114,78,259,355,145,277,10
2015_06455.jpg,68,155,142,225,74,70,5
2015_06455.jpg,51,159,76,234,25,75,10
2015_06455.jpg,419,214,497,350,78,136,10
2015_06456.jpg,301,93,317,117,16,24,10
2015_06456.jpg,171,103,184,129,13,26,10
2015_06456.jpg,129,114,148,153,19,39,10
2015_06456.jpg,61,149,92,211,31,62,10
2015_06456.jpg,187,100,199,130,12,30,10
2015_06456.jpg,330,97,342,128,12,31,10
2015_06457.jpg,180,138,439,369,259,231,10
2015_06457.jpg,273,169,397,311,124,142,10
2015_06457.jpg,262,246,303,314,41,68,7
2015_06457.jpg,312,142,491,342,179,200,10
2015_06457.jpg,412,110,498,255,86,145,10
2015_06457.jpg,58,155,218,370,160,215,10
2015_06457.jpg,58,127,157,211,99,84,10
2015_06457.jpg,6,164,47,208,41,44,10
2015_06458.jpg,204,216,262,312,58,96,6
2015_06458.jpg,258,222,324,324,66,102,6
2015_06458.jpg,222,161,290,347,68,186,10
2015_06458.jpg,264,197,309,279,45,82,10
2015_06458.jpg,215,200,242,248,27,48,10
2015_06458.jpg,417,215,464,278,47,63,6
2015_06458.jpg,142,183,219,300,77,117,10
2015_06459.jpg,4,55,43,201,39,146,10
2015_06459.jpg,135,73,363,254,228,181,4
2015_06459.jpg,161,40,310,301,149,261,10
2015_06460.jpg,160,119,327,324,167,205,10
2015_06460.jpg,7,185,149,369,142,184,10
2015_06460.jpg,315,163,423,373,108,210,10
2015_06460.jpg,383,185,455,337,72,152,10
2015_06461.jpg,4,24,186,372,182,348,10
2015_06461.jpg,143,220,200,355,57,135,10
2015_06461.jpg,230,167,314,347,84,180,10
2015_06461.jpg,345,102,437,368,92,266,10
2015_06462.jpg,246,10,491,369,245,359,10
2015_06462.jpg,62,119,232,370,170,251,10
2015_06463.jpg,184,75,260,232,76,157,10
2015_06463.jpg,179,114,254,273,75,159,10
2015_06463.jpg,288,78,364,189,76,111,10
2015_06463.jpg,323,68,465,202,142,134,11
2015_06463.jpg,253,114,333,214,80,100,6
2015_06463.jpg,89,143,202,295,113,152,10
2015_06463.jpg,75,84,203,173,128,89,6
2015_06464.jpg,92,28,398,366,306,338,10
2015_06464.jpg,3,273,281,372,278,99,11
2015_06465.jpg,15,42,295,488,280,446,10
2015_06465.jpg,246,100,361,475,115,375,10
2015_06465.jpg,304,109,371,357,67,248,10
2015_06466.jpg,271,77,372,371,101,294,10
2015_06466.jpg,8,87,88,365,80,278,10
2015_06466.jpg,317,245,500,375,183,130,11
2015_06466.jpg,383,84,481,268,98,184,10
2015_06466.jpg,139,74,245,369,106,295,10
2015_06467.jpg,193,117,356,278,163,161,10
2015_06467.jpg,29,168,70,221,41,53,10
2015_06467.jpg,43,129,95,227,52,98,10
2015_06467.jpg,5,171,35,246,30,75,10
2015_06467.jpg,23,194,90,276,67,82,10
2015_06467.jpg,129,97,242,266,113,169,10
2015_06468.jpg,213,34,313,263,100,229,10
2015_06468.jpg,106,2,249,370,143,368,10
2015_06468.jpg,6,53,93,283,87,230,10
2015_06468.jpg,328,9,496,369,168,360,10
2015_06468.jpg,298,42,350,251,52,209,10
2015_06469.jpg,191,23,312,190,121,167,10
2015_06470.jpg,269,145,489,298,220,153,4
2015_06470.jpg,192,120,266,198,74,78,4
2015_06470.jpg,153,116,230,155,77,39,4
2015_06470.jpg,55,104,96,194,41,90,10
2015_06470.jpg,202,86,336,363,134,277,10
2015_06471.jpg,377,101,444,339,67,238,10
2015_06471.jpg,276,99,368,428,92,329,10
2015_06471.jpg,23,95,74,271,51,176,10
2015_06471.jpg,66,103,106,156,40,53,10
2015_06471.jpg,431,93,499,405,68,312,10
2015_06471.jpg,434,78,474,338,40,260,10
2015_06471.jpg,67,9,325,437,258,428,10
2015_06471.jpg,18,119,143,427,125,308,10
2015_06472.jpg,464,96,496,201,32,105,10
2015_06472.jpg,4,92,74,370,70,278,10
2015_06472.jpg,438,105,467,175,29,70,10
2015_06472.jpg,244,88,348,370,104,282,10
2015_06472.jpg,402,103,440,182,38,79,10
2015_06472.jpg,356,113,402,209,46,96,10
2015_06472.jpg,335,112,370,196,35,84,10
2015_06472.jpg,159,104,203,206,44,102,10
2015_06472.jpg,131,111,155,190,24,79,10
2015_06472.jpg,187,42,320,364,133,322,10
2015_06472.jpg,99,113,122,195,23,82,10
2015_06473.jpg,226,214,241,267,15,53,10
2015_06473.jpg,196,209,219,263,23,54,10
2015_06473.jpg,230,209,261,288,31,79,10
2015_06473.jpg,273,212,331,370,58,158,10
2015_06473.jpg,319,213,401,287,82,74,4
2015_06473.jpg,356,230,477,327,121,97,4
2015_06473.jpg,95,198,128,297,33,99,10
2015_06474.jpeg,433,383,485,444,52,61,4
2015_06474.jpeg,499,320,527,352,28,32,4
2015_06474.jpeg,347,428,401,472,54,44,4
2015_06474.jpeg,126,19,358,474,232,455,10
2015_06474.jpeg,459,310,503,351,44,41,4
2015_06474.jpeg,431,336,474,377,43,41,4
2015_06474.jpeg,372,387,427,438,55,51,4
2015_06474.jpeg,411,365,453,406,42,41,4
2015_06475.jpg,2268,838,2563,1666,295,828,10
2015_06475.jpg,37,658,418,2415,381,1757,10
2015_06475.jpg,671,689,1056,2193,385,1504,10
2015_06475.jpg,2390,862,2674,1597,284,735,10
2015_06475.jpg,1056,790,1524,2072,468,1282,10
2015_06475.jpg,1350,807,1603,1840,253,1033,10
2015_06475.jpg,1620,866,1876,1750,256,884,10
2015_06475.jpg,293,665,785,2245,492,1580,10
2015_06475.jpg,1856,855,2157,1763,301,908,10
2015_06475.jpg,2085,821,2314,1625,229,804,10
2015_06476.jpg,1981,755,2269,1112,288,357,10
2015_06476.jpg,1749,842,2147,1927,398,1085,10
2015_06476.jpg,411,710,664,1140,253,430,10
2015_06476.jpg,751,765,1000,1108,249,343,10
2015_06476.jpg,1069,748,1377,2124,308,1376,10
2015_06476.jpg,2168,783,2528,2242,360,1459,10
2015_06476.jpg,1208,686,1548,1057,340,371,10
2015_06476.jpg,2414,731,2955,2412,541,1681,10
2015_06476.jpg,861,859,1253,2332,392,1473,10
2015_06476.jpg,2095,734,2400,1105,305,371,10
2015_06476.jpg,508,883,948,2390,440,1507,10
2015_06476.jpg,89,790,619,2394,530,1604,10
2015_06476.jpg,1600,824,1898,2054,298,1230,10
2015_06476.jpg,1319,800,1721,2144,402,1344,10
2015_06477.jpg,1835,914,2216,2137,381,1223,10
2015_06477.jpg,234,849,650,2377,416,1528,10
2015_06477.jpg,505,779,758,1250,253,471,10
2015_06477.jpg,820,817,1108,1129,288,312,10
2015_06477.jpg,1142,842,1443,2176,301,1334,10
2015_06477.jpg,1305,772,1596,1125,291,353,10
2015_06477.jpg,1641,883,1929,2065,288,1182,10
2015_06477.jpg,2026,835,2196,1116,170,281,10
2015_06477.jpg,2099,758,2400,2154,301,1396,10
2015_06477.jpg,2265,779,2615,2345,350,1566,10
2015_06477.jpg,671,887,1031,2405,360,1518,10
2015_06477.jpg,945,939,1354,2363,409,1424,10
2015_06477.jpg,2313,783,3006,2398,693,1615,10
2015_06478.jpg,2102,748,2580,2016,478,1268,10
2015_06478.jpg,744,810,1077,2009,333,1199,10
2015_06478.jpg,1298,797,1489,1826,191,1029,10
2015_06478.jpg,962,717,1208,1899,246,1182,10
2015_06478.jpg,1142,755,1350,1902,208,1147,10
2015_06478.jpg,1447,824,1686,1753,239,929,10
2015_06478.jpg,1589,693,1790,1019,201,326,10
2015_06478.jpg,1669,772,1981,1863,312,1091,10
2015_06478.jpg,553,738,868,1102,315,364,10
2015_06478.jpg,182,849,556,2128,374,1279,10
2015_06478.jpg,1797,817,2199,2016,402,1199,10
2015_06478.jpg,2300,932,2719,2360,419,1428,10
2015_06478.jpg,2015,793,2296,1036,281,243,10
2015_06478.jpg,456,890,830,2075,374,1185,10
2015_06479.jpg,449,845,792,2099,343,1254,10
2015_06479.jpg,598,706,844,1039,246,333,10
2015_06479.jpg,959,679,1226,1888,267,1209,10
2015_06479.jpg,730,765,1118,2019,388,1254,10
2015_06479.jpg,1139,727,1399,1961,260,1234,10
2015_06479.jpg,162,793,543,2110,381,1317,10
2015_06479.jpg,1284,734,1575,1825,291,1091,10
2015_06479.jpg,1444,779,1721,1853,277,1074,10
2015_06479.jpg,2296,911,2791,2384,495,1473,10
2015_06479.jpg,2161,696,2643,2068,482,1372,10
2015_06479.jpg,1856,762,2275,2054,419,1292,10
2015_06479.jpg,1690,731,2023,1916,333,1185,10
2015_06479.jpg,1655,686,1866,1005,211,319,10
2015_06479.jpg,2060,765,2299,1063,239,298,10
2015_06480.jpg,149,171,293,489,144,318,10
2015_06480.jpg,73,418,161,493,88,75,10
2015_06480.jpg,12,315,106,469,94,154,10
2015_06481.jpg,152,50,221,237,69,187,10
2015_06482.jpg,82,85,328,368,246,283,10
2015_06482.jpg,102,167,123,225,21,58,10
2015_06482.jpg,397,124,464,229,67,105,10
2015_06482.jpg,11,215,130,333,119,118,11
2015_06483.jpg,34,229,251,370,217,141,10
2015_06483.jpg,18,19,133,374,115,355,10
2015_06483.jpg,99,21,265,291,166,270,10
2015_06483.jpg,318,58,498,371,180,313,10
2015_06483.jpg,211,70,329,368,118,298,10
2015_06484.jpg,230,76,452,362,222,286,10
2015_06484.jpg,2,58,112,371,110,313,10
2015_06485.jpg,4,208,50,282,46,74,7
2015_06485.jpg,371,110,497,364,126,254,6
2015_06485.jpg,5,222,302,371,297,149,11
2015_06485.jpg,64,58,125,130,61,72,10
2015_06485.jpg,186,25,439,371,253,346,10
2015_06485.jpg,125,49,204,224,79,175,10
2015_06486.jpg,4,74,81,313,77,239,10
2015_06486.jpg,76,14,312,492,236,478,10
2015_06486.jpg,62,67,139,321,77,254,10
2015_06487.jpg,608,819,1813,2235,1205,1416,10
2015_06488.jpg,78,119,193,295,115,176,10
2015_06488.jpg,41,78,87,167,46,89,10
2015_06488.jpg,187,35,356,197,169,162,10
2015_06488.jpg,159,180,382,288,223,108,11
2015_06488.jpg,64,172,143,300,79,128,6
2015_06488.jpg,165,168,191,210,26,42,7
2015_06489.jpg,23,135,61,200,38,65,10
2015_06489.jpg,148,138,184,206,36,68,10
2015_06489.jpg,178,130,208,204,30,74,10
2015_06489.jpg,106,145,129,208,23,63,10
2015_06489.jpg,306,119,330,200,24,81,10
2015_06489.jpg,191,80,319,276,128,196,10
2015_06489.jpg,125,137,143,204,18,67,10
2015_06489.jpg,316,120,360,212,44,92,10
2015_06490.jpg,188,76,260,173,72,97,10
2015_06490.jpg,233,81,319,206,86,125,10
2015_06490.jpg,109,80,196,227,87,147,10
2015_06491.jpg,197,88,241,150,44,62,10
2015_06491.jpg,7,53,132,224,125,171,10
2015_06491.jpg,267,69,395,295,128,226,10
2015_06491.jpg,363,77,429,217,66,140,10
2015_06492.jpg,39,145,67,234,28,89,10
2015_06492.jpg,136,137,161,213,25,76,10
2015_06492.jpg,2,133,36,246,34,113,10
2015_06492.jpg,184,131,205,194,21,63,10
2015_06492.jpg,214,131,241,190,27,59,10
2015_06492.jpg,88,146,124,222,36,76,10
2015_06492.jpg,64,140,95,229,31,89,10
2015_06492.jpg,165,141,188,211,23,70,10
2015_06492.jpg,273,69,409,256,136,187,10
2015_06493.jpg,9,193,148,396,139,203,10
2015_06493.jpg,56,170,143,223,87,53,10
2015_06493.jpg,111,135,219,326,108,191,10
2015_06493.jpg,213,175,297,248,84,73,10
2015_06494.jpg,187,204,228,249,41,45,10
2015_06494.jpg,28,188,158,413,130,225,10
2015_06495.jpg,48,18,304,297,256,279,10
2015_06496.jpg,20,124,63,277,43,153,10
2015_06496.jpg,79,154,127,267,48,113,10
2015_06496.jpg,150,158,190,277,40,119,10
2015_06496.jpg,213,149,280,275,67,126,10
2015_06496.jpg,196,166,229,260,33,94,10
2015_06496.jpg,183,165,208,255,25,90,10
2015_06496.jpg,129,163,159,254,30,91,10
2015_06496.jpg,55,162,82,218,27,56,10
2015_06497.jpg,34,108,280,292,246,184,10
2015_06498.jpg,304,37,351,82,47,45,2
2015_06498.jpg,139,57,206,199,67,142,10
2015_06498.jpg,181,21,298,220,117,199,10
2015_06498.jpg,98,45,128,80,30,35,2
2015_06498.jpg,163,139,213,279,50,140,2
2015_06498.jpg,129,41,175,84,46,43,2
2015_06498.jpg,260,52,288,96,28,44,2
2015_06498.jpg,309,48,414,210,105,162,10
2015_06499.jpg,136,63,298,288,162,225,10
2015_06500.jpg,351,95,381,170,30,75,10
2015_06500.jpg,392,96,419,172,27,76,10
2015_06500.jpg,370,98,394,166,24,68,10
2015_06500.jpg,330,95,354,160,24,65,10
2015_06500.jpg,415,90,443,169,28,79,10
2015_06500.jpg,302,86,336,184,34,98,10
2015_06500.jpg,274,89,301,166,27,77,10
2015_06500.jpg,258,86,283,144,25,58,10
2015_06500.jpg,229,86,269,173,40,87,10
2015_06500.jpg,175,140,294,273,119,133,10
2015_06501.jpg,221,50,293,298,72,248,10
2015_06501.jpg,280,22,345,150,65,128,10
2015_06501.jpg,333,35,386,103,53,68,10
2015_06501.jpg,455,14,531,133,76,119,10
2015_06501.jpg,520,19,573,93,53,74,10
2015_06501.jpg,575,6,605,68,30,62,10
2015_06501.jpg,551,46,624,277,73,231,10
2015_06501.jpg,145,23,228,287,83,264,10
2015_06501.jpg,240,37,549,291,309,254,10
2015_06501.jpg,49,28,160,266,111,238,10
2015_06501.jpg,368,25,424,85,56,60,10
2015_06501.jpg,29,91,59,145,30,54,2
2015_06501.jpg,201,91,215,147,14,56,2
2015_06501.jpg,4,26,67,110,63,84,10
2015_06502.jpg,273,52,312,146,39,94,10
2015_06502.jpg,162,57,203,101,41,44,10
2015_06502.jpg,335,33,420,280,85,247,10
2015_06502.jpg,167,70,287,282,120,212,10
2015_06502.jpg,196,40,241,89,45,49,10
2015_06503.jpg,234,146,299,236,65,90,10
2015_06503.jpg,51,18,169,295,118,277,10
2015_06504.jpg,76,192,125,331,49,139,10
2015_06504.jpg,3,205,31,359,28,154,10
2015_06504.jpg,167,204,214,299,47,95,10
2015_06504.jpg,203,176,257,364,54,188,10
2015_06504.jpg,243,173,294,362,51,189,10
2015_06504.jpg,84,178,217,439,133,261,10
2015_06504.jpg,21,184,91,364,70,180,10
2015_06505.jpg,69,136,116,243,47,107,10
2015_06505.jpg,96,105,185,248,89,143,10
2015_06505.jpg,200,140,232,217,32,77,10
2015_06505.jpg,210,69,311,246,101,177,10
2015_06506.jpg,131,111,208,389,77,278,10
2015_06506.jpg,66,180,89,206,23,26,10
2015_06506.jpg,5,151,45,253,40,102,10
2015_06506.jpg,204,177,233,239,29,62,10
2015_06506.jpg,98,158,140,252,42,94,10
2015_06507.jpg,160,182,177,213,17,31,2
2015_06507.jpg,151,70,194,207,43,137,10
2015_06507.jpg,129,106,161,149,32,43,10
2015_06507.jpg,192,44,294,297,102,253,10
2015_06508.jpg,282,121,331,182,49,61,10
2015_06508.jpg,197,66,275,291,78,225,10
2015_06509.jpg,123,116,158,172,35,56,10
2015_06509.jpg,85,134,142,284,57,150,10
2015_06509.jpg,170,128,216,220,46,92,10
2015_06509.jpg,262,99,291,134,29,35,10
2015_06509.jpg,212,115,270,288,58,173,10
2015_06509.jpg,260,110,317,260,57,150,10
2015_06509.jpg,40,129,93,228,53,99,10
2015_06509.jpg,148,133,205,255,57,122,10
2015_06510.jpg,258,59,316,113,58,54,10
2015_06510.jpg,81,5,288,260,207,255,10
2015_06510.jpg,215,14,264,105,49,91,10
2015_06511.jpg,4,98,52,232,48,134,10
2015_06511.jpg,34,105,100,246,66,141,10
2015_06511.jpg,218,151,246,195,28,44,10
2015_06511.jpg,207,118,281,252,74,134,10
2015_06511.jpg,72,70,162,255,90,185,10
2015_06511.jpg,399,111,443,224,44,113,10
2015_06511.jpg,271,142,298,237,27,95,10
2015_06511.jpg,290,144,318,237,28,93,10
2015_06511.jpg,317,139,346,234,29,95,10
2015_06511.jpg,144,146,168,238,24,92,10
2015_06511.jpg,341,131,377,232,36,101,10
2015_06511.jpg,373,122,408,232,35,110,10
2015_06511.jpg,124,146,151,227,27,81,10
2015_06511.jpg,174,143,210,237,36,94,10
2015_06512.jpg,24,83,172,405,148,322,10
2015_06512.jpg,169,177,231,246,62,69,10
2015_06513.jpg,266,79,411,203,145,124,10
2015_06513.jpg,182,69,241,129,59,60,10
2015_06513.jpg,35,10,115,226,80,216,10
2015_06514.jpg,213,47,320,295,107,248,10
2015_06514.jpg,116,111,161,241,45,130,10
2015_06515.jpg,32,150,161,376,129,226,10
2015_06516.jpg,342,153,363,210,21,57,10
2015_06516.jpg,35,134,90,272,55,138,10
2015_06516.jpg,296,145,319,205,23,60,10
2015_06516.jpg,263,153,297,236,34,83,10
2015_06516.jpg,316,144,341,203,25,59,10
2015_06517.jpg,183,145,261,229,78,84,10
2015_06517.jpg,282,180,442,295,160,115,10
2015_06517.jpg,39,114,147,197,108,83,10
2015_06517.jpg,11,205,82,296,71,91,10
2015_06517.jpg,102,160,188,288,86,128,10
2015_06518.jpg,3,118,48,264,45,146,10
2015_06518.jpg,293,119,342,253,49,134,10
2015_06518.jpg,111,130,152,243,41,113,10
2015_06518.jpg,56,130,104,254,48,124,10
2015_06518.jpg,163,97,243,299,80,202,10
2015_06518.jpg,229,116,274,251,45,135,10
2015_06518.jpg,261,116,303,259,42,143,10
2015_06518.jpg,332,125,371,252,39,127,10
2015_06518.jpg,362,106,411,233,49,127,10
2015_06519.jpg,142,154,246,273,104,119,10
2015_06519.jpg,61,7,138,183,77,176,10
2015_06520.jpg,298,79,382,269,84,190,10
2015_06520.jpg,222,165,245,242,23,77,10
2015_06520.jpg,125,165,148,245,23,80,10
2015_06520.jpg,147,168,171,243,24,75,10
2015_06520.jpg,236,165,266,236,30,71,10
2015_06520.jpg,195,166,223,241,28,75,10
2015_06520.jpg,59,141,92,251,33,110,10
2015_06520.jpg,100,167,125,247,25,80,10
2015_06520.jpg,164,168,201,246,37,78,10
2015_06521.jpg,30,44,360,658,330,614,10
2015_06522.jpg,248,185,392,505,144,320,10
2015_06523.jpg,324,232,361,316,37,84,10
2015_06523.jpg,417,265,452,336,35,71,10
2015_06523.jpg,380,263,415,340,35,77,10
2015_06524.jpg,420,180,636,590,216,410,10
2015_06525.jpg,228,228,442,558,214,330,10
2015_06526.jpg,298,21,409,315,111,294,10
2015_06527.jpg,122,145,172,252,50,107,10
2015_06528.jpg,435,131,528,442,93,311,10
2015_06528.jpg,153,63,334,484,181,421,10
2015_06528.jpg,31,148,138,403,107,255,10
2015_06529.jpg,58,171,135,362,77,191,10
2015_06530.jpg,275,39,363,345,88,306,10
2015_06531.jpg,366,277,517,703,151,426,10
2015_06532.jpg,76,216,227,318,151,102,4
2015_06532.jpg,188,233,302,461,114,228,10
2015_06533.jpg,351,114,574,474,223,360,10
2015_06533.jpg,320,150,374,364,54,214,10
2015_06533.jpg,329,198,636,362,307,164,4
2015_06533.jpg,243,156,331,367,88,211,10
2015_06534.jpg,137,189,170,259,33,70,10
2015_06535.jpg,123,153,211,369,88,216,10
2015_06535.jpg,307,148,329,177,22,29,10
2015_06536.jpg,434,44,624,335,190,291,10
2015_06537.jpg,104,328,145,434,41,106,10
2015_06538.jpg,519,242,635,353,116,111,10
2015_06538.jpg,422,135,468,294,46,159,10
2015_06538.jpg,373,135,419,271,46,136,10
2015_06539.jpg,294,98,330,169,36,71,10
2015_06540.jpg,171,229,218,350,47,121,10
2015_06540.jpg,134,215,165,301,31,86,10
2015_06540.jpg,222,222,270,352,48,130,10
2015_06541.jpg,433,167,476,260,43,93,10
2015_06542.jpg,46,140,121,312,75,172,10
2015_06542.jpg,249,185,356,270,107,85,4
2015_06542.jpg,347,164,619,384,272,220,4
2015_06542.jpg,181,143,262,334,81,191,10
2015_06542.jpg,116,156,180,301,64,145,10
2015_06543.jpg,367,417,1016,641,649,224,4
2015_06543.jpg,282,384,373,588,91,204,10
2015_06543.jpg,14,411,237,637,223,226,4
2015_06544.jpg,211,48,258,165,47,117,10
2015_06545.jpg,33,220,190,297,157,77,6
2015_06545.jpg,61,141,124,209,63,68,10
2015_06546.jpg,180,296,281,355,101,59,4
2015_06546.jpg,436,290,456,344,20,54,10
2015_06546.jpg,239,210,409,788,170,578,10
2015_06546.jpg,92,279,188,340,96,61,4
2015_06546.jpg,19,296,206,456,187,160,4
2015_06546.jpg,347,287,392,376,45,89,10
2015_06546.jpg,455,287,483,342,28,55,10
2015_06547.jpg,263,93,354,302,91,209,10
2015_06547.jpg,150,91,219,305,69,214,10
2015_06547.jpg,200,75,247,220,47,145,10
2015_06547.jpg,29,96,112,300,83,204,10
2015_06547.jpg,235,88,289,225,54,137,10
2015_06547.jpg,117,79,176,290,59,211,10
2015_06548.jpg,11,325,123,583,112,258,10
2015_06549.jpg,272,129,358,359,86,230,10
2015_06549.jpg,228,235,270,331,42,96,10
2015_06549.jpg,362,242,489,319,127,77,4
2015_06549.jpg,461,244,600,325,139,81,4
2015_06550.jpg,412,189,467,319,55,130,10
2015_06551.jpg,368,172,418,281,50,109,10
2015_06551.jpg,311,161,329,202,18,41,10
2015_06552.jpg,338,125,426,309,88,184,10
2015_06553.jpg,122,161,167,269,45,108,10
2015_06554.jpg,329,191,377,300,48,109,10
2015_06555.jpg,83,153,171,307,88,154,10
2015_06555.jpg,296,150,433,417,137,267,10
2015_06555.jpg,461,47,633,408,172,361,10
2015_06555.jpg,404,163,488,374,84,211,10
2015_06555.jpg,6,150,100,420,94,270,10
2015_06555.jpg,60,167,106,248,46,81,10
2015_06555.jpg,108,105,317,423,209,318,10
2015_06556.jpg,48,177,97,282,49,105,10
2015_06556.jpg,93,184,131,278,38,94,10
2015_06557.jpg,46,117,280,593,234,476,10
2015_06557.jpg,124,234,309,512,185,278,6
2015_06558.jpg,266,170,464,421,198,251,6
2015_06558.jpg,57,156,221,359,164,203,6
2015_06558.jpg,190,54,451,413,261,359,10
2015_06559.jpg,278,40,427,320,149,280,10
2015_06559.jpg,421,47,446,83,25,36,10
2015_06560.jpg,265,136,333,302,68,166,10
2015_06560.jpg,323,118,398,384,75,266,10
2015_06560.jpg,230,129,300,384,70,255,10
2015_06560.jpg,50,84,201,420,151,336,10
2015_06561.jpg,114,228,310,507,196,279,6
2015_06561.jpg,275,40,296,91,21,51,2
2015_06561.jpg,361,53,382,95,21,42,2
2015_06561.jpg,31,127,278,593,247,466,10
2015_06562.jpg,247,195,317,258,70,63,4
2015_06562.jpg,6,170,135,232,129,62,3
2015_06562.jpg,518,208,612,275,94,67,0
2015_06562.jpg,220,186,240,231,20,45,10
2015_06562.jpg,475,153,568,402,93,249,10
2015_06562.jpg,142,197,178,219,36,22,4
2015_06563.jpg,201,147,391,379,190,232,10
2015_06564.jpg,112,319,171,456,59,137,10
2015_06564.jpg,49,327,111,444,62,117,10
2015_06564.jpg,2,330,44,444,42,114,10
2015_06564.jpg,517,319,575,462,58,143,10
2015_06564.jpg,231,308,335,506,104,198,10
2015_06564.jpg,349,138,425,258,76,120,10
2015_06564.jpg,303,135,361,286,58,151,10
2015_06565.jpg,294,267,308,289,14,22,10
2015_06565.jpg,213,261,259,379,46,118,10
2015_06565.jpg,321,269,342,293,21,24,10
2015_06565.jpg,402,261,432,330,30,69,10
2015_06565.jpg,364,264,388,328,24,64,10
2015_06566.jpg,523,166,630,412,107,246,10
2015_06566.jpg,399,160,512,417,113,257,10
2015_06567.jpg,153,100,431,467,278,367,10
2015_06567.jpg,382,155,530,424,148,269,10
2015_06567.jpg,499,398,636,475,137,77,11
2015_06567.jpg,488,132,627,393,139,261,10
2015_06567.jpg,142,155,229,312,87,157,10
2015_06567.jpg,1,128,133,462,132,334,10
2015_06568.jpg,54,8,228,364,174,356,10
2015_06568.jpg,192,297,325,372,133,75,11
2015_06569.jpg,216,295,255,371,39,76,11
2015_06569.jpg,149,327,197,365,48,38,6
2015_06569.jpg,113,340,184,373,71,33,6
2015_06569.jpg,43,290,90,325,47,35,4
2015_06570.jpg,231,336,260,373,29,37,10
2015_06570.jpg,188,334,221,375,33,41,10
2015_06570.jpg,315,331,341,374,26,43,10
2015_06570.jpg,103,333,132,376,29,43,10
2015_06570.jpg,68,331,94,379,26,48,10
2015_06570.jpg,18,327,49,380,31,53,10
2015_06570.jpg,345,337,373,377,28,40,10
2015_06570.jpg,295,339,327,376,32,37,10
2015_06570.jpg,269,334,299,373,30,39,10
2015_06571.jpg,522,200,580,319,58,119,10
2015_06571.jpg,216,197,248,251,32,54,10
2015_06571.jpg,366,186,481,254,115,68,4
2015_06571.jpg,269,190,357,250,88,60,4
2015_06571.jpg,137,206,160,263,23,57,10
2015_06572.jpg,40,47,132,273,92,226,10
2015_06572.jpg,147,81,486,369,339,288,10
2015_06573.jpg,159,184,379,411,220,227,6
2015_06573.jpg,130,61,160,132,30,71,10
2015_06573.jpg,247,133,405,365,158,232,10
2015_06574.jpg,504,389,619,477,115,88,4
2015_06574.jpg,299,415,349,449,50,34,4
2015_06574.jpg,332,370,391,485,59,115,10
2015_06574.jpg,238,412,284,454,46,42,4
2015_06574.jpg,161,381,237,460,76,79,4
2015_06574.jpg,81,406,188,481,107,75,4
2015_06575.jpg,36,435,78,539,42,104,10
2015_06575.jpg,102,429,192,574,90,145,10
2015_06575.jpg,190,428,234,483,44,55,3
2015_06575.jpg,251,433,334,468,83,35,3
2015_06575.jpg,331,383,421,467,90,84,3
2015_06576.jpg,387,176,439,259,52,83,10
2015_06577.jpg,44,134,79,222,35,88,10
2015_06577.jpg,374,146,409,208,35,62,10
2015_06577.jpg,104,138,147,230,43,92,10
2015_06577.jpg,213,117,302,339,89,222,10
2015_06578.jpg,243,185,348,420,105,235,10
2015_06578.jpg,24,238,57,298,33,60,2
2015_06578.jpg,382,202,478,419,96,217,10
2015_06579.jpg,4,208,70,408,66,200,10
2015_06579.jpg,292,235,331,322,39,87,10
2015_06579.jpg,201,212,270,397,69,185,10
2015_06579.jpg,470,237,528,359,58,122,10
2015_06579.jpg,243,231,293,340,50,109,10
2015_06579.jpg,124,203,221,416,97,213,10
2015_06579.jpg,556,253,595,341,39,88,10
2015_06579.jpg,319,218,364,318,45,100,10
2015_06579.jpg,413,232,459,314,46,82,10
2015_06580.jpg,121,339,158,432,37,93,10
2015_06580.jpg,96,335,126,418,30,83,10
2015_06580.jpg,32,336,67,422,35,86,10
2015_06580.jpg,426,325,475,586,49,261,10
2015_06581.jpg,71,104,169,207,98,103,3
2015_06581.jpg,303,115,390,325,87,210,10
2015_06581.jpg,192,151,278,189,86,38,3
2015_06582.jpg,276,242,444,368,168,126,10
2015_06582.jpg,124,118,240,353,116,235,10
2015_06582.jpg,187,100,329,370,142,270,10
2015_06582.jpg,305,283,332,323,27,40,2
2015_06582.jpg,50,193,109,326,59,133,10
2015_06583.jpg,144,32,387,417,243,385,10
2015_06583.jpg,370,84,564,416,194,332,10
2015_06583.jpg,502,70,594,369,92,299,10
2015_06583.jpg,520,165,566,259,46,94,2
2015_06584.jpg,7,248,110,380,103,132,4
2015_06584.jpg,394,225,473,362,79,137,10
2015_06585.jpg,4,198,43,411,39,213,10
2015_06585.jpg,40,228,128,407,88,179,10
2015_06585.jpg,521,187,634,241,113,54,10
2015_06585.jpg,568,227,616,383,48,156,10
2015_06585.jpg,419,135,523,403,104,268,10
2015_06585.jpg,525,226,590,368,65,142,10
2015_06585.jpg,151,189,269,423,118,234,10
2015_06585.jpg,276,177,389,420,113,243,10
2015_06586.jpg,132,298,190,460,58,162,10
2015_06586.jpg,23,284,94,465,71,181,10
2015_06586.jpg,93,241,140,371,47,130,10
2015_06586.jpg,317,282,412,515,95,233,10
2015_06586.jpg,61,249,107,354,46,105,10
2015_06587.jpg,189,27,379,382,190,355,10
2015_06588.jpg,203,268,270,411,67,143,10
2015_06588.jpg,296,298,401,398,105,100,4
2015_06588.jpg,258,290,295,325,37,35,4
2015_06589.jpg,32,368,103,574,71,206,10
2015_06589.jpg,113,56,251,266,138,210,10
2015_06589.jpg,421,159,553,318,132,159,10
2015_06589.jpg,351,333,439,604,88,271,10
2015_06589.jpg,450,349,545,599,95,250,10
2015_06589.jpg,3,351,44,538,41,187,10
2015_06589.jpg,265,316,375,617,110,301,10
2015_06590.jpg,279,428,314,499,35,71,10
2015_06591.jpg,584,87,640,145,56,58,4
2015_06591.jpg,458,91,527,147,69,56,4
2015_06591.jpg,173,203,312,312,139,109,10
2015_06591.jpg,535,86,579,120,44,34,4
2015_06592.jpg,69,218,137,254,68,36,4
2015_06592.jpg,325,217,366,283,41,66,10
2015_06593.jpg,219,27,321,182,102,155,10
2015_06593.jpg,132,8,228,138,96,130,10
2015_06593.jpg,9,5,97,89,88,84,10
2015_06594.jpg,369,205,413,306,44,101,10
2015_06594.jpg,331,204,373,305,42,101,10
2015_06595.jpg,436,79,528,131,92,52,4
2015_06595.jpg,330,81,410,135,80,54,4
2015_06595.jpg,216,74,309,152,93,78,4
2015_06595.jpg,128,67,154,89,26,22,4
2015_06595.jpg,507,12,636,133,129,121,3
2015_06595.jpg,297,33,487,95,190,62,3
2015_06595.jpg,57,80,79,133,22,53,10
2015_06595.jpg,175,43,257,286,82,243,10
2015_06595.jpg,19,77,48,141,29,64,10
2015_06596.jpg,222,245,273,384,51,139,10
2015_06596.jpg,320,243,364,292,44,49,10
2015_06596.jpg,270,291,381,513,111,222,10
2015_06597.jpg,494,122,603,351,109,229,10
2015_06597.jpg,378,112,414,200,36,88,10
2015_06597.jpg,281,114,343,329,62,215,10
2015_06597.jpg,491,125,549,251,58,126,10
2015_06597.jpg,464,125,520,264,56,139,10
2015_06597.jpg,413,125,459,249,46,124,10
2015_06598.jpg,464,244,529,291,65,47,10
2015_06598.jpg,381,251,443,301,62,50,10
2015_06598.jpg,91,224,132,303,41,79,10
2015_06599.jpg,555,214,599,313,44,99,10
2015_06599.jpg,587,214,635,330,48,116,10
2015_06599.jpg,400,91,465,166,65,75,10
2015_06599.jpg,513,236,535,289,22,53,10
2015_06599.jpg,526,201,571,328,45,127,10
2015_06600.jpg,242,537,285,624,43,87,10
2015_06600.jpg,294,526,347,619,53,93,10
2015_06600.jpg,215,544,248,599,33,55,10
2015_06600.jpg,318,503,400,630,82,127,10
2015_06600.jpg,79,529,100,580,21,51,10
2015_06601.jpg,185,100,310,257,125,157,10
2015_06602.jpg,406,252,486,414,80,162,10
2015_06602.jpg,489,244,579,412,90,168,10
2015_06602.jpg,6,227,208,416,202,189,10
2015_06603.jpg,481,130,588,422,107,292,10
2015_06603.jpg,530,104,623,406,93,302,10
2015_06603.jpg,343,93,506,412,163,319,10
2015_06603.jpg,42,36,441,417,399,381,10
2015_06603.jpg,61,145,155,230,94,85,10
2015_06603.jpg,3,127,127,281,124,154,10
2015_06603.jpg,342,193,432,345,90,152,7
2015_06604.jpg,231,61,527,386,296,325,10
2015_06604.jpg,574,64,637,141,63,77,10
2015_06604.jpg,35,212,123,410,88,198,2
2015_06604.jpg,69,41,205,320,136,279,10
2015_06605.jpg,184,357,244,523,60,166,10
2015_06605.jpg,232,358,307,552,75,194,10
2015_06605.jpg,113,372,157,545,44,173,10
2015_06605.jpg,125,379,223,584,98,205,10
2015_06606.jpg,268,236,316,355,48,119,10
2015_06606.jpg,466,237,479,277,13,40,10
2015_06606.jpg,461,255,538,382,77,127,10
2015_06606.jpg,327,236,356,264,29,28,4
2015_06606.jpg,4,197,201,291,197,94,3
2015_06606.jpg,340,246,411,284,71,38,4
2015_06606.jpg,555,245,638,286,83,41,4
2015_06607.jpg,131,106,442,467,311,361,10
2015_06607.jpg,130,272,525,478,395,206,6
2015_06608.jpg,167,64,283,247,116,183,10
2015_06609.jpg,162,230,261,488,99,258,10
2015_06609.jpg,316,225,371,400,55,175,10
2015_06609.jpg,4,314,105,487,101,173,4
2015_06610.jpg,257,153,400,394,143,241,10
2015_06611.jpg,130,183,420,600,290,417,10
2015_06611.jpg,17,15,167,631,150,616,10
2015_06611.jpg,436,336,616,618,180,282,10
2015_06611.jpg,580,577,624,636,44,59,7
2015_06611.jpg,260,506,321,587,61,81,7
2015_06612.jpg,519,156,582,298,63,142,10
2015_06612.jpg,211,44,397,456,186,412,10
2015_06612.jpg,347,143,409,235,62,92,10
2015_06613.jpg,9,8,294,446,285,438,10
2015_06614.JPG,21,1311,904,2748,883,1437,10
2015_06614.JPG,58,886,1124,2725,1066,1839,10
2015_06614.JPG,1709,653,2642,2048,933,1395,10
2015_06614.JPG,2199,858,3430,2711,1231,1853,10
2015_06614.JPG,1888,136,4253,2717,2365,2581,10
2015_06614.JPG,1083,1074,1824,2758,741,1684,10
2015_06615.JPG,1012,1178,3804,3150,2792,1972,10
2015_06615.JPG,567,683,3406,3178,2839,2495,10
2015_06616.JPG,1342,1123,3277,3168,1935,2045,10
2015_06616.JPG,709,1059,2383,3164,1674,2105,10
2015_06617.JPG,1305,1416,1787,2732,482,1316,10
2015_06617.JPG,1626,1407,2254,2783,628,1376,10
2015_06617.JPG,2236,1311,2708,2824,472,1513,10
2015_06618.JPG,2076,513,2952,2196,876,1683,10
2015_06618.JPG,1025,1242,1841,2210,816,968,11
2015_06619.JPG,2126,710,2658,2338,532,1628,10
2015_06619.JPG,1099,1444,1943,2435,844,991,11
2015_06620.JPG,1645,1361,2457,2599,812,1238,10
2015_06620.JPG,1062,2416,2603,3219,1541,803,11
2015_06621.jpg,602,318,2451,1359,1849,1041,4
2015_06621.jpg,2338,582,3089,1119,751,537,4
2015_06621.jpg,2681,542,2925,1185,244,643,10
2015_06622.JPG,2408,450,2952,1689,544,1239,10
2015_06622.JPG,1870,635,2186,1512,316,877,10
2015_06623.JPG,2190,931,2490,1264,300,333,10
2015_06624.JPG,1442,644,1613,1079,171,435,10
2015_06624.JPG,2516,743,2644,904,128,161,9
2015_06624.JPG,134,480,872,1679,738,1199,10
2015_06624.JPG,1725,671,1893,1080,168,409,10
2015_06624.JPG,1765,701,2431,1709,666,1008,10
2015_06625.JPG,2371,575,2770,1356,399,781,10
2015_06625.JPG,1518,664,2105,1135,587,471,4
2015_06625.JPG,38,608,1626,1712,1588,1104,4
2015_06626.jpg,332,207,428,453,96,246,10
2015_06626.jpg,764,224,897,321,133,97,4
2015_06626.jpg,697,337,743,430,46,93,2
2015_06627.JPEG,364,32,448,233,84,201,10
2015_06627.JPEG,2,125,361,305,359,180,11
2015_06628.JPEG,158,148,208,307,50,159,10
2015_06628.JPEG,6,139,56,317,50,178,10
2015_06628.JPEG,33,101,199,359,166,258,10
2015_06628.JPEG,194,90,354,363,160,273,10
2015_06628.JPEG,372,122,425,318,53,196,10
2015_06629.JPEG,13,81,187,267,174,186,10
2015_06630.JPEG,34,60,158,367,124,307,10
2015_06631.JPEG,285,120,396,254,111,134,10
2015_06631.JPEG,297,23,497,371,200,348,10
2015_06631.JPEG,36,175,213,369,177,194,10
2015_06631.JPEG,157,43,249,193,92,150,10
2015_06632.JPEG,201,162,266,239,65,77,10
2015_06632.JPEG,3,133,42,312,39,179,10
2015_06632.JPEG,43,172,87,247,44,75,10
2015_06632.JPEG,84,144,146,242,62,98,10
2015_06632.JPEG,270,126,329,245,59,119,10
2015_06632.JPEG,308,152,354,241,46,89,10
2015_06632.JPEG,288,283,418,372,130,89,6
2015_06632.JPEG,50,230,428,353,378,123,11
2015_06632.JPEG,364,116,446,329,82,213,10
2015_06633.JPEG,46,1,201,308,155,307,10
2015_06634.JPEG,63,208,115,326,52,118,10
2015_06635.JPEG,365,175,447,357,82,182,10
2015_06635.JPEG,118,107,197,368,79,261,10
2015_06635.JPEG,189,146,259,359,70,213,10
2015_06635.JPEG,273,45,383,368,110,323,10
2015_06636.JPEG,153,264,226,332,73,68,10
2015_06636.JPEG,304,262,350,335,46,73,10
2015_06636.JPEG,260,239,307,352,47,113,10
2015_06636.JPEG,246,242,277,319,31,77,10
2015_06637.JPEG,6,189,488,370,482,181,11
2015_06637.JPEG,95,131,191,195,96,64,10
2015_06637.JPEG,37,63,178,246,141,183,10
2015_06637.JPEG,251,110,278,143,27,33,10
2015_06637.JPEG,228,127,349,203,121,76,10
2015_06637.JPEG,303,165,462,207,159,42,11
2015_06638.JPEG,347,152,380,225,33,73,10
2015_06638.JPEG,184,46,321,334,137,288,10
2015_06638.JPEG,295,162,342,251,47,89,10
2015_06638.JPEG,364,112,447,226,83,114,10
2015_06639.JPEG,37,62,75,157,38,95,10
2015_06639.JPEG,302,69,348,235,46,166,10
2015_06639.JPEG,319,87,388,271,69,184,10
2015_06639.JPEG,438,12,494,332,56,320,10
2015_06639.JPEG,99,56,160,239,61,183,10
2015_06640.JPEG,372,40,478,345,106,305,10
2015_06640.JPEG,45,120,161,331,116,211,10
2015_06640.JPEG,64,303,86,342,22,39,2
2015_06640.JPEG,18,292,34,328,16,36,2
2015_06640.JPEG,339,330,362,374,23,44,2
2015_06640.JPEG,259,318,280,359,21,41,2
2015_06640.JPEG,228,72,338,328,110,256,10
2015_06640.JPEG,270,61,376,349,106,288,10
2015_06641.JPEG,90,21,266,365,176,344,10
2015_06641.JPEG,299,67,496,367,197,300,10
2015_06642.JPEG,285,7,490,361,205,354,10
2015_06642.JPEG,49,5,289,263,240,258,10
2015_06643.JPEG,305,24,450,342,145,318,10
2015_06643.JPEG,435,53,483,233,48,180,10
2015_06643.JPEG,348,54,385,142,37,88,10
2015_06643.JPEG,277,40,335,223,58,183,10
2015_06643.JPEG,253,48,295,204,42,156,10
2015_06644.JPEG,52,204,363,365,311,161,11
2015_06644.JPEG,408,172,457,261,49,89,10
2015_06644.JPEG,376,178,430,252,54,74,10
2015_06644.JPEG,4,87,93,367,89,280,10
2015_06644.JPEG,321,123,377,308,56,185,10
2015_06645.JPEG,211,46,380,216,169,170,10
2015_06646.JPEG,251,176,374,371,123,195,10
2015_06647.JPEG,206,240,293,325,87,85,6
2015_06647.JPEG,206,154,341,218,135,64,11
2015_06647.JPEG,344,122,372,193,28,71,10
2015_06647.JPEG,75,290,217,374,142,84,6
2015_06647.JPEG,207,243,237,294,30,51,10
2015_06647.JPEG,70,205,132,274,62,69,6
2015_06647.JPEG,131,222,210,284,79,62,6
2015_06647.JPEG,359,137,413,204,54,67,6
2015_06647.JPEG,80,223,122,288,42,65,10
2015_06648.JPEG,231,220,255,274,24,54,10
2015_06648.JPEG,237,298,276,355,39,57,10
2015_06648.JPEG,4,281,62,372,58,91,10
2015_06648.JPEG,287,306,323,351,36,45,10
2015_06648.JPEG,279,213,302,269,23,56,10
2015_06649.JPEG,140,161,289,497,149,336,10
2015_06650.JPEG,269,150,389,323,120,173,10
2015_06650.JPEG,240,194,256,232,16,38,2
2015_06650.JPEG,34,158,84,258,50,100,10
2015_06650.JPEG,150,161,238,292,88,131,10
2015_06650.JPEG,61,159,122,270,61,111,10
2015_06650.JPEG,98,164,162,287,64,123,10
2015_06651.JPEG,222,98,270,190,48,92,10
2015_06651.JPEG,140,38,177,128,37,90,10
2015_06651.JPEG,155,61,211,235,56,174,10
2015_06651.JPEG,62,79,160,336,98,257,10
2015_06652.JPEG,109,68,241,273,132,205,10
2015_06653.JPEG,153,99,233,311,80,212,10
2015_06654.JPEG,135,173,250,490,115,317,10
2015_06655.JPEG,187,160,222,220,35,60,10
2015_06655.JPEG,280,216,331,295,51,79,11
2015_06655.JPEG,197,425,251,497,54,72,10
2015_06655.JPEG,57,166,85,215,28,49,10
2015_06655.JPEG,13,437,70,493,57,56,10
2015_06655.JPEG,67,427,116,498,49,71,10
2015_06655.JPEG,240,163,279,221,39,58,10
2015_06655.JPEG,111,164,147,212,36,48,10
2015_06655.JPEG,12,205,92,287,80,82,11
2015_06655.JPEG,91,204,164,277,73,73,11
2015_06655.JPEG,156,202,229,273,73,71,11
2015_06655.JPEG,150,438,198,497,48,59,10
2015_06655.JPEG,220,206,291,278,71,72,11
2015_06656.JPEG,51,116,124,372,73,256,10
2015_06656.JPEG,380,156,453,366,73,210,10
2015_06656.JPEG,226,116,311,371,85,255,10
2015_06656.JPEG,461,145,499,229,38,84,10
2015_06656.JPEG,31,110,54,153,23,43,10
2015_06656.JPEG,130,98,213,372,83,274,10
2015_06656.JPEG,183,148,228,317,45,169,10
2015_06656.JPEG,122,118,160,185,38,67,10
2015_06656.JPEG,3,85,50,370,47,285,10
2015_06656.JPEG,85,98,132,187,47,89,10
2015_06657.JPEG,138,85,351,490,213,405,10
2015_06657.JPEG,7,96,193,493,186,397,10
2015_06658.JPEG,13,122,75,237,62,115,10
2015_06658.JPEG,345,208,451,341,106,133,10
2015_06658.JPEG,157,82,225,173,68,91,10
2015_06658.JPEG,61,97,170,301,109,204,10
2015_06658.JPEG,141,91,330,355,189,264,10
2015_06659.JPEG,311,156,352,325,41,169,10
2015_06659.JPEG,227,153,288,326,61,173,10
2015_06659.JPEG,274,161,314,306,40,145,10
2015_06659.JPEG,193,138,223,192,30,54,10
2015_06659.JPEG,412,157,477,247,65,90,10
2015_06659.JPEG,324,151,426,328,102,177,10
2015_06659.JPEG,418,225,484,323,66,98,10
2015_06659.JPEG,339,140,365,195,26,55,10
2015_06659.JPEG,231,144,262,185,31,41,10
2015_06660.JPEG,115,21,195,223,80,202,10
2015_06660.JPEG,199,2,276,206,77,204,10
2015_06660.JPEG,4,4,58,172,54,168,10
2015_06660.JPEG,6,157,184,329,178,172,10
2015_06660.JPEG,295,70,322,125,27,55,6
2015_06660.JPEG,264,24,294,102,30,78,10
2015_06660.JPEG,295,37,321,67,26,30,10
2015_06660.JPEG,306,27,365,154,59,127,10
2015_06660.JPEG,341,116,397,212,56,96,10
2015_06660.JPEG,369,24,440,160,71,136,10
2015_06660.JPEG,334,114,421,230,87,116,10
2015_06660.JPEG,417,75,499,237,82,162,10
2015_06661.JPEG,41,72,177,353,136,281,10
2015_06662.JPEG,159,97,321,496,162,399,10
2015_06663.JPEG,235,164,271,322,36,158,10
2015_06663.JPEG,350,253,418,326,68,73,6
2015_06663.JPEG,206,174,243,306,37,132,10
2015_06663.JPEG,304,168,354,304,50,136,10
2015_06663.JPEG,260,168,307,320,47,152,10
2015_06663.JPEG,164,171,204,299,40,128,10
2015_06663.JPEG,344,160,407,285,63,125,10
2015_06664.JPEG,325,151,374,297,49,146,10
2015_06664.JPEG,445,104,499,325,54,221,10
2015_06665.JPEG,281,171,330,284,49,113,10
2015_06665.JPEG,261,248,318,318,57,70,10
2015_06665.JPEG,54,223,131,350,77,127,10
2015_06665.JPEG,179,50,294,353,115,303,10
2015_06666.JPEG,430,90,500,263,70,173,10
2015_06666.JPEG,3,104,105,309,102,205,10
2015_06666.JPEG,212,145,261,217,49,72,10
2015_06667.JPEG,233,191,277,295,44,104,10
2015_06668.JPEG,171,215,222,331,51,116,10
2015_06668.JPEG,236,182,293,328,57,146,10
2015_06669.JPEG,108,167,235,424,127,257,10
2015_06669.JPEG,197,57,356,445,159,388,10
2015_06670.JPEG,66,139,193,348,127,209,10
2015_06670.JPEG,246,112,327,348,81,236,10
2015_06670.JPEG,332,148,428,244,96,96,10
2015_06671.JPEG,32,53,283,370,251,317,10
2015_06672.JPEG,309,103,465,237,156,134,10
2015_06672.JPEG,179,54,273,176,94,122,10
2015_06672.JPEG,68,64,202,230,134,166,10
2015_06673.JPEG,63,193,121,291,58,98,10
2015_06673.JPEG,54,248,102,297,48,49,6
2015_06673.JPEG,227,163,258,221,31,58,10
2015_06673.JPEG,240,173,292,279,52,106,10
2015_06673.JPEG,381,185,413,241,32,56,10
2015_06674.JPEG,158,38,376,372,218,334,10
2015_06674.JPEG,26,39,187,343,161,304,10
2015_06675.jpg,271,281,351,404,80,123,10
2015_06675.jpg,344,258,426,445,82,187,10
2015_06675.jpg,420,252,487,445,67,193,10
2015_06675.jpg,488,286,581,445,93,159,10
2015_06675.jpg,569,268,692,444,123,176,10
2015_06675.jpg,263,338,346,449,83,111,10
2015_06675.jpg,180,244,295,438,115,194,10
2015_06675.jpg,482,245,576,301,94,56,10
2015_06675.jpg,157,322,239,447,82,125,10
2015_06676.jpg,1257,997,2471,3037,1214,2040,10
2015_06676.jpg,1994,1050,3142,3051,1148,2001,10
2015_06676.jpg,599,989,1420,3113,821,2124,10
2015_06676.jpg,2913,1108,3650,2910,737,1802,10
2015_06676.jpg,3712,573,4162,2211,450,1638,10
2015_06677.jpg,908,1077,2370,3020,1462,1943,10
2015_06677.jpg,140,1024,1041,3086,901,2062,10
2015_06677.jpg,1840,1037,2767,3073,927,2036,10
2015_06677.jpg,3319,1205,3818,2724,499,1519,10
2015_06677.jpg,2595,1042,3589,2998,994,1956,10
2015_06678.jpg,949,703,2324,3605,1375,2902,10
2015_06679.jpg,2158,1196,2463,2026,305,830,10
2015_06679.jpg,1902,1152,2207,2009,305,857,10
2015_06679.jpg,1456,1231,1734,1982,278,751,10
2015_06679.jpg,1694,1240,1910,1942,216,702,10
2015_06680.jpg,1941,1174,2396,2468,455,1294,10
2015_06680.jpg,1632,1236,1981,2477,349,1241,10
2015_06680.jpg,1341,1223,1672,2407,331,1184,10
2015_06680.jpg,2621,1249,3270,2755,649,1506,10
2015_06681.jpg,1668,984,2776,1836,1108,852,10
2015_06682.jpg,1743,1448,2432,2049,689,601,10
2015_06682.jpg,1456,1170,2944,2172,1488,1002,10
2015_06683.jpg,1517,1386,2988,2375,1471,989,10
2015_06683.jpg,1835,1620,2497,2260,662,640,10
2015_06684.jpg,2008,1161,2821,2636,813,1475,10
2015_06684.jpg,1420,1201,2374,3096,954,1895,10
2015_06685.jpg,1707,989,2157,1585,450,596,10
2015_06685.jpg,2387,1108,3138,3086,751,1978,10
2015_06685.jpg,855,1519,1981,3069,1126,1550,10
2015_06685.jpg,2975,1121,3403,1797,428,676,10
2015_06685.jpg,2396,1046,2745,1567,349,521,10
2015_06685.jpg,1646,1333,2503,3064,857,1731,10
2015_06685.jpg,2069,1033,2696,2936,627,1903,10
2015_06685.jpg,1252,1037,1786,1920,534,883,10
2015_06686.jpg,1252,980,2347,3091,1095,2111,10
2015_06686.jpg,2829,830,3743,3065,914,2235,10
2015_06686.jpg,2184,878,2948,3082,764,2204,10
2015_06686.jpg,634,980,1689,3082,1055,2102,10
2015_06687.JPG,273,1323,564,1618,291,295,4
2015_06687.JPG,1087,1119,1343,1608,256,489,10
2015_06688.JPG,1442,900,1871,2416,429,1516,10
2015_06689.JPG,2899,1214,3188,1622,289,408,10
2015_06689.JPG,1871,1133,2347,2233,476,1100,10
2015_06689.JPG,3468,1133,3591,1354,123,221,10
2015_06689.JPG,3187,1269,3395,1685,208,416,10
2015_06690.JPG,1773,1231,2130,2229,357,998,10
2015_06691.JPG,2321,1273,2597,1409,276,136,4
2015_06691.JPG,1841,1214,2287,1626,446,412,4
2015_06691.JPG,1578,1061,1969,2207,391,1146,10
2015_06692.JPG,3650,1019,3922,1265,272,246,4
2015_06692.JPG,1574,1201,2122,1957,548,756,10
2015_06693.JPG,1829,1265,2198,2492,369,1227,10
2015_06694.jpg,453,292,859,1170,406,878,10
2015_06694.jpg,873,267,1327,1174,454,907,10
2015_06695.jpg,615,786,841,1178,226,392,10
2015_06695.jpg,874,742,1091,1180,217,438,10
2015_06696.png,657,5,1424,893,767,888,10
2015_06697.png,474,204,696,822,222,618,10
2015_06698.png,752,57,1227,884,475,827,10
2015_06699.png,423,292,706,674,283,382,10
2015_06699.png,362,136,504,549,142,413,10
2015_06699.png,634,444,995,704,361,260,11
2015_06699.png,192,653,1175,893,983,240,11
2015_06700.png,261,68,617,877,356,809,10
2015_06701.png,818,248,1182,876,364,628,10
2015_06702.png,336,297,463,459,127,162,10
2015_06702.png,649,72,1088,827,439,755,10
2015_06703.jpg,277,277,336,417,59,140,10
2015_06704.jpg,204,232,280,459,76,227,10
2015_06704.jpg,172,373,221,467,49,94,8
2015_06705.jpg,336,283,426,573,90,290,10
2015_06705.jpg,651,289,759,659,108,370,10
2015_06706.jpg,389,280,569,701,180,421,10
2015_06707.jpg,167,350,397,971,230,621,10
2015_06708.jpg,465,204,592,426,127,222,10
2015_06709.jpg,135,317,220,596,85,279,10
2015_06710.jpg,325,189,541,708,216,519,10
2015_06710.jpg,11,330,415,999,404,669,4
2015_06711.jpg,406,678,553,750,147,72,4
2015_06711.jpg,39,484,192,996,153,512,10
2015_06711.jpg,276,443,432,1004,156,561,10
2015_06711.jpg,558,674,730,750,172,76,4
2015_06712.jpg,73,258,97,304,24,46,10
2015_06712.jpg,519,249,541,306,22,57,10
2015_06712.jpg,326,256,424,316,98,60,4
2015_06712.jpg,206,258,221,296,15,38,10
2015_06712.jpg,176,260,196,299,20,39,10
2015_06712.jpg,496,252,521,311,25,59,10
2015_06713.jpg,344,124,548,659,204,535,10
2015_06714.png,112,336,267,843,155,507,10
2015_06714.png,233,267,403,814,170,547,10
2015_06715.jpg,283,138,503,597,220,459,10
2015_06716.jpg,617,451,772,869,155,418,10
2015_06717.jpg,94,165,266,650,172,485,10
2015_06717.jpg,312,141,579,652,267,511,10
2015_06718.jpg,342,232,415,429,73,197,10
2015_06719.jpg,559,274,669,526,110,252,10
2015_06720.jpg,501,463,580,629,79,166,10
2015_06721.jpg,331,221,467,507,136,286,10
2015_06722.jpg,109,378,266,796,157,418,10
2015_06722.jpg,324,541,776,821,452,280,4
2015_06723.jpg,484,292,576,513,92,221,10
2015_06724.jpg,2156,1427,2521,1594,365,167,9
2015_06724.jpg,21,1513,367,2309,346,796,10
2015_06724.jpg,609,1438,743,1784,134,346,10
2015_06724.jpg,2684,1505,3086,1669,402,164,9
2015_06724.jpg,471,1453,590,1795,119,342,10
2015_06724.jpg,1263,1394,1527,1584,264,190,4
2015_06725.jpg,914,1479,1063,1661,149,182,8
2015_06725.jpg,1133,1304,1278,1631,145,327,10
2015_06726.jpg,398,61,492,360,94,299,10
2015_06726.jpg,169,219,319,479,150,260,10
2015_06727.jpg,143,234,333,761,190,527,10
2015_06728.jpg,486,207,557,401,71,194,10
2015_06729.jpg,513,267,610,505,97,238,10
2015_06729.jpg,584,283,682,503,98,220,10
2015_06730.jpg,177,194,311,530,134,336,10
2015_06730.jpg,496,244,577,484,81,240,10
2015_06730.jpg,578,212,660,459,82,247,10
2015_06731.jpg,688,229,743,278,55,49,4
2015_06731.jpg,408,136,600,596,192,460,10
2015_06731.jpg,223,238,401,351,178,113,4
2015_06731.jpg,590,234,690,305,100,71,4
2015_06731.jpg,844,222,896,262,52,40,4
2015_06731.jpg,49,250,254,346,205,96,4
2015_06732.jpg,373,266,454,450,81,184,10
2015_06733.jpg,457,213,522,407,65,194,10
2015_06734.jpg,202,194,353,592,151,398,10
2015_06735.jpg,192,207,254,353,62,146,10
2015_06736.jpg,79,134,538,1087,459,953,10
2015_06737.jpg,302,308,475,720,173,412,10
2015_06738.jpg,392,124,573,586,181,462,10
2015_06739.jpg,356,143,520,551,164,408,10
2015_06740.jpg,187,327,350,452,163,125,6
2015_06740.jpg,24,192,256,455,232,263,10
2015_06741.jpg,19,113,99,199,80,86,8
2015_06741.jpg,19,48,128,196,109,148,10
2015_06741.jpg,77,123,308,407,231,284,8
2015_06742.jpg,379,546,461,851,82,305,10
2015_06742.jpg,3,710,180,989,177,279,6
2015_06742.jpg,21,636,276,935,255,299,10
2015_06742.jpg,425,532,531,931,106,399,10
2015_06743.jpg,379,192,484,543,105,351,10
2015_06743.jpg,711,144,869,283,158,139,3
2015_06743.jpg,699,249,891,525,192,276,4
2015_06743.jpg,519,216,647,331,128,115,4
2015_06744.jpg,239,334,307,512,68,178,10
2015_06744.jpg,181,354,226,467,45,113,10
2015_06745.jpg,446,679,707,1326,261,647,10
2015_06746.jpg,375,306,525,503,150,197,10
2015_06747.jpg,627,167,719,440,92,273,10
2015_06747.jpg,531,198,627,450,96,252,10
2015_06747.jpg,346,227,393,351,47,124,10
2015_06748.jpg,364,89,522,510,158,421,10
2015_06748.jpg,102,142,611,440,509,298,4
2015_06749.jpg,439,477,463,516,24,39,10
2015_06749.jpg,197,471,256,513,59,42,10
2015_06749.jpg,48,474,78,533,30,59,10
2015_06749.jpg,84,470,174,537,90,67,10
2015_06749.jpg,867,477,904,525,37,48,10
2015_06749.jpg,537,498,615,653,78,155,10
2015_06749.jpg,462,477,492,514,30,37,10
2015_06749.jpg,378,475,403,513,25,38,10
2015_06750.jpg,220,406,242,452,22,46,10
2015_06750.jpg,699,393,741,425,42,32,10
2015_06750.jpg,104,410,143,481,39,71,10
2015_06750.jpg,52,417,75,470,23,53,10
2015_06750.jpg,21,419,49,471,28,52,10
2015_06750.jpg,546,397,585,428,39,31,10
2015_06750.jpg,503,398,536,428,33,30,10
2015_06750.jpg,138,409,173,460,35,51,10
2015_06750.jpg,330,403,363,446,33,43,10
2015_06750.jpg,180,407,204,455,24,48,10
2015_06751.jpg,384,447,444,507,60,60,10
2015_06751.jpg,187,465,298,708,111,243,10
2015_06751.jpg,95,460,150,633,55,173,10
2015_06751.jpg,147,476,212,628,65,152,10
2015_06751.jpg,383,470,504,720,121,250,10
2015_06751.jpg,517,445,560,496,43,51,10
2015_06751.jpg,458,445,495,490,37,45,10
2015_06751.jpg,33,475,96,637,63,162,10
2015_06752.jpg,485,436,522,550,37,114,10
2015_06752.jpg,771,389,947,713,176,324,10
2015_06752.jpg,352,427,393,561,41,134,10
2015_06752.jpg,313,422,361,598,48,176,10
2015_06752.jpg,259,431,313,580,54,149,10
2015_06752.jpg,85,452,165,565,80,113,10
2015_06752.jpg,201,425,241,517,40,92,10
2015_06752.jpg,618,419,673,506,55,87,10
2015_06752.jpg,432,421,479,562,47,141,10
2015_06752.jpg,926,426,973,596,47,170,10
2015_06753.jpg,427,879,465,956,38,77,10
2015_06753.jpg,342,894,414,940,72,46,10
2015_06753.jpg,626,875,679,981,53,106,10
2015_06753.jpg,527,924,659,1017,132,93,10
2015_06753.jpg,512,875,548,942,36,67,10
2015_06754.jpg,198,780,343,877,145,97,4
2015_06754.jpg,496,762,685,911,189,149,4
2015_06754.jpg,47,714,144,974,97,260,10
2015_06754.jpg,457,685,566,966,109,281,10
2015_06754.jpg,278,583,521,1016,243,433,10
2015_06754.jpg,117,780,227,877,110,97,4
2015_06755.jpg,429,854,486,1007,57,153,10
2015_06755.jpg,471,859,526,1013,55,154,10
2015_06755.jpg,337,860,399,988,62,128,10
2015_06755.jpg,383,852,436,1002,53,150,10
2015_06755.jpg,280,852,341,1000,61,148,10
2015_06755.jpg,215,860,268,1011,53,151,10
2015_06756.jpg,65,799,153,938,88,139,10
2015_06757.jpg,536,272,575,394,39,122,10
2015_06757.jpg,624,249,667,391,43,142,10
2015_06757.jpg,503,273,543,393,40,120,10
2015_06757.jpg,652,259,703,388,51,129,10
2015_06757.jpg,685,259,742,396,57,137,10
2015_06757.jpg,803,255,851,393,48,138,10
2015_06757.jpg,187,297,223,382,36,85,10
2015_06757.jpg,778,243,816,389,38,146,10
2015_06757.jpg,437,312,522,465,85,153,10
2015_06757.jpg,898,298,998,503,100,205,10
2015_06757.jpg,359,272,414,399,55,127,10
2015_06757.jpg,237,250,344,522,107,272,10
2015_06757.jpg,49,319,221,549,172,230,10
2015_06757.jpg,423,255,463,385,40,130,10
2015_06758.jpg,602,280,823,755,221,475,10
2015_06759.jpg,457,679,518,863,61,184,10
2015_06759.jpg,529,568,681,1018,152,450,10
2015_06759.jpg,74,457,377,993,303,536,10
2015_06759.jpg,34,543,182,1016,148,473,10
2015_06759.jpg,500,659,556,831,56,172,10
2015_06759.jpg,646,567,761,1018,115,451,10
2015_06759.jpg,389,671,453,855,64,184,10
2015_06760.jpg,156,249,377,672,221,423,10
2015_06760.jpg,301,275,485,671,184,396,10
2015_06761.jpg,135,832,296,1013,161,181,10
2015_06761.jpg,471,784,508,896,37,112,10
2015_06761.jpg,501,788,542,860,41,72,10
2015_06761.jpg,551,790,584,880,33,90,10
2015_06761.jpg,576,786,609,897,33,111,10
2015_06761.jpg,612,773,691,974,79,201,10
2015_06761.jpg,476,811,598,1013,122,202,10
2015_06761.jpg,331,959,361,1022,30,63,2
2015_06761.jpg,340,784,479,1021,139,237,10
2015_06761.jpg,325,757,369,887,44,130,10
2015_06762.jpg,148,377,178,427,30,50,10
2015_06762.jpg,66,375,100,426,34,51,10
2015_06762.jpg,91,344,132,464,41,120,10
2015_06762.jpg,525,389,555,426,30,37,10
2015_06762.jpg,692,333,737,447,45,114,10
2015_06762.jpg,809,375,833,418,24,43,10
2015_06762.jpg,963,330,1000,451,37,121,10
2015_06762.jpg,916,331,967,453,51,122,10
2015_06762.jpg,250,373,307,432,57,59,10
2015_06763.jpg,613,326,672,534,59,208,10
2015_06763.jpg,567,352,657,565,90,213,10
2015_06763.jpg,283,296,320,421,37,125,10
2015_06763.jpg,383,271,434,387,51,116,10
2015_06763.jpg,467,300,526,409,59,109,10
2015_06763.jpg,450,350,533,561,83,211,10
2015_06763.jpg,652,318,706,503,54,185,10
2015_06763.jpg,539,277,594,357,55,80,10
2015_06763.jpg,338,292,397,424,59,132,10
2015_06763.jpg,533,320,613,495,80,175,10
2015_06763.jpg,167,383,252,669,85,286,10
2015_06764.jpg,3,567,108,676,105,109,4
2015_06764.jpg,691,459,1018,652,327,193,3
2015_06764.jpg,888,534,943,758,55,224,10
2015_06764.jpg,387,580,560,651,173,71,4
2015_06764.jpg,582,563,614,634,32,71,10
2015_06764.jpg,770,531,824,752,54,221,10
2015_06764.jpg,795,542,875,760,80,218,10
2015_06765.jpg,701,440,754,656,53,216,10
2015_06765.jpg,924,455,1009,547,85,92,10
2015_06765.jpg,415,452,487,655,72,203,10
2015_06765.jpg,120,431,211,554,91,123,10
2015_06765.jpg,728,437,791,666,63,229,10
2015_06765.jpg,774,457,834,648,60,191,10
2015_06766.jpg,197,585,296,943,99,358,10
2015_06766.jpg,252,591,389,1020,137,429,10
2015_06766.jpg,4,562,156,1018,152,456,10
2015_06766.jpg,74,555,197,798,123,243,10
2015_06767.jpg,510,335,551,438,41,103,10
2015_06767.jpg,464,359,527,523,63,164,10
2015_06767.jpg,407,364,466,522,59,158,10
2015_06768.jpg,594,107,760,674,166,567,10
2015_06768.jpg,192,239,234,344,42,105,10
2015_06768.jpg,480,208,563,412,83,204,10
2015_06768.jpg,198,6,556,1015,358,1009,10
2015_06769.jpg,328,763,374,809,46,46,10
2015_06769.jpg,251,795,296,840,45,45,10
2015_06769.jpg,212,707,271,837,59,130,10
2015_06769.jpg,394,766,482,798,88,32,10
2015_06769.jpg,348,799,470,842,122,43,10
2015_06770.jpg,909,611,991,715,82,104,10
2015_06770.jpg,28,586,61,658,33,72,10
2015_06770.jpg,3,592,26,653,23,61,10
2015_06770.jpg,820,574,893,624,73,50,10
2015_06771.jpg,515,359,580,549,65,190,10
2015_06771.jpg,679,376,736,513,57,137,10
2015_06771.jpg,612,374,658,494,46,120,10
2015_06771.jpg,84,374,237,709,153,335,10
2015_06771.jpg,339,370,421,587,82,217,10
2015_06771.jpg,400,345,487,671,87,326,10
2015_06771.jpg,177,373,260,700,83,327,10
2015_06772.jpg,395,273,486,438,91,165,10
2015_06772.jpg,326,265,416,435,90,170,10
2015_06773.jpg,541,658,583,740,42,82,10
2015_06773.jpg,355,681,454,738,99,57,10
2015_06773.jpg,214,664,260,740,46,76,10
2015_06773.jpg,518,566,545,625,27,59,10
2015_06773.jpg,822,646,911,759,89,113,10
2015_06773.jpg,658,652,706,743,48,91,10
2015_06773.jpg,539,615,567,680,28,65,10
2015_06773.jpg,623,569,681,617,58,48,10
2015_06773.jpg,495,663,537,741,42,78,10
2015_06773.jpg,571,611,610,696,39,85,10
2015_06773.jpg,439,667,486,739,47,72,10
2015_06773.jpg,362,617,435,674,73,57,10
2015_06773.jpg,140,626,190,681,50,55,10
2015_06773.jpg,177,663,220,735,43,72,10
2015_06774.jpg,267,738,339,818,72,80,10
2015_06774.jpg,349,694,421,821,72,127,10
2015_06774.jpg,299,638,410,709,111,71,10
2015_06774.jpg,578,637,625,760,47,123,10
2015_06774.jpg,194,655,226,708,32,53,10
2015_06774.jpg,118,651,165,783,47,132,10
2015_06774.jpg,612,633,675,715,63,82,10
2015_06774.jpg,269,741,452,801,183,60,6
2015_06774.jpg,73,642,140,853,67,211,10
2015_06774.jpg,32,704,101,872,69,168,10
2015_06774.jpg,143,666,221,926,78,260,10
2015_06774.jpg,460,695,627,1007,167,312,10
2015_06774.jpg,596,695,717,1019,121,324,10
2015_06774.jpg,180,681,290,995,110,314,10
2015_06775.jpg,371,732,400,787,29,55,9
2015_06775.jpg,210,688,274,824,64,136,10
2015_06775.jpg,267,723,369,794,102,71,4
2015_06775.jpg,6,698,167,842,161,144,4
2015_06775.jpg,174,682,245,821,71,139,10
2015_06775.jpg,414,647,568,1006,154,359,4
2015_06776.jpg,141,52,402,532,261,480,10
2015_06777.jpg,118,234,171,357,53,123,10
2015_06777.jpg,220,222,277,360,57,138,10
2015_06778.jpg,32,26,147,215,115,189,10
2015_06779.jpg,723,273,751,363,28,90,10
2015_06779.jpg,695,272,731,367,36,95,10
2015_06780.jpg,30,261,100,327,70,66,4
2015_06780.jpg,245,155,343,460,98,305,10
2015_06780.jpg,84,257,131,307,47,50,4
2015_06781.jpg,178,338,225,482,47,144,10
2015_06781.jpg,238,346,296,475,58,129,10
2015_06781.jpg,625,326,666,359,41,33,0
2015_06782.jpg,134,927,268,1351,134,424,10
2015_06782.jpg,260,947,412,1367,152,420,10
2015_06782.jpg,836,803,1232,1159,396,356,4
2015_06782.jpg,354,905,434,1203,80,298,10
2015_06782.jpg,598,909,720,1239,122,330,10
2015_06782.jpg,446,915,540,1221,94,306,10
2015_06783.jpg,183,31,345,365,162,334,10
2015_06784.jpg,110,200,234,333,124,133,10
2015_06785.jpg,48,134,75,194,27,60,10
2015_06786.png,106,72,171,157,65,85,10
2015_06786.png,3,60,65,349,62,289,10
2015_06786.png,212,40,310,331,98,291,10
2015_06786.png,225,139,338,504,113,365,10
2015_06787.png,533,179,607,348,74,169,10
2015_06787.png,378,172,432,355,54,183,10
2015_06787.png,527,174,560,234,33,60,10
2015_06787.png,178,178,221,287,43,109,10
2015_06787.png,453,166,518,320,65,154,10
2015_06787.png,300,157,379,358,79,201,10
2015_06787.png,206,186,258,340,52,154,10
2015_06787.png,2,178,33,281,31,103,10
2015_06787.png,110,172,157,286,47,114,10
2015_06787.png,262,174,317,332,55,158,10
2015_06787.png,250,184,275,273,25,89,10
2015_06788.png,341,119,460,423,119,304,10
2015_06788.png,216,130,340,424,124,294,10
2015_06788.png,57,116,200,442,143,326,10
2015_06788.png,5,91,69,401,64,310,10
2015_06788.png,134,117,192,209,58,92,10
2015_06788.png,196,115,269,290,73,175,10
2015_06789.png,375,109,418,261,43,152,10
2015_06789.png,423,125,472,246,49,121,10
2015_06789.png,272,95,379,445,107,350,10
2015_06790.jpg,279,624,348,795,69,171,10
2015_06791.jpg,233,59,853,761,620,702,10
2015_06792.jpg,18,208,147,280,129,72,4
2015_06792.jpg,314,216,374,371,60,155,10
2015_06792.jpg,359,223,414,275,55,52,4
2015_06792.jpg,422,227,456,261,34,34,4
2015_06792.jpg,460,229,508,267,48,38,4
2015_06792.jpg,269,218,315,251,46,33,4
2015_06792.jpg,160,220,275,300,115,80,4
2015_06793.png,529,60,576,180,47,120,10
2015_06793.png,292,28,456,358,164,330,10
2015_06793.png,654,61,696,174,42,113,10
2015_06794.jpg,461,554,548,733,87,179,10
2015_06795.jpg,446,363,514,555,68,192,10
2015_06796.jpg,633,382,692,527,59,145,10
2015_06797.jpg,253,305,334,560,81,255,10
2015_06797.jpg,413,404,509,536,96,132,6
2015_06797.jpg,355,361,414,437,59,76,6
2015_06798.jpg,510,489,742,1135,232,646,10
2015_06799.jpg,1343,481,2098,2404,755,1923,10
2015_06799.jpg,342,526,1260,2425,918,1899,10
2015_06799.jpg,740,485,1568,2398,828,1913,10
2015_06799.jpg,2293,474,2726,2383,433,1909,10
2015_06799.jpg,1859,429,2497,2397,638,1968,10
2015_06799.jpg,2597,350,3252,2429,655,2079,10
2015_06800.jpg,2615,925,3055,2405,440,1480,10
2015_06800.jpg,2435,772,2837,2196,402,1424,10
2015_06800.jpg,2258,925,2549,2200,291,1275,10
2015_06800.jpg,487,724,1097,2422,610,1698,10
2015_06800.jpg,907,804,1288,2336,381,1532,10
2015_06800.jpg,37,686,380,2244,343,1558,10
2015_06800.jpg,290,741,602,2096,312,1355,10
2015_06800.jpg,505,817,734,1098,229,281,10
2015_06800.jpg,1544,814,1845,2332,301,1518,10
2015_06800.jpg,1721,793,2192,2411,471,1618,10
2015_06800.jpg,2459,790,2698,1143,239,353,10
2015_06800.jpg,1177,713,1718,2394,541,1681,10
2015_06800.jpg,2026,810,2317,2366,291,1556,10
2015_06801.jpg,309,322,448,416,139,94,4
2015_06801.jpg,198,307,239,358,41,51,10
2015_06801.jpg,52,338,159,427,107,89,4
2015_06801.jpg,10,218,114,537,104,319,10
2015_06801.jpg,239,185,372,579,133,394,10
2015_06802.jpg,454,528,557,799,103,271,10
2015_06802.jpg,399,561,479,786,80,225,10
2015_06802.jpg,327,566,405,787,78,221,10
2015_06803.jpg,256,198,310,364,54,166,10
2015_06803.jpg,286,197,364,388,78,191,10
2015_06803.jpg,559,320,671,498,112,178,0
2015_06803.jpg,412,210,453,332,41,122,10
2015_06804.png,641,133,852,702,211,569,10
2015_06805.png,228,8,549,533,321,525,10
2015_06806.png,444,159,576,451,132,292,10
2015_06807.png,1126,271,1231,545,105,274,10
2015_06807.png,104,87,721,713,617,626,10
2015_06807.png,701,93,1079,700,378,607,10
2015_06807.png,485,167,706,711,221,544,10
2015_06807.png,75,102,245,650,170,548,10
2015_06808.png,522,195,633,467,111,272,10
2015_06808.png,70,361,317,612,247,251,6
2015_06808.png,778,527,1270,710,492,183,11
2015_06808.png,621,182,770,571,149,389,10
2015_06809.png,603,335,668,437,65,102,8
2015_06809.png,640,262,712,428,72,166,10
2015_06810.png,611,14,722,441,111,427,10
2015_06810.png,553,56,651,423,98,367,10
2015_06810.png,433,25,588,426,155,401,10
2015_06811.png,619,78,812,524,193,446,10
2015_06812.png,1491,14,1895,1041,404,1027,10
2015_06812.png,984,271,1114,801,130,530,10
2015_06812.png,313,146,545,945,232,799,10
2015_06812.png,615,342,727,707,112,365,10
2015_06813.png,746,112,909,406,163,294,10
2015_06814.png,558,334,635,516,77,182,10
2015_06814.png,640,249,703,390,63,141,10
2015_06815.png,861,194,982,520,121,326,10
2015_06815.png,758,190,883,516,125,326,10
2015_06816.png,835,103,941,535,106,432,10
2015_06816.png,750,175,844,507,94,332,10
2015_06816.png,629,110,769,518,140,408,10
2015_06817.png,1037,132,1475,1000,438,868,10
2015_06818.png,935,206,1216,842,281,636,10
2015_06819.png,766,399,1227,1002,461,603,10
2015_06820.png,886,371,1190,950,304,579,10
2015_06821.png,475,166,709,510,234,344,10
2015_06822.png,414,65,610,486,196,421,10
2015_06823.png,664,22,906,473,242,451,10
2015_06824.png,361,326,421,439,60,113,10
2015_06825.png,531,139,789,517,258,378,10
2015_06825.png,762,161,936,517,174,356,10
2015_06826.png,258,198,423,383,165,185,10
2015_06826.png,206,54,295,250,89,196,10
2015_06827.png,493,303,813,483,320,180,6
2015_06827.png,277,139,343,318,66,179,10
2015_06828.png,1017,14,1575,632,558,618,10
2015_06828.png,171,320,644,931,473,611,10
2015_06828.png,589,132,1084,923,495,791,10
2015_06829.png,701,237,903,549,202,312,10
2015_06829.png,466,229,700,773,234,544,10
2015_06829.png,1051,199,1251,342,200,143,10
2015_06829.png,752,256,1149,916,397,660,10
2015_06830.png,645,14,1120,950,475,936,10
2015_06830.png,1219,87,1572,933,353,846,10
2015_06830.png,87,138,678,954,591,816,10
2015_06831.png,476,57,582,482,106,425,10
2015_06832.png,164,362,519,603,355,241,10
2015_06832.png,834,25,1016,446,182,421,10
2015_06833.png,623,152,778,467,155,315,10
2015_06833.png,219,192,327,468,108,276,10
2015_06834.png,409,223,538,465,129,242,10
2015_06835.png,271,301,365,449,94,148,10
2015_06836.png,822,151,963,661,141,510,10
2015_06836.png,672,183,847,671,175,488,10
2015_06837.png,664,291,858,705,194,414,10
2015_06838.png,402,265,530,584,128,319,10
2015_06838.png,541,300,621,521,80,221,10
2015_06839.png,912,125,964,292,52,167,10
2015_06839.png,849,140,907,317,58,177,10
2015_06840.png,62,91,258,693,196,602,10
2015_06840.png,795,246,973,535,178,289,10
2015_06840.png,291,466,413,658,122,192,6
2015_06841.png,399,132,540,306,141,174,10
2015_06841.png,142,134,502,697,360,563,10
2015_06841.png,546,68,979,703,433,635,10
2015_06841.png,527,122,652,319,125,197,10
2015_06842.png,8,4,206,701,198,697,10
2015_06842.png,617,439,921,708,304,269,10
2015_06842.png,632,286,830,676,198,390,10
2015_06842.png,376,96,540,604,164,508,10
2015_06843.png,670,15,1059,696,389,681,10
2015_06843.png,138,81,506,701,368,620,10
2015_06844.png,136,8,491,701,355,693,10
2015_06844.png,615,183,1082,714,467,531,10
2015_06844.png,486,610,611,717,125,107,6
2015_06845.png,628,7,844,697,216,690,10
2015_06846.png,239,88,1079,713,840,625,10
2015_06847.png,282,34,752,705,470,671,10
2015_06848.png,273,42,523,697,250,655,10
2015_06849.jpg,371,212,422,282,51,70,4
2015_06849.jpg,329,120,637,680,308,560,10
2015_06849.jpg,541,206,708,342,167,136,4
2015_06849.jpg,68,204,161,279,93,75,4
2015_06849.jpg,17,214,66,277,49,63,4
2015_06850.jpg,602,45,727,478,125,433,10
2015_06851.jpg,448,257,535,460,87,203,10
2015_06851.jpg,574,282,614,352,40,70,10
2015_06851.jpg,626,251,671,374,45,123,10
2015_06851.jpg,685,256,796,462,111,206,10
2015_06852.jpg,84,311,316,372,232,61,11
2015_06852.jpg,9,180,294,342,285,162,6
2015_06853.jpg,195,235,398,364,203,129,11
2015_06853.jpg,10,205,202,366,192,161,6
2015_06854.jpg,20,64,479,314,459,250,11
2015_06854.jpg,204,142,346,303,142,161,5
2015_06855.jpg,9,193,86,278,77,85,11
2015_06855.jpg,32,284,137,443,105,159,7
2015_06855.jpg,6,232,98,483,92,251,11
2015_06855.jpg,45,13,367,492,322,479,11
2015_06856.jpg,175,214,222,275,47,61,6
2015_06856.jpg,407,249,475,301,68,52,6
2015_06856.jpg,365,228,413,310,48,82,6
2015_06856.jpg,341,221,374,288,33,67,6
2015_06856.jpg,319,215,350,283,31,68,6
2015_06856.jpg,280,213,312,258,32,45,6
2015_06856.jpg,247,209,287,270,40,61,6
2015_06856.jpg,306,266,401,359,95,93,6
2015_06856.jpg,427,236,482,275,55,39,11
2015_06856.jpg,157,284,238,373,81,89,6
2015_06856.jpg,108,208,145,282,37,74,6
2015_06856.jpg,9,214,64,369,55,155,6
2015_06856.jpg,136,217,192,243,56,26,11
2015_06856.jpg,152,237,229,274,77,37,11
2015_06856.jpg,193,269,322,366,129,97,11
2015_06856.jpg,135,259,182,370,47,111,6
2015_06856.jpg,237,291,494,354,257,63,11
2015_06857.jpg,363,236,416,284,53,48,6
2015_06857.jpg,192,257,288,372,96,115,6
2015_06857.jpg,149,250,210,367,61,117,6
2015_06857.jpg,112,248,173,370,61,122,6
2015_06857.jpg,85,241,129,370,44,129,6
2015_06857.jpg,64,236,104,356,40,120,6
2015_06857.jpg,264,226,303,278,39,52,6
2015_06857.jpg,303,229,356,280,53,51,6
2015_06857.jpg,231,226,259,272,28,46,6
2015_06857.jpg,100,252,431,366,331,114,11
2015_06858.jpg,56,215,162,349,106,134,6
2015_06858.jpg,302,139,379,214,77,75,6
2015_06858.jpg,23,189,304,348,281,159,11
2015_06858.jpg,407,129,497,194,90,65,6
2015_06858.jpg,206,218,325,366,119,148,6
2015_06858.jpg,352,165,415,222,63,57,11
2015_06859.jpg,94,266,383,371,289,105,11
2015_06859.jpg,3,139,332,335,329,196,6
2015_06859.jpg,307,151,497,366,190,215,6
2015_06860.jpg,238,268,334,362,96,94,11
2015_06860.jpg,343,217,499,371,156,154,6
2015_06860.jpg,40,228,207,370,167,142,6
2015_06861.jpg,137,190,262,287,125,97,11
2015_06861.jpg,244,117,461,242,217,125,6
2015_06861.jpg,253,176,496,328,243,152,6
2015_06862.jpg,211,206,286,342,75,136,6
2015_06862.jpg,129,177,206,333,77,156,6
2015_06862.jpg,92,168,157,294,65,126,6
2015_06862.jpg,91,185,309,339,218,154,11
2015_06863.jpg,126,143,207,287,81,144,6
2015_06863.jpg,268,137,376,282,108,145,6
2015_06863.jpg,180,258,436,372,256,114,11
2015_06863.jpg,11,176,173,322,162,146,11
2015_06864.jpg,251,300,594,562,343,262,11
2015_06865.jpg,36,267,791,756,755,489,11
2015_06865.jpg,11,127,346,452,335,325,4
2015_06865.jpg,236,71,564,268,328,197,4
2015_06866.jpg,10,78,73,185,63,107,10
2015_06866.jpg,248,142,404,324,156,182,10
2015_06866.jpg,405,118,490,203,85,85,10
2015_06866.jpg,88,94,152,189,64,95,10
2015_06866.jpg,196,148,295,267,99,119,10
2015_06866.jpg,480,128,543,202,63,74,10
2015_06866.jpg,564,116,626,223,62,107,10
2015_06866.jpg,691,127,765,228,74,101,10
2015_06866.jpg,232,237,452,460,220,223,6
2015_06866.jpg,562,251,691,455,129,204,6
2015_06866.jpg,668,243,758,461,90,218,6
2015_06866.jpg,79,202,228,390,149,188,11
2015_06866.jpg,378,230,652,478,274,248,11
2015_06866.jpg,518,135,638,273,120,138,10
2015_06867.jpg,169,158,374,333,205,175,11
2015_06867.jpg,124,137,206,213,82,76,6
2015_06867.jpg,91,150,211,328,120,178,6
2015_06867.jpg,327,131,394,200,67,69,6
2015_06867.jpg,347,138,419,221,72,83,6
2015_06867.jpg,336,149,459,332,123,183,6
2015_06867.jpg,151,133,221,202,70,69,6
2015_06868.jpg,25,294,104,412,79,118,6
2015_06868.jpg,225,378,270,440,45,62,7
2015_06868.jpg,629,266,695,319,66,53,6
2015_06868.jpg,766,275,850,416,84,141,6
2015_06868.jpg,935,293,1013,377,78,84,6
2015_06868.jpg,54,274,356,376,302,102,11
2015_06868.jpg,923,260,964,292,41,32,7
2015_06868.jpg,323,258,516,332,193,74,11
2015_06868.jpg,859,270,906,312,47,42,7
2015_06868.jpg,436,246,458,284,22,38,7
2015_06868.jpg,385,251,401,289,16,38,7
2015_06868.jpg,233,276,266,330,33,54,7
2015_06868.jpg,483,324,520,381,37,57,7
2015_06868.jpg,611,246,765,311,154,65,11
2015_06868.jpg,802,269,993,426,191,157,11
2015_06868.jpg,552,290,793,466,241,176,11
2015_06868.jpg,46,363,621,670,575,307,11
2015_06868.jpg,517,418,1028,668,511,250,11
2015_06868.jpg,368,345,401,404,33,59,7
2015_06868.jpg,339,391,518,644,179,253,6
2015_06868.jpg,190,363,225,427,35,64,7
2015_06868.jpg,471,264,534,347,63,83,6
2015_06868.jpg,675,325,800,474,125,149,6
2015_06868.jpg,479,356,622,538,143,182,6
2015_06868.jpg,87,305,163,410,76,105,6
2015_06868.jpg,979,392,1017,460,38,68,7
2015_06868.jpg,932,387,967,455,35,68,7
2015_06868.jpg,842,432,884,512,42,80,7
2015_06868.jpg,170,319,262,402,92,83,6
2015_06868.jpg,407,280,480,347,73,67,6
2015_06868.jpg,745,491,784,575,39,84,7
2015_06868.jpg,172,408,370,675,198,267,6
2015_06868.jpg,799,486,840,575,41,89,7
2015_06869.jpg,129,417,411,552,282,135,6
2015_06869.jpg,311,406,478,505,167,99,11
2015_06870.jpg,7,21,270,311,263,290,11
2015_06871.jpg,347,184,388,255,41,71,7
2015_06871.jpg,14,230,490,296,476,66,11
2015_06871.jpg,162,206,196,259,34,53,7
2015_06871.jpg,51,56,216,241,165,185,10
2015_06871.jpg,344,52,463,236,119,184,10
2015_06872.jpg,106,196,330,414,224,218,11
2015_06872.jpg,231,189,335,279,104,90,6
2015_06872.jpg,69,200,174,381,105,181,6
2015_06873.jpg,788,489,885,618,97,129,6
2015_06873.jpg,778,482,1028,609,250,127,11
2015_06873.jpg,934,477,965,519,31,42,2
2015_06874.jpg,165,296,391,657,226,361,6
2015_06874.jpg,679,177,867,382,188,205,10
2015_06874.jpg,398,341,934,661,536,320,11
2015_06874.jpg,309,333,664,660,355,327,6
2015_06875.jpg,223,463,430,541,207,78,11
2015_06875.jpg,750,467,970,538,220,71,11
2015_06875.jpg,698,535,1021,714,323,179,11
2015_06875.jpg,496,457,676,537,180,80,11
2015_06875.jpg,108,522,507,747,399,225,11
2015_06876.jpg,26,201,532,429,506,228,11
2015_06877.jpg,151,175,336,411,185,236,6
2015_06877.jpg,351,174,566,406,215,232,6
2015_06877.jpg,306,169,642,284,336,115,11
2015_06877.jpg,9,134,290,232,281,98,11
2015_06878.jpg,473,184,493,239,20,55,2
2015_06878.jpg,305,175,453,318,148,143,6
2015_06878.jpg,439,225,560,337,121,112,11
2015_06878.jpg,460,199,476,242,16,43,7
2015_06879.jpg,8,439,560,704,552,265,11
2015_06880.jpg,5,258,20,283,15,25,7
2015_06880.jpg,161,267,320,342,159,75,11
2015_06880.jpg,3,257,120,347,117,90,11
2015_06880.jpg,72,229,232,309,160,80,6
2015_06880.jpg,253,242,348,358,95,116,6
2015_06880.jpg,331,233,415,330,84,97,6
2015_06880.jpg,175,204,235,282,60,78,10
2015_06881.jpg,156,603,807,958,651,355,11
2015_06881.jpg,840,606,908,711,68,105,6
2015_06881.jpg,565,652,686,852,121,200,6
2015_06881.jpg,445,664,620,868,175,204,6
2015_06881.jpg,158,601,379,739,221,138,11
2015_06881.jpg,170,711,218,762,48,51,2
2015_06881.jpg,626,628,655,676,29,48,2
2015_06881.jpg,424,661,466,712,42,51,7
2015_06881.jpg,705,611,729,652,24,41,2
2015_06882.jpg,530,472,614,562,84,90,6
2015_06882.jpg,376,622,421,763,45,141,6
2015_06882.jpg,300,533,407,690,107,157,6
2015_06882.jpg,335,513,431,643,96,130,6
2015_06882.jpg,821,493,985,623,164,130,11
2015_06882.jpg,700,597,963,761,263,164,11
2015_06882.jpg,396,476,480,569,84,93,6
2015_06882.jpg,228,483,280,537,52,54,6
2015_06882.jpg,118,534,260,677,142,143,6
2015_06882.jpg,405,600,564,767,159,167,11
2015_06882.jpg,735,458,813,575,78,117,11
2015_06882.jpg,601,458,678,544,77,86,11
2015_06882.jpg,634,509,773,695,139,186,11
2015_06882.jpg,474,464,542,524,68,60,11
2015_06882.jpg,443,511,554,620,111,109,11
2015_06882.jpg,735,531,842,624,107,93,6
2015_06882.jpg,8,625,197,762,189,137,11
2015_06882.jpg,205,501,353,698,148,197,11
2015_06882.jpg,537,529,630,667,93,138,6
2015_06882.jpg,533,606,682,756,149,150,6
2015_06882.jpg,333,472,403,568,70,96,11
2015_06883.jpg,342,239,644,549,302,310,11
2015_06884.jpg,425,188,530,282,105,94,11
2015_06885.jpg,682,391,911,603,229,212,6
2015_06885.jpg,573,330,716,441,143,111,6
2015_06885.jpg,9,410,156,614,147,204,6
2015_06885.jpg,158,368,292,571,134,203,6
2015_06885.jpg,558,414,676,615,118,201,11
2015_06885.jpg,48,361,248,586,200,225,11
2015_06886.jpg,235,320,756,667,521,347,11
2015_06886.jpg,561,316,825,637,264,321,6
2015_06886.jpg,346,142,843,646,497,504,10
2015_06887.jpg,36,178,68,246,32,68,2
2015_06887.jpg,16,224,54,267,38,43,7
2015_06887.jpg,133,220,316,336,183,116,6
2015_06887.jpg,157,108,314,301,157,193,10
2015_06887.jpg,7,210,156,334,149,124,11
2015_06888.jpg,533,337,571,381,38,44,7
2015_06888.jpg,457,313,491,362,34,49,7
2015_06888.jpg,415,306,462,336,47,30,7
2015_06888.jpg,169,523,856,731,687,208,11
2015_06888.jpg,346,309,722,531,376,222,11
2015_06888.jpg,400,243,591,308,191,65,11
2015_06888.jpg,397,201,525,249,128,48,11
2015_06888.jpg,926,275,954,317,28,42,7
2015_06888.jpg,839,229,860,258,21,29,7
2015_06888.jpg,790,269,920,407,130,138,6
2015_06888.jpg,725,264,834,424,109,160,6
2015_06888.jpg,708,236,793,313,85,77,6
2015_06888.jpg,741,380,951,618,210,238,6
2015_06888.jpg,644,338,851,545,207,207,6
2015_06888.jpg,547,299,736,537,189,238,6
2015_06888.jpg,710,235,956,322,246,87,11
2015_06888.jpg,558,227,631,331,73,104,6
2015_06888.jpg,450,255,478,280,28,25,7
2015_06888.jpg,451,233,473,260,22,27,7
2015_06888.jpg,501,306,542,354,41,48,7
2015_06888.jpg,441,353,492,402,51,49,7
2015_06888.jpg,562,570,645,692,83,122,7
2015_06888.jpg,605,251,700,376,95,125,6
2015_06888.jpg,296,213,384,322,88,109,6
2015_06888.jpg,276,242,394,436,118,194,6
2015_06888.jpg,145,290,338,546,193,256,6
2015_06888.jpg,77,328,298,552,221,224,6
2015_06888.jpg,119,387,276,668,157,281,6
2015_06888.jpg,360,233,461,333,101,100,6
2015_06889.jpg,130,249,226,376,96,127,6
2015_06889.jpg,41,270,152,396,111,126,11
2015_06889.jpg,35,242,103,364,68,122,6
2015_06889.jpg,331,233,411,262,80,29,11
2015_06889.jpg,103,235,170,260,67,25,11
2015_06890.jpg,468,216,494,255,26,39,10
2015_06890.jpg,498,217,519,239,21,22,10
2015_06890.jpg,522,214,551,237,29,23,10
2015_06890.jpg,47,274,148,351,101,77,11
2015_06890.jpg,390,265,462,316,72,51,11
2015_06890.jpg,456,209,475,244,19,35,10
2015_06890.jpg,42,197,72,232,30,35,10
2015_06890.jpg,61,102,83,160,22,58,10
2015_06890.jpg,76,102,109,154,33,52,10
2015_06890.jpg,269,295,393,397,124,102,11
2015_06890.jpg,421,212,455,249,34,37,10
2015_06890.jpg,222,201,251,236,29,35,10
2015_06890.jpg,313,219,348,258,35,39,10
2015_06890.jpg,204,236,277,313,73,77,10
2015_06890.jpg,34,275,98,363,64,88,6
2015_06890.jpg,194,206,220,233,26,27,10
2015_06890.jpg,71,191,100,227,29,36,10
2015_06890.jpg,117,287,173,373,56,86,6
2015_06890.jpg,279,309,351,406,72,97,6
2015_06890.jpg,254,229,310,290,56,61,10
2015_06890.jpg,151,195,213,287,62,92,10
2015_06890.jpg,347,293,408,398,61,105,6
2015_06890.jpg,233,294,296,388,63,94,6
2015_06891.jpg,289,212,316,260,27,48,7
2015_06891.jpg,322,133,476,336,154,203,10
2015_06891.jpg,190,224,350,338,160,114,11
2015_06891.jpg,102,146,224,326,122,180,10
2015_06892.jpg,164,151,184,186,20,35,7
2015_06892.jpg,123,55,283,288,160,233,10
2015_06892.jpg,317,143,336,173,19,30,7
2015_06892.jpg,282,69,373,287,91,218,10
2015_06892.jpg,100,110,246,281,146,171,6
2015_06892.jpg,379,183,481,270,102,87,11
2015_06892.jpg,265,117,383,262,118,145,6
2015_06893.jpg,322,195,597,421,275,226,6
2015_06893.jpg,2,195,141,411,139,216,6
2015_06893.jpg,115,236,451,411,336,175,11
2015_06893.jpg,97,185,226,416,129,231,6
2015_06894.jpg,415,211,481,271,66,60,10
2015_06894.jpg,204,175,235,238,31,63,10
2015_06894.jpg,135,171,180,232,45,61,10
2015_06894.jpg,244,225,331,258,87,33,11
2015_06894.jpg,217,266,306,334,89,68,11
2015_06894.jpg,52,228,126,320,74,92,11
2015_06894.jpg,12,213,83,315,71,102,6
2015_06894.jpg,77,234,164,328,87,94,6
2015_06894.jpg,155,241,234,328,79,87,6
2015_06894.jpg,415,196,439,230,24,34,10
2015_06894.jpg,274,280,376,333,102,53,6
2015_06895.jpg,66,581,195,746,129,165,6
2015_06895.jpg,324,588,438,740,114,152,6
2015_06895.jpg,173,594,346,751,173,157,11
2015_06896.jpg,208,273,559,513,351,240,11
2015_06897.jpg,77,193,97,214,20,21,0
2015_06897.jpg,420,229,477,301,57,72,6
2015_06897.jpg,213,278,315,334,102,56,6
2015_06897.jpg,352,196,420,219,68,23,6
2015_06897.jpg,172,244,224,334,52,90,6
2015_06897.jpg,20,270,94,325,74,55,6
2015_06897.jpg,336,233,421,270,85,37,11
2015_06897.jpg,297,209,349,252,52,43,0
2015_06897.jpg,302,242,362,332,60,90,6
2015_06897.jpg,207,248,316,298,109,50,11
2015_06897.jpg,211,200,288,224,77,24,6
2015_06897.jpg,371,244,442,335,71,91,6
2015_06897.jpg,294,199,319,221,25,22,6
2015_06897.jpg,3,188,65,218,62,30,0
2015_06898.jpg,256,98,416,304,160,206,6
2015_06898.jpg,130,118,196,191,66,73,6
2015_06898.jpg,5,149,133,190,128,41,11
2015_06898.jpg,10,183,362,301,352,118,11
2015_06899.jpg,338,196,430,321,92,125,6
2015_06899.jpg,8,202,96,262,88,60,11
2015_06899.jpg,157,247,322,327,165,80,11
2015_06899.jpg,194,205,256,284,62,79,6
2015_06900.jpg,192,156,415,327,223,171,11
2015_06900.jpg,27,27,268,310,241,283,8
2015_06900.jpg,3,121,198,327,195,206,6
2015_06901.jpg,450,432,738,669,288,237,6
2015_06901.jpg,162,340,742,656,580,316,11
2015_06902.jpg,554,358,741,497,187,139,11
2015_06902.jpg,95,454,299,700,204,246,6
2015_06902.jpg,124,377,363,560,239,183,11
2015_06902.jpg,340,375,483,517,143,142,11
2015_06902.jpg,464,395,676,642,212,247,11
2015_06903.jpg,629,260,733,605,104,345,10
2015_06903.jpg,182,467,354,627,172,160,6
2015_06903.jpg,375,470,488,636,113,166,6
2015_06903.jpg,477,522,642,695,165,173,6
2015_06903.jpg,7,576,219,798,212,222,6
2015_06903.jpg,460,158,484,227,24,69,10
2015_06903.jpg,617,158,648,234,31,76,10
2015_06903.jpg,57,448,333,565,276,117,11
2015_06903.jpg,279,402,314,450,35,48,7
2015_06903.jpg,587,282,666,578,79,296,10
2015_06903.jpg,353,553,406,637,53,84,7
2015_06903.jpg,549,153,585,253,36,100,10
2015_06903.jpg,527,161,552,237,25,76,10
2015_06903.jpg,476,160,507,234,31,74,10
2015_06903.jpg,318,399,352,435,34,36,7
2015_06903.jpg,569,157,606,231,37,74,10
2015_06903.jpg,399,657,758,801,359,144,6
2015_06903.jpg,233,616,501,768,268,152,11
2015_06903.jpg,196,354,325,474,129,120,10
2015_06903.jpg,306,357,459,590,153,233,10
2015_06903.jpg,428,360,558,574,130,214,10
2015_06904.jpg,296,75,443,251,147,176,10
2015_06904.jpg,258,179,288,220,30,41,7
2015_06904.jpg,13,186,477,314,464,128,11
2015_06905.jpg,20,164,380,294,360,130,11
2015_06905.jpg,247,74,406,267,159,193,10
2015_06906.jpg,262,85,451,289,189,204,6
2015_06906.jpg,154,135,313,294,159,159,8
2015_06906.jpg,72,112,237,251,165,139,11
2015_06907.jpg,17,270,182,408,165,138,11
2015_06907.jpg,4,309,54,419,50,110,6
2015_06907.jpg,280,247,320,294,40,47,6
2015_06907.jpg,390,245,448,312,58,67,6
2015_06907.jpg,201,253,259,329,58,76,6
2015_06907.jpg,366,241,402,298,36,57,6
2015_06908.jpg,62,198,247,380,185,182,11
2015_06908.jpg,228,190,353,364,125,174,6
2015_06908.jpg,96,190,198,394,102,204,6
2015_06909.jpg,167,514,327,703,160,189,11
2015_06909.jpg,347,528,510,792,163,264,6
2015_06909.jpg,223,441,285,532,62,91,6
2015_06910.jpg,116,344,662,657,546,313,11
2015_06911.jpg,5,191,102,309,97,118,11
2015_06911.jpg,20,167,117,192,97,25,11
2015_06911.jpg,83,107,107,147,24,40,10
2015_06911.jpg,76,184,150,308,74,124,6
2015_06911.jpg,128,144,150,191,22,47,6
2015_06911.jpg,66,149,126,167,60,18,11
2015_06911.jpg,85,168,129,228,44,60,6
2015_06912.jpg,241,109,316,199,75,90,7
2015_06912.jpg,5,39,479,331,474,292,11
2015_06913.jpg,14,363,301,393,287,30,11
2015_06913.jpg,5,393,576,585,571,192,11
2015_06914.jpg,17,582,994,1052,977,470,11
2015_06914.jpg,1340,585,1396,656,56,71,7
2015_06914.jpg,852,595,1503,1040,651,445,11
2015_06915.jpg,62,179,436,415,374,236,11
2015_06915.jpg,345,18,639,409,294,391,10
2015_06916.jpg,7,148,187,335,180,187,11
2015_06917.jpg,258,266,679,553,421,287,11
2015_06917.jpg,638,253,955,416,317,163,11
2015_06918.jpg,278,187,507,327,229,140,6
2015_06918.jpg,3,226,155,333,152,107,11
2015_06919.jpg,8,235,196,338,188,103,11
2015_06919.jpg,439,243,553,361,114,118,11
2015_06919.jpg,549,219,631,375,82,156,6
2015_06919.jpg,275,264,346,314,71,50,6
2015_06919.jpg,8,332,179,426,171,94,11
2015_06919.jpg,124,202,205,297,81,95,6
2015_06920.jpg,82,196,429,381,347,185,11
2015_06921.jpg,305,181,573,393,268,212,6
2015_06921.jpg,6,265,520,373,514,108,11
2015_06922.jpg,504,576,925,887,421,311,11
2015_06923.jpg,309,677,1345,904,1036,227,11
2015_06924.jpg,345,222,399,242,54,20,11
2015_06924.jpg,8,292,103,337,95,45,11
2015_06924.jpg,180,250,265,279,85,29,11
2015_06924.jpg,518,260,602,291,84,31,11
2015_06924.jpg,282,237,343,258,61,21,11
2015_06924.jpg,282,422,547,480,265,58,11
2015_06924.jpg,27,272,142,396,115,124,6
2015_06924.jpg,6,331,128,472,122,141,6
2015_06924.jpg,126,273,234,410,108,137,6
2015_06924.jpg,203,275,291,378,88,103,6
2015_06924.jpg,334,235,390,304,56,69,6
2015_06924.jpg,436,308,578,358,142,50,11
2015_06924.jpg,264,247,340,343,76,96,6
2015_06925.jpg,6,366,113,462,107,96,11
2015_06925.jpg,6,314,164,370,158,56,11
2015_06926.jpg,757,434,957,518,200,84,11
2015_06926.jpg,662,404,834,454,172,50,11
2015_06926.jpg,354,430,586,679,232,249,11
2015_06926.jpg,708,439,950,706,242,267,6
2015_06926.jpg,425,456,576,709,151,253,6
2015_06926.jpg,565,419,728,652,163,233,6
2015_06926.jpg,224,422,383,685,159,263,6
2015_06927.jpg,212,187,503,421,291,234,11
2015_06927.jpg,102,160,258,405,156,245,6
2015_06928.jpg,5,135,579,409,574,274,11
2015_06929.jpg,5,62,242,358,237,296,6
2015_06929.jpg,199,88,447,351,248,263,6
2015_06929.jpg,218,152,246,216,28,64,7
2015_06929.jpg,201,150,228,205,27,55,7
2015_06929.jpg,136,147,168,211,32,64,7
2015_06929.jpg,79,184,350,278,271,94,11
2015_06930.jpg,60,261,363,408,303,147,11
2015_06931.jpg,503,383,1248,738,745,355,6
2015_06931.jpg,1630,249,1743,415,113,166,6
2015_06931.jpg,1500,238,1640,418,140,180,6
2015_06931.jpg,1059,576,1108,614,49,38,7
2015_06931.jpg,1012,565,1054,607,42,42,7
2015_06931.jpg,1473,387,1741,718,268,331,6
2015_06931.jpg,1388,243,1509,396,121,153,6
2015_06931.jpg,1696,317,1868,502,172,185,11
2015_06931.jpg,902,544,1267,822,365,278,11
2015_06932.jpg,299,126,405,158,106,32,11
2015_06932.jpg,64,149,436,268,372,119,11
2015_06933.jpg,397,143,413,171,16,28,2
2015_06933.jpg,2,210,134,333,132,123,6
2015_06933.jpg,230,173,289,230,59,57,6
2015_06933.jpg,177,160,223,215,46,55,6
2015_06933.jpg,128,217,286,300,158,83,11
2015_06933.jpg,-1,177,104,276,105,99,11
2015_06933.jpg,202,162,276,197,74,35,11
2015_06934.jpg,155,39,202,250,47,211,10
2015_06934.jpg,168,23,303,249,135,226,10
2015_06934.jpg,7,48,144,245,137,197,10
2015_06934.jpg,3,182,55,241,52,59,11
2015_06934.jpg,242,189,338,245,96,56,11
2015_06935.jpg,189,229,246,305,57,76,10
2015_06935.jpg,140,229,186,297,46,68,10
2015_06935.jpg,274,231,327,302,53,71,10
2015_06935.jpg,338,257,391,331,53,74,6
2015_06935.jpg,382,264,427,300,45,36,6
2015_06935.jpg,345,291,436,360,91,69,6
2015_06935.jpg,416,279,477,358,61,79,6
2015_06935.jpg,312,269,361,334,49,65,6
2015_06935.jpg,185,311,263,369,78,58,6
2015_06935.jpg,130,263,180,336,50,73,6
2015_06935.jpg,92,269,140,320,48,51,6
2015_06935.jpg,60,312,147,374,87,62,6
2015_06935.jpg,254,284,310,368,56,84,6
2015_06935.jpg,1,297,85,348,84,51,11
2015_06935.jpg,26,265,99,298,73,33,11
2015_06935.jpg,198,293,290,372,92,79,11
2015_06935.jpg,43,286,61,315,18,29,2
2015_06936.jpg,196,284,374,492,178,208,6
2015_06936.jpg,30,42,370,496,340,454,10
2015_06936.jpg,111,36,267,158,156,122,11
2015_06937.jpg,36,2,104,70,68,68,10
2015_06937.jpg,32,29,473,370,441,341,11
2015_06937.jpg,31,85,166,345,135,260,6
2015_06937.jpg,183,176,401,374,218,198,6
2015_06937.jpg,314,120,497,369,183,249,6
2015_06937.jpg,243,5,309,47,66,42,6
2015_06937.jpg,296,5,372,51,76,46,6
2015_06938.jpg,107,181,323,325,216,144,11
2015_06938.jpg,229,177,352,329,123,152,6
2015_06939.jpg,97,204,308,298,211,94,11
2015_06939.jpg,111,131,194,330,83,199,6
2015_06939.jpg,175,4,357,328,182,324,6
2015_06940.jpg,199,144,362,231,163,87,10
2015_06940.jpg,202,196,227,238,25,42,7
2015_06940.jpg,114,219,292,328,178,109,11
2015_06940.jpg,76,163,193,263,117,100,6
2015_06940.jpg,293,114,497,331,204,217,10
2015_06940.jpg,224,132,493,322,269,190,6
2015_06941.jpg,114,194,280,247,166,53,11
2015_06941.jpg,58,178,118,229,60,51,11
2015_06941.jpg,3,156,70,242,67,86,6
2015_06941.jpg,9,241,326,371,317,130,11
2015_06941.jpg,111,154,286,233,175,79,6
2015_06942.jpg,9,238,459,334,450,96,11
2015_06943.jpg,6,147,188,371,182,224,0
2015_06943.jpg,32,149,447,371,415,222,11
2015_06943.jpg,284,167,497,369,213,202,6
2015_06944.jpg,90,192,389,326,299,134,6
2015_06944.jpg,14,272,286,371,272,99,11
2015_06944.jpg,20,220,122,307,102,87,11
2015_06944.jpg,361,219,489,341,128,122,11
2015_06945.jpg,116,251,365,368,249,117,11
2015_06945.jpg,283,269,410,371,127,102,6
2015_06945.jpg,146,282,281,372,135,90,6
2015_06945.jpg,230,266,252,308,22,42,7
2015_06946.jpg,64,164,215,372,151,208,6
2015_06946.jpg,75,151,311,361,236,210,11
2015_06947.jpg,120,124,152,191,32,67,7
2015_06947.jpg,371,103,498,227,127,124,11
2015_06947.jpg,45,51,410,263,365,212,6
2015_06947.jpg,121,17,296,286,175,269,10
2015_06947.jpg,6,167,228,321,222,154,11
2015_06948.jpg,349,187,408,231,59,44,11
2015_06948.jpg,154,194,252,266,98,72,11
2015_06948.jpg,226,155,374,257,148,102,6
2015_06948.jpg,104,159,230,241,126,82,6
2015_06948.jpg,327,188,496,355,169,167,6
2015_06949.jpg,57,267,258,411,201,144,11
2015_06949.jpg,173,230,276,338,103,108,6
2015_06949.jpg,300,241,375,322,75,81,6
2015_06949.jpg,156,245,295,453,139,208,6
2015_06949.jpg,66,224,163,336,97,112,6
2015_06949.jpg,18,247,163,451,145,204,6
2015_06950.jpg,90,110,197,195,107,85,6
2015_06950.jpg,38,100,299,306,261,206,10
2015_06950.jpg,230,125,255,159,25,34,7
2015_06950.jpg,212,124,396,299,184,175,11
2015_06950.jpg,30,154,192,329,162,175,6
2015_06950.jpg,329,83,349,147,20,64,2
2015_06950.jpg,315,104,332,139,17,35,7
2015_06950.jpg,338,119,361,146,23,27,7
2015_06950.jpg,303,112,447,242,144,130,11
2015_06951.jpg,6,294,496,369,490,75,11
2015_06951.jpg,352,178,437,318,85,140,6
2015_06951.jpg,449,253,499,314,50,61,6
2015_06951.jpg,352,207,486,262,134,55,11
2015_06951.jpg,12,177,97,308,85,131,6
2015_06951.jpg,7,217,149,302,142,85,11
2015_06951.jpg,202,246,262,355,60,109,7
2015_06951.jpg,145,91,393,360,248,269,10
2015_06951.jpg,126,167,162,226,36,59,6
2015_06952.jpg,2383,908,3580,2419,1197,1511,6
2015_06952.jpg,463,1199,2370,2578,1907,1379,10
2015_06953.jpg,1986,1005,2475,1331,489,326,11
2015_06953.jpg,1007,731,1230,870,223,139,11
2015_06953.jpg,1437,1024,1589,1296,152,272,2
2015_06953.jpg,1108,720,1149,807,41,87,2
2015_06953.jpg,744,701,793,799,49,98,2
2015_06953.jpg,1687,554,1964,1127,277,573,10
2015_06953.jpg,13,918,415,1331,402,413,6
2015_06953.jpg,18,1033,445,1788,427,755,6
2015_06953.jpg,1244,1345,1978,1897,734,552,6
2015_06953.jpg,866,538,1015,799,149,261,10
2015_06953.jpg,1282,875,1679,1095,397,220,11
2015_06953.jpg,814,448,942,668,128,220,10
2015_06953.jpg,809,935,1187,1337,378,402,6
2015_06953.jpg,836,1139,2037,1740,1201,601,11
2015_06953.jpg,2358,962,2461,1144,103,182,2
2015_06953.jpg,472,875,1005,1334,533,459,11
2015_06953.jpg,1200,590,1298,832,98,242,10
2015_06953.jpg,621,753,895,867,274,114,11
2015_06953.jpg,73,728,353,864,280,136,11
2015_06953.jpg,13,894,241,1228,228,334,6
2015_06953.jpg,589,481,681,755,92,274,10
2015_06954.jpg,82,349,481,473,399,124,11
2015_06955.jpg,39,390,789,663,750,273,11
2015_06956.jpg,938,15,1020,248,82,233,6
2015_06956.jpg,287,318,346,394,59,76,7
2015_06956.jpg,122,291,981,631,859,340,11
2015_06956.jpg,13,89,751,271,738,182,11
2015_06956.jpg,636,58,674,116,38,58,2
2015_06957.jpg,290,291,380,368,90,77,6
2015_06957.jpg,215,257,306,365,91,108,6
2015_06957.jpg,397,239,437,277,40,38,6
2015_06957.jpg,379,264,462,369,83,105,6
2015_06957.jpg,204,196,225,210,21,14,11
2015_06957.jpg,176,194,200,210,24,16,11
2015_06957.jpg,470,246,497,344,27,98,6
2015_06957.jpg,270,247,398,366,128,119,11
2015_06957.jpg,434,227,498,316,64,89,11
2015_06958.jpg,401,211,492,255,91,44,11
2015_06958.jpg,298,234,470,323,172,89,11
2015_06958.jpg,240,204,344,254,104,50,11
2015_06958.jpg,168,213,273,267,105,54,11
2015_06958.jpg,50,230,187,294,137,64,11
2015_06958.jpg,410,220,477,294,67,74,6
2015_06958.jpg,355,254,445,323,90,69,6
2015_06958.jpg,46,244,96,305,50,61,6
2015_06958.jpg,175,262,394,329,219,67,11
2015_06958.jpg,240,212,294,273,54,61,6
2015_06958.jpg,156,221,199,282,43,61,6
2015_06958.jpg,194,233,247,275,53,42,6
2015_06958.jpg,170,281,243,322,73,41,6
2015_06959.jpg,439,202,501,270,62,68,11
2015_06959.jpg,28,218,73,269,45,51,6
2015_06959.jpg,4,190,44,255,40,65,6
2015_06959.jpg,172,220,269,332,97,112,6
2015_06959.jpg,310,229,410,332,100,103,6
2015_06959.jpg,320,193,383,257,63,64,6
2015_06959.jpg,63,231,110,292,47,61,6
2015_06959.jpg,447,243,501,324,54,81,11
2015_06959.jpg,80,186,402,243,322,57,11
2015_06959.jpg,56,208,346,309,290,101,11
2015_06959.jpg,9,280,232,331,223,51,11
2015_06959.jpg,271,192,327,251,56,59,6
2015_06959.jpg,90,245,168,300,78,55,6
2015_06960.jpg,180,257,329,416,149,159,11
2015_06960.jpg,50,147,208,433,158,286,6
2015_06960.jpg,286,226,300,269,14,43,2
2015_06960.jpg,266,163,425,423,159,260,10
2015_06960.jpg,517,155,637,401,120,246,10
2015_06961.jpg,8,232,323,338,315,106,11
2015_06961.jpg,7,199,89,255,82,56,6
2015_06962.jpg,284,235,304,258,20,23,7
2015_06962.jpg,384,282,413,315,29,33,7
2015_06962.jpg,304,230,339,257,35,27,7
2015_06962.jpg,10,82,272,325,262,243,11
2015_06963.jpg,551,239,631,380,80,141,6
2015_06963.jpg,4,304,305,476,301,172,11
2015_06963.jpg,31,270,183,467,152,197,6
2015_06963.jpg,548,265,640,388,92,123,11
2015_06963.jpg,244,265,449,429,205,164,11
2015_06963.jpg,114,305,305,477,191,172,6
2015_06963.jpg,264,227,338,408,74,181,6
2015_06963.jpg,313,237,433,433,120,196,6
2015_06964.jpg,115,169,521,336,406,167,11
2015_06965.jpg,26,577,366,808,340,231,11
2015_06965.jpg,468,663,650,906,182,243,6
2015_06965.jpg,186,578,466,811,280,233,6
2015_06966.jpg,11,128,626,382,615,254,11
2015_06967.jpg,13,218,516,425,503,207,11
2015_06967.jpg,256,89,388,241,132,152,6
2015_06967.jpg,498,138,636,297,138,159,6
2015_06967.jpg,54,91,330,229,276,138,11
2015_06968.jpg,8,294,247,433,239,139,11
2015_06969.jpg,173,271,430,423,257,152,11
2015_06969.jpg,334,250,373,300,39,50,7
2015_06970.jpg,889,506,1021,669,132,163,11
2015_06970.jpg,826,426,1016,513,190,87,11
2015_06970.jpg,178,432,250,539,72,107,6
2015_06970.jpg,16,462,102,590,86,128,6
2015_06970.jpg,279,458,788,619,509,161,11
2015_06971.jpg,230,391,425,632,195,241,6
2015_06971.jpg,351,320,475,629,124,309,6
2015_06971.jpg,96,328,479,626,383,298,11
2015_06971.jpg,59,300,251,597,192,297,6
2015_06972.jpg,444,280,496,385,52,105,6
2015_06972.jpg,506,305,603,412,97,107,6
2015_06972.jpg,512,362,636,473,124,111,6
2015_06972.jpg,97,340,237,475,140,135,6
2015_06972.jpg,300,288,315,318,15,30,7
2015_06972.jpg,283,288,297,320,14,32,7
2015_06972.jpg,373,283,419,360,46,77,6
2015_06972.jpg,90,287,197,364,107,77,11
2015_06972.jpg,156,341,346,466,190,125,11
2015_06972.jpg,241,307,352,353,111,46,11
2015_06972.jpg,358,267,425,296,67,29,11
2015_06972.jpg,303,283,376,315,73,32,11
2015_06972.jpg,510,342,635,419,125,77,11
2015_06972.jpg,62,280,135,376,73,96,6
2015_06972.jpg,141,269,214,364,73,95,6
2015_06972.jpg,211,271,254,338,43,67,6
2015_06972.jpg,351,297,396,419,45,122,6
2015_06972.jpg,274,323,369,475,95,152,6
2015_06972.jpg,461,303,579,353,118,50,11
2015_06973.jpg,304,534,680,835,376,301,6
2015_06973.jpg,64,657,356,949,292,292,11
2015_06973.jpg,327,813,673,1015,346,202,11
2015_06974.jpg,357,94,396,148,39,54,10
2015_06974.jpg,387,126,460,153,73,27,11
2015_06974.jpg,383,83,416,131,33,48,10
2015_06974.jpg,370,178,448,251,78,73,11
2015_06974.jpg,419,81,458,130,39,49,10
2015_06974.jpg,442,98,488,176,46,78,10
2015_06974.jpg,504,228,600,294,96,66,11
2015_06974.jpg,168,281,252,345,84,64,11
2015_06974.jpg,400,113,446,178,46,65,10
2015_06974.jpg,326,238,422,324,96,86,11
2015_06974.jpg,364,111,406,173,42,62,10
2015_06975.jpg,525,312,580,438,55,126,6
2015_06975.jpg,366,314,470,441,104,127,6
2015_06975.jpg,513,172,620,391,107,219,10
2015_06975.jpg,425,322,520,442,95,120,11
2015_06976.jpg,82,292,330,333,248,41,11
2015_06976.jpg,43,292,114,378,71,86,6
2015_06976.jpg,120,325,449,382,329,57,11
2015_06976.jpg,489,239,570,302,81,63,6
2015_06976.jpg,271,269,423,298,152,29,11
2015_06976.jpg,55,275,249,306,194,31,11
2015_06976.jpg,338,283,524,329,186,46,11
2015_06976.jpg,449,312,577,377,128,65,11
2015_06976.jpg,393,299,447,354,54,55,6
2015_06976.jpg,299,280,353,326,54,46,6
2015_06977.jpg,86,257,423,352,337,95,6
2015_06977.jpg,65,293,204,430,139,137,6
2015_06977.jpg,395,287,498,427,103,140,6
2015_06977.jpg,152,321,451,421,299,100,11
2015_06978.jpg,436,256,634,415,198,159,11
2015_06978.jpg,244,241,471,319,227,78,11
2015_06978.jpg,78,282,450,421,372,139,11
2015_06978.jpg,30,234,221,406,191,172,10
2015_06978.jpg,7,284,195,423,188,139,6
2015_06979.jpg,98,247,444,405,346,158,11
2015_06980.jpg,16,249,405,468,389,219,6
2015_06980.jpg,6,10,578,291,572,281,11
2015_06981.jpg,187,274,383,399,196,125,11
2015_06982.jpg,223,161,459,352,236,191,11
2015_06982.jpg,63,162,482,347,419,185,6
2015_06983.jpg,188,613,439,729,251,116,11
2015_06983.jpg,21,721,395,962,374,241,11
2015_06983.jpg,532,598,779,684,247,86,11
2015_06983.jpg,738,716,1014,981,276,265,11
2015_06983.jpg,22,626,236,737,214,111,11
2015_06983.jpg,579,713,877,1009,298,296,6
2015_06983.jpg,165,827,499,1019,334,192,6
2015_06983.jpg,264,755,747,1009,483,254,11
2015_06983.jpg,480,676,716,793,236,117,11
2015_06984.jpg,67,355,289,448,222,93,11
2015_06985.jpg,170,157,209,226,39,69,10
2015_06985.jpg,204,248,405,361,201,113,11
2015_06985.jpg,157,216,267,383,110,167,6
2015_06986.jpg,310,359,333,390,23,31,7
2015_06986.jpg,262,364,377,469,115,105,11
2015_06986.jpg,223,307,283,379,60,72,11
2015_06986.jpg,165,305,215,383,50,78,6
2015_06987.jpg,69,379,445,482,376,103,11
2015_06987.jpg,269,337,305,414,36,77,2
2015_06988.jpg,338,302,379,356,41,54,7
2015_06988.jpg,92,310,477,533,385,223,11
2015_06988.jpg,98,409,359,609,261,200,6
2015_06989.jpg,64,453,363,633,299,180,11
2015_06990.jpg,366,468,619,675,253,207,11
2015_06991.jpg,30,182,558,309,528,127,11
2015_06992.jpg,87,204,264,385,177,181,6
2015_06992.jpg,411,151,479,241,68,90,6
2015_06992.jpg,309,144,371,220,62,76,6
2015_06992.jpg,228,169,366,350,138,181,6
2015_06992.jpg,48,175,285,227,237,52,11
2015_06992.jpg,322,148,446,249,124,101,11
2015_06992.jpg,95,156,223,182,128,26,11
2015_06993.jpg,266,255,382,379,116,124,11
2015_06994.jpg,208,287,733,563,525,276,11
2015_06994.jpg,407,265,549,489,142,224,6
2015_06995.jpg,291,335,877,552,586,217,11
2015_06995.jpg,653,218,712,371,59,153,2
2015_06995.jpg,580,278,977,677,397,399,6
2015_06995.jpg,118,288,558,670,440,382,6
2015_06995.jpg,240,278,582,626,342,348,6
2015_06996.jpg,227,218,479,422,252,204,11
2015_06996.jpg,202,218,318,394,116,176,6
2015_06996.jpg,323,238,465,441,142,203,6
2015_06997.jpg,8,227,632,469,624,242,11
2015_06997.jpg,241,3,366,271,125,268,2
2015_06998.jpg,401,293,481,419,80,126,6
2015_06998.jpg,171,206,267,239,96,33,4
2015_06998.jpg,122,275,255,386,133,111,11
2015_06998.jpg,280,206,350,259,70,53,4
2015_06998.jpg,61,197,180,268,119,71,4
2015_06999.jpg,673,319,720,417,47,98,2
2015_06999.jpg,528,323,810,601,282,278,11
2015_07000.jpg,117,220,582,402,465,182,11
2015_07000.jpg,52,175,250,419,198,244,6
2015_07001.jpg,26,192,180,422,154,230,10
2015_07001.jpg,465,177,604,315,139,138,10
2015_07001.jpg,160,274,634,421,474,147,11
2015_07001.jpg,562,287,616,329,54,42,7
2015_07002.jpg,397,692,656,836,259,144,11
2015_07003.jpg,410,300,516,411,106,111,6
2015_07003.jpg,344,295,392,378,48,83,6
2015_07003.jpg,296,272,339,314,43,42,6
2015_07003.jpg,78,291,298,366,220,75,11
2015_07003.jpg,396,250,459,308,63,58,10
2015_07003.jpg,327,246,413,378,86,132,10
2015_07003.jpg,526,250,565,316,39,66,10
2015_07003.jpg,224,213,288,310,64,97,10
2015_07003.jpg,489,250,543,321,54,71,10
2015_07004.jpg,12,160,429,676,417,516,6
2015_07004.jpg,284,422,656,649,372,227,11
2015_07005.jpg,134,201,558,435,424,234,11
2015_07005.jpg,24,5,119,201,95,196,10
2015_07005.jpg,152,6,223,176,71,170,10
2015_07005.jpg,4,50,329,205,325,155,11
2015_07006.jpg,5,333,62,438,57,105,6
2015_07006.jpg,71,335,139,440,68,105,6
2015_07006.jpg,487,373,585,432,98,59,11
2015_07006.jpg,349,320,424,391,75,71,11
2015_07006.jpg,127,309,177,403,50,94,6
2015_07006.jpg,161,324,206,408,45,84,6
2015_07006.jpg,192,320,244,395,52,75,6
2015_07006.jpg,227,364,313,476,86,112,6
2015_07006.jpg,298,354,367,474,69,120,6
2015_07006.jpg,465,443,638,478,173,35,11
2015_07006.jpg,409,319,448,394,39,75,6
2015_07006.jpg,302,338,396,422,94,84,11
2015_07006.jpg,469,337,519,421,50,84,6
2015_07006.jpg,40,413,274,475,234,62,11
2015_07006.jpg,225,360,337,474,112,114,11
2015_07006.jpg,152,326,227,405,75,79,11
2015_07006.jpg,14,341,126,447,112,106,11
2015_07006.jpg,520,263,557,300,37,37,10
2015_07006.jpg,349,341,392,432,43,91,6
2015_07006.jpg,502,341,578,375,76,34,11
2015_07007.jpg,344,193,475,311,131,118,11
2015_07008.jpg,780,718,815,767,35,49,7
2015_07008.jpg,564,716,1015,1012,451,296,11
2015_07008.jpg,84,852,560,1018,476,166,11
2015_07008.jpg,308,646,682,789,374,143,11
2015_07008.jpg,702,652,814,751,112,99,6
2015_07008.jpg,489,655,516,687,27,32,7
2015_07008.jpg,641,646,741,737,100,91,6
2015_07008.jpg,321,920,385,1023,64,103,7
2015_07009.jpg,98,191,345,360,247,169,11
2015_07009.jpg,325,237,464,358,139,121,6
2015_07009.jpg,164,128,449,353,285,225,10
2015_07010.jpg,36,240,233,332,197,92,11
2015_07010.jpg,224,226,352,368,128,142,11
2015_07010.jpg,271,198,378,368,107,170,11
2015_07011.jpg,486,103,583,212,97,109,10
2015_07011.jpg,158,132,535,374,377,242,10
2015_07011.jpg,123,123,245,217,122,94,10
2015_07011.jpg,205,183,231,220,26,37,7
2015_07011.jpg,290,234,568,420,278,186,6
2015_07011.jpg,273,205,639,334,366,129,11
2015_07011.jpg,97,181,288,415,191,234,11
2015_07012.jpg,288,156,372,331,84,175,6
2015_07012.jpg,176,152,281,337,105,185,6
2015_07012.jpg,365,111,484,330,119,219,10
2015_07012.jpg,371,203,503,326,132,123,6
2015_07012.jpg,22,186,458,331,436,145,11
2015_07013.jpg,209,198,224,226,15,28,7
2015_07013.jpg,148,213,357,317,209,104,11
2015_07013.jpg,301,196,317,224,16,28,7
2015_07013.jpg,284,195,296,226,12,31,7
2015_07013.jpg,257,198,269,226,12,28,7
2015_07013.jpg,267,196,281,227,14,31,7
2015_07013.jpg,226,195,239,226,13,31,7
2015_07014.jpg,199,165,595,426,396,261,11
2015_07014.jpg,122,137,462,356,340,219,6
2015_07014.jpg,2,230,217,422,215,192,6
2015_07014.jpg,430,125,637,316,207,191,6
2015_07015.jpg,434,237,473,303,39,66,10
2015_07015.jpg,237,455,513,741,276,286,11
2015_07015.jpg,10,504,157,665,147,161,11
2015_07015.jpg,156,490,320,603,164,113,11
2015_07015.jpg,399,237,437,302,38,65,10
2015_07015.jpg,470,231,510,305,40,74,10
2015_07016.jpg,519,311,575,412,56,101,7
2015_07016.jpg,153,184,189,274,36,90,10
2015_07016.jpg,283,350,629,421,346,71,11
2015_07016.jpg,385,279,529,356,144,77,11
2015_07016.jpg,84,272,201,303,117,31,11
2015_07016.jpg,104,296,274,423,170,127,11
2015_07016.jpg,135,183,157,277,22,94,10
2015_07017.jpg,98,451,321,634,223,183,11
2015_07017.jpg,67,410,179,481,112,71,11
2015_07018.jpg,413,315,755,577,342,262,6
2015_07018.jpg,333,378,484,467,151,89,11
2015_07018.jpg,246,317,504,444,258,127,6
2015_07019.jpg,296,279,443,387,147,108,11
2015_07019.jpg,80,274,318,447,238,173,11
2015_07019.jpg,101,199,215,293,114,94,10
2015_07019.jpg,9,290,279,491,270,201,11
2015_07020.jpg,363,320,774,631,411,311,11
2015_07020.jpg,291,274,679,482,388,208,11
2015_07021.jpg,112,190,148,217,36,27,4
2015_07021.jpg,147,240,193,289,46,49,6
2015_07021.jpg,263,202,281,227,18,25,11
2015_07021.jpg,38,244,172,316,134,72,11
2015_07021.jpg,7,254,152,332,145,78,6
2015_07021.jpg,278,200,297,226,19,26,6
2015_07021.jpg,248,199,267,226,19,27,6
2015_07022.jpg,603,46,1014,313,411,267,11
2015_07022.jpg,121,487,837,997,716,510,6
2015_07022.jpg,186,280,896,990,710,710,11
2015_07022.jpg,479,168,957,717,478,549,6
2015_07022.jpg,688,4,1011,356,323,352,6
2015_07023.jpg,566,654,666,713,100,59,7
2015_07023.jpg,372,617,673,876,301,259,11
2015_07023.jpg,248,385,505,867,257,482,10
2015_07024.jpg,208,203,480,420,272,217,11
2015_07024.jpg,392,231,592,415,200,184,6
2015_07024.jpg,76,204,203,418,127,214,6
2015_07024.jpg,339,213,478,401,139,188,6
2015_07024.jpg,129,246,326,424,197,178,6
2015_07024.jpg,129,61,230,98,101,37,2
2015_07024.jpg,132,98,227,128,95,30,2
2015_07024.jpg,127,40,232,65,105,25,2
2015_07025.jpg,104,483,265,633,161,150,6
2015_07025.jpg,147,333,208,395,61,62,6
2015_07025.jpg,283,552,421,635,138,83,6
2015_07025.jpg,63,345,193,439,130,94,11
2015_07025.jpg,151,421,402,627,251,206,11
2015_07025.jpg,88,410,170,604,82,194,6
2015_07025.jpg,298,296,431,408,133,112,4
2015_07025.jpg,136,361,234,445,98,84,6
2015_07025.jpg,19,375,111,479,92,104,6
2015_07025.jpg,12,338,83,411,71,73,6
2015_07026.jpg,553,406,706,579,153,173,6
2015_07026.jpg,425,408,594,559,169,151,11
2015_07027.jpg,337,178,492,318,155,140,6
2015_07027.jpg,799,502,851,576,52,74,7
2015_07027.jpg,215,366,540,574,325,208,11
2015_07027.jpg,292,326,344,429,52,103,7
2015_07027.jpg,216,232,430,387,214,155,6
2015_07027.jpg,340,311,386,402,46,91,7
2015_07027.jpg,64,277,289,577,225,300,6
2015_07027.jpg,648,466,923,619,275,153,11
2015_07027.jpg,426,204,707,555,281,351,10
2015_07028.jpg,127,268,395,504,268,236,11
2015_07028.jpg,241,268,271,313,30,45,7
2015_07028.jpg,288,215,425,340,137,125,11
2015_07028.jpg,235,224,301,356,66,132,6
2015_07028.jpg,278,232,377,423,99,191,6
2015_07028.jpg,81,232,212,426,131,194,6
2015_07028.jpg,12,274,202,549,190,275,6
2015_07029.jpg,834,186,1030,556,196,370,10
2015_07029.jpg,342,330,371,371,29,41,7
2015_07029.jpg,549,303,695,403,146,100,11
2015_07029.jpg,701,355,752,455,51,100,7
2015_07029.jpg,512,216,611,353,99,137,10
2015_07029.jpg,455,234,501,306,46,72,10
2015_07029.jpg,395,225,503,414,108,189,10
2015_07029.jpg,323,257,395,334,72,77,10
2015_07029.jpg,411,380,883,646,472,266,11
2015_07029.jpg,6,162,987,675,981,513,10
2015_07029.jpg,197,207,559,642,362,435,10
2015_07029.jpg,437,351,478,430,41,79,7
2015_07029.jpg,483,355,518,417,35,62,7
2015_07030.jpg,439,196,565,284,126,88,11
2015_07030.jpg,131,223,247,352,116,129,11
2015_07031.jpg,74,169,316,332,242,163,11
2015_07031.jpg,3,152,185,327,182,175,6
2015_07031.jpg,131,138,276,332,145,194,6
2015_07031.jpg,217,146,328,265,111,119,11
2015_07032.jpg,158,101,204,192,46,91,2
2015_07032.jpg,8,176,481,411,473,235,11
2015_07032.jpg,83,76,308,380,225,304,10
2015_07032.jpg,318,53,628,409,310,356,10
2015_07033.jpg,571,462,673,556,102,94,11
2015_07033.jpg,570,538,817,685,247,147,11
2015_07033.jpg,603,430,711,542,108,112,6
2015_07034.jpg,109,487,360,624,251,137,11
2015_07035.jpg,313,169,430,338,117,169,6
2015_07035.jpg,309,154,424,329,115,175,10
2015_07035.jpg,422,244,508,335,86,91,11
2015_07035.jpg,471,252,494,286,23,34,7
2015_07036.jpg,241,166,412,293,171,127,11
2015_07036.jpg,338,114,511,253,173,139,6
2015_07037.jpg,222,356,551,449,329,93,11
2015_07037.jpg,617,331,794,418,177,87,11
2015_07037.jpg,24,439,709,676,685,237,11
2015_07038.jpg,119,604,552,963,433,359,11
2015_07038.jpg,67,552,283,897,216,345,6
2015_07038.jpg,395,534,442,626,47,92,7
2015_07038.jpg,364,541,404,629,40,88,7
2015_07038.jpg,215,536,321,633,106,97,7
2015_07038.jpg,368,559,600,916,232,357,6
2015_07039.jpg,198,464,610,860,412,396,11
2015_07040.jpg,98,212,640,410,542,198,11
2015_07041.jpg,426,387,456,408,30,21,11
2015_07041.jpg,178,381,300,462,122,81,4
2015_07041.jpg,280,377,354,426,74,49,4
2015_07041.jpg,375,449,514,619,139,170,11
2015_07041.jpg,411,406,458,449,47,43,11
2015_07041.jpg,6,391,213,519,207,128,4
2015_07042.jpg,532,334,619,458,87,124,6
2015_07042.jpg,258,172,380,430,122,258,10
2015_07042.jpg,434,326,635,441,201,115,11
2015_07042.jpg,3,359,167,472,164,113,11
2015_07043.jpg,194,247,553,417,359,170,11
2015_07043.jpg,277,69,628,288,351,219,6
2015_07044.jpg,306,246,455,362,149,116,6
2015_07044.jpg,60,251,299,352,239,101,11
2015_07044.jpg,110,93,227,225,117,132,10
2015_07044.jpg,19,290,134,360,115,70,6
2015_07045.jpg,234,275,326,437,92,162,6
2015_07045.jpg,9,268,111,430,102,162,6
2015_07045.jpg,85,270,267,449,182,179,11
2015_07046.jpg,140,329,179,384,39,55,7
2015_07046.jpg,176,328,203,378,27,50,7
2015_07046.jpg,125,205,175,312,50,107,10
2015_07046.jpg,213,188,405,535,192,347,10
2015_07046.jpg,77,328,305,580,228,252,11
2015_07047.jpg,123,82,351,200,228,118,6
2015_07047.jpg,2,81,219,418,217,337,6
2015_07047.jpg,173,265,197,339,24,74,2
2015_07047.jpg,269,166,295,205,26,39,7
2015_07047.jpg,250,178,465,318,215,140,11
2015_07048.jpg,165,288,244,391,79,103,6
2015_07048.jpg,536,296,638,418,102,122,11
2015_07048.jpg,391,271,487,357,96,86,11
2015_07048.jpg,308,258,383,319,75,61,11
2015_07048.jpg,254,248,308,298,54,50,11
2015_07048.jpg,217,243,259,281,42,38,11
2015_07048.jpg,184,241,221,273,37,32,11
2015_07048.jpg,259,336,444,420,185,84,11
2015_07048.jpg,157,289,294,402,137,113,11
2015_07048.jpg,259,326,370,425,111,99,6
2015_07048.jpg,110,272,198,354,88,82,11
2015_07048.jpg,79,250,131,298,52,48,11
2015_07048.jpg,370,241,399,284,29,43,6
2015_07048.jpg,389,267,447,351,58,84,6
2015_07048.jpg,192,233,223,276,31,43,6
2015_07048.jpg,220,238,253,287,33,49,6
2015_07048.jpg,251,245,294,301,43,56,6
2015_07048.jpg,508,294,602,403,94,109,6
2015_07048.jpg,117,266,175,340,58,74,6
2015_07048.jpg,99,259,165,317,66,58,11
2015_07048.jpg,307,256,353,321,46,65,6
2015_07049.jpg,184,260,319,403,135,143,11
2015_07050.jpg,116,268,219,325,103,57,11
2015_07050.jpg,277,282,397,338,120,56,11
2015_07050.jpg,149,244,249,281,100,37,11
2015_07050.jpg,279,239,381,283,102,44,11
2015_07050.jpg,421,244,521,294,100,50,11
2015_07050.jpg,450,273,551,334,101,61,11
2015_07051.jpg,34,261,550,419,516,158,11
2015_07052.jpg,143,295,277,358,134,63,11
2015_07052.jpg,67,218,200,350,133,132,10
2015_07052.jpg,5,381,112,624,107,243,6
2015_07052.jpg,307,377,492,630,185,253,6
2015_07052.jpg,261,287,362,358,101,71,6
2015_07052.jpg,154,394,393,634,239,240,11
2015_07053.jpg,122,88,182,182,60,94,10
2015_07053.jpg,151,80,283,242,132,162,10
2015_07053.jpg,512,184,632,251,120,67,11
2015_07053.jpg,322,170,500,251,178,81,11
2015_07053.jpg,6,168,121,256,115,88,11
2015_07053.jpg,313,89,361,194,48,105,10
2015_07054.jpg,362,348,520,449,158,101,11
2015_07054.jpg,129,257,211,307,82,50,11
2015_07054.jpg,204,254,332,312,128,58,11
2015_07054.jpg,179,349,314,471,135,122,6
2015_07054.jpg,405,363,489,477,84,114,6
2015_07054.jpg,6,293,261,466,255,173,11
2015_07054.jpg,154,325,336,440,182,115,11
2015_07054.jpg,262,264,320,338,58,74,6
2015_07055.jpg,345,339,393,421,48,82,6
2015_07055.jpg,290,340,361,423,71,83,6
2015_07055.jpg,71,312,172,420,101,108,10
2015_07055.jpg,30,342,107,419,77,77,6
2015_07055.jpg,271,338,365,413,94,75,11
2015_07055.jpg,179,355,239,423,60,68,6
2015_07055.jpg,114,363,179,423,65,60,6
2015_07055.jpg,66,354,196,418,130,64,11
2015_07055.jpg,475,313,544,394,69,81,6
2015_07055.jpg,400,327,458,418,58,91,6
2015_07055.jpg,394,317,495,382,101,65,11
2015_07055.jpg,215,332,313,418,98,86,6
2015_07056.jpg,46,152,568,413,522,261,11
2015_07056.jpg,200,193,275,316,75,123,7
2015_07056.jpg,337,6,607,318,270,312,6
2015_07057.jpg,256,256,355,331,99,75,6
2015_07057.jpg,467,304,605,415,138,111,11
2015_07057.jpg,8,344,221,455,213,111,11
2015_07057.jpg,48,348,84,391,36,43,7
2015_07057.jpg,396,283,516,390,120,107,6
2015_07058.jpg,84,412,530,656,446,244,11
2015_07059.jpg,160,46,336,505,176,459,10
2015_07059.jpg,72,357,280,497,208,140,11
2015_07060.jpg,179,308,523,493,344,185,11
2015_07060.jpg,382,282,681,492,299,210,11
2015_07061.jpg,33,359,161,560,128,201,6
2015_07061.jpg,252,405,467,595,215,190,6
2015_07061.jpg,121,370,1003,582,882,212,11
2015_07061.jpg,22,349,150,519,128,170,6
2015_07061.jpg,133,397,294,595,161,198,6
2015_07062.jpg,111,280,223,379,112,99,6
2015_07062.jpg,108,271,439,379,331,108,11
2015_07063.jpg,401,117,546,266,145,149,10
2015_07063.jpg,139,148,250,219,111,71,2
2015_07063.jpg,478,204,557,334,79,130,2
2015_07063.jpg,156,191,560,374,404,183,11
2015_07063.jpg,88,101,209,253,121,152,10
2015_07063.jpg,283,93,420,234,137,141,10
2015_07064.jpg,312,100,443,316,131,216,10
2015_07064.jpg,260,90,382,284,122,194,10
2015_07064.jpg,105,90,220,287,115,197,10
2015_07064.jpg,43,83,180,328,137,245,10
2015_07064.jpg,11,142,112,343,101,201,6
2015_07064.jpg,355,143,478,331,123,188,6
2015_07064.jpg,150,165,372,342,222,177,11
2015_07065.jpg,167,171,405,363,238,192,11
2015_07065.jpg,120,148,232,291,112,143,6
2015_07065.jpg,319,152,432,295,113,143,6
2015_07065.jpg,32,154,162,354,130,200,6
2015_07065.jpg,1,63,49,310,48,247,10
2015_07065.jpg,376,181,463,347,87,166,6
2015_07066.jpg,121,216,386,331,265,115,11
2015_07067.jpg,507,241,559,337,52,96,7
2015_07067.jpg,67,283,602,465,535,182,11
2015_07068.jpg,28,335,394,660,366,325,11
2015_07068.jpg,192,429,602,667,410,238,11
2015_07068.jpg,357,278,733,436,376,158,6
2015_07068.jpg,520,316,1009,656,489,340,6
2015_07069.jpg,30,514,1132,984,1102,470,11
2015_07070.jpg,10,155,94,216,84,61,11
2015_07070.jpg,5,143,46,231,41,88,6
2015_07070.jpg,173,141,500,333,327,192,11
2015_07070.jpg,206,141,254,187,48,46,6
2015_07070.jpg,194,153,250,242,56,89,6
2015_07070.jpg,169,165,241,257,72,92,6
2015_07070.jpg,217,112,265,173,48,61,10
2015_07071.jpg,391,208,566,412,175,204,6
2015_07071.jpg,78,211,302,419,224,208,6
2015_07071.jpg,251,245,482,423,231,178,11
2015_07072.jpg,326,316,507,410,181,94,11
2015_07072.jpg,415,250,500,287,85,37,11
2015_07072.jpg,2,298,78,388,76,90,11
2015_07072.jpg,141,253,231,374,90,121,11
2015_07072.jpg,319,252,390,329,71,77,6
2015_07072.jpg,212,282,353,479,141,197,6
2015_07072.jpg,483,256,588,393,105,137,6
2015_07072.jpg,11,293,151,474,140,181,6
2015_07072.jpg,93,262,204,392,111,130,6
2015_07072.jpg,66,236,121,321,55,85,6
2015_07072.jpg,470,322,636,474,166,152,6
2015_07073.jpg,433,328,736,409,303,81,11
2015_07073.jpg,204,310,382,548,178,238,6
2015_07073.jpg,8,307,112,475,104,168,6
2015_07073.jpg,772,365,890,591,118,226,6
2015_07074.jpg,260,145,275,178,15,33,7
2015_07074.jpg,268,127,392,300,124,173,10
2015_07074.jpg,151,111,286,313,135,202,10
2015_07074.jpg,183,193,393,339,210,146,11
2015_07074.jpg,275,147,290,179,15,32,7
2015_07074.jpg,130,189,225,315,95,126,6
2015_07074.jpg,324,183,419,308,95,125,6
2015_07075.jpg,293,562,491,814,198,252,6
2015_07075.jpg,220,526,521,799,301,273,11
2015_07075.jpg,184,525,331,779,147,254,6
2015_07076.jpg,8,147,159,283,151,136,11
2015_07076.jpg,208,171,246,216,38,45,11
2015_07077.jpg,286,321,438,419,152,98,11
2015_07077.jpg,496,163,578,285,82,122,10
2015_07077.jpg,518,145,636,422,118,277,10
2015_07077.jpg,84,176,229,417,145,241,10
2015_07077.jpg,169,181,266,309,97,128,10
2015_07077.jpg,159,292,272,416,113,124,11
2015_07078.jpg,124,253,244,378,120,125,11
2015_07079.jpg,2,379,76,405,74,26,11
2015_07079.jpg,107,378,198,401,91,23,11
2015_07079.jpg,66,401,181,457,115,56,11
2015_07079.jpg,145,411,216,490,71,79,6
2015_07080.jpg,248,8,337,309,89,301,10
2015_07080.jpg,94,165,388,326,294,161,11
2015_07081.jpg,106,298,437,629,331,331,11
2015_07082.jpg,735,499,776,567,41,68,2
2015_07082.jpg,108,251,151,317,43,66,2
2015_07082.jpg,752,442,955,625,203,183,11
2015_07082.jpg,895,406,995,594,100,188,6
2015_07082.jpg,819,432,981,679,162,247,6
2015_07082.jpg,176,261,216,325,40,64,2
2015_07083.jpg,34,232,54,269,20,37,7
2015_07083.jpg,222,251,249,316,27,65,2
2015_07083.jpg,375,239,390,278,15,39,2
2015_07083.jpg,305,258,478,387,173,129,11
2015_07083.jpg,279,308,430,421,151,113,6
2015_07083.jpg,67,159,183,279,116,120,10
2015_07083.jpg,355,203,413,255,58,52,10
2015_07083.jpg,185,201,239,252,54,51,10
2015_07083.jpg,76,286,350,414,274,128,11
2015_07083.jpg,222,271,337,420,115,149,6
2015_07083.jpg,29,305,223,426,194,121,6
2015_07083.jpg,420,263,502,417,82,154,6
2015_07083.jpg,35,271,174,402,139,131,6
2015_07083.jpg,4,167,37,246,33,79,10
2015_07083.jpg,239,208,268,243,29,35,10
2015_07083.jpg,330,205,351,241,21,36,10
2015_07083.jpg,291,205,325,261,34,56,10
2015_07083.jpg,381,265,484,419,103,154,6
2015_07084.jpg,174,411,345,511,171,100,11
2015_07084.jpg,128,441,401,530,273,89,11
2015_07084.jpg,672,458,1014,680,342,222,11
2015_07084.jpg,508,423,733,581,225,158,11
2015_07084.jpg,25,498,548,672,523,174,11
2015_07084.jpg,411,407,588,505,177,98,11
2015_07085.jpg,420,273,611,479,191,206,6
2015_07085.jpg,358,195,436,334,78,139,10
2015_07085.jpg,142,198,204,256,62,58,10
2015_07085.jpg,235,251,251,279,16,28,2
2015_07085.jpg,374,131,504,424,130,293,10
2015_07085.jpg,263,250,311,278,48,28,2
2015_07085.jpg,62,269,156,409,94,140,6
2015_07085.jpg,174,286,366,482,192,196,6
2015_07085.jpg,22,355,129,481,107,126,6
2015_07085.jpg,24,277,185,451,161,174,11
2015_07085.jpg,483,306,705,479,222,173,11
2015_07086.jpg,131,64,529,400,398,336,11
2015_07087.jpg,355,56,636,292,281,236,11
2015_07087.jpg,8,52,286,303,278,251,11
2015_07088.jpg,234,262,404,333,170,71,11
2015_07088.jpg,153,207,224,304,71,97,10
2015_07088.jpg,200,205,247,261,47,56,10
2015_07088.jpg,68,168,107,238,39,70,10
2015_07088.jpg,61,214,145,313,84,99,10
2015_07089.jpg,3,253,175,400,172,147,11
2015_07090.jpg,4,10,193,255,189,245,6
2015_07090.jpg,105,205,534,424,429,219,11
2015_07091.jpg,209,218,250,303,41,85,7
2015_07091.jpg,239,297,293,393,54,96,7
2015_07091.jpg,250,212,293,304,43,92,7
2015_07091.jpg,195,287,240,382,45,95,7
2015_07091.jpg,289,290,341,386,52,96,7
2015_07091.jpg,26,147,147,327,121,180,10
2015_07091.jpg,329,207,371,323,42,116,7
2015_07091.jpg,91,251,463,456,372,205,11
2015_07091.jpg,444,247,496,360,52,113,7
2015_07091.jpg,440,182,496,304,56,122,7
2015_07091.jpg,3,239,218,476,215,237,10
2015_07091.jpg,122,65,358,283,236,218,10
2015_07091.jpg,478,176,635,480,157,304,10
2015_07092.jpg,235,265,359,322,124,57,11
2015_07093.jpg,10,152,249,302,239,150,10
2015_07093.jpg,292,77,425,202,133,125,11
2015_07093.jpg,430,151,632,372,202,221,10
2015_07093.jpg,236,134,479,353,243,219,10
2015_07093.jpg,108,152,357,329,249,177,10
2015_07094.jpg,266,321,407,469,141,148,6
2015_07094.jpg,97,248,192,449,95,201,6
2015_07094.jpg,23,231,91,368,68,137,6
2015_07094.jpg,333,330,531,453,198,123,11
2015_07094.jpg,390,181,426,255,36,74,10
2015_07094.jpg,226,177,251,240,25,63,10
2015_07094.jpg,284,179,315,222,31,43,10
2015_07094.jpg,252,184,293,232,41,48,10
2015_07094.jpg,444,301,586,434,142,133,6
2015_07094.jpg,183,179,221,234,38,55,10
2015_07094.jpg,435,358,618,474,183,116,6
2015_07095.jpg,204,155,413,338,209,183,11
2015_07095.jpg,102,138,216,324,114,186,6
2015_07095.jpg,133,64,293,325,160,261,10
2015_07096.jpg,8,144,498,469,490,325,11
2015_07097.jpg,8,489,558,608,550,119,11
2015_07097.jpg,135,376,231,417,96,41,11
2015_07097.jpg,304,290,360,478,56,188,10
2015_07097.jpg,437,372,527,477,90,105,6
2015_07097.jpg,219,277,303,486,84,209,10
2015_07097.jpg,133,412,349,500,216,88,11
2015_07097.jpg,285,403,409,507,124,104,6
2015_07097.jpg,106,401,214,508,108,107,6
2015_07098.jpg,54,58,209,287,155,229,10
2015_07098.jpg,140,48,364,169,224,121,11
2015_07098.jpg,176,57,425,338,249,281,10
2015_07099.jpg,158,199,184,231,26,32,7
2015_07099.jpg,152,51,333,222,181,171,10
2015_07099.jpg,8,199,201,341,193,142,11
2015_07099.jpg,256,148,357,209,101,61,11
2015_07099.jpg,51,73,368,264,317,191,6
2015_07100.jpg,100,143,400,328,300,185,6
2015_07100.jpg,63,259,239,351,176,92,11
2015_07100.jpg,190,10,352,284,162,274,10
2015_07100.jpg,203,260,229,287,26,27,7
2015_07100.jpg,308,215,391,322,83,107,11
2015_07101.jpg,211,212,302,316,91,104,11
2015_07101.jpg,12,145,302,338,290,193,6
2015_07101.jpg,95,73,261,278,166,205,10
2015_07101.jpg,4,265,150,402,146,137,11
2015_07101.jpg,112,260,135,288,23,28,7
2015_07102.jpg,52,329,233,493,181,164,11
2015_07102.jpg,10,479,422,636,412,157,11
2015_07102.jpg,200,246,420,556,220,310,10
2015_07102.jpg,177,299,420,556,243,257,6
2015_07103.jpg,416,326,441,378,25,52,2
2015_07103.jpg,289,333,485,421,196,88,11
2015_07103.jpg,6,235,189,419,183,184,6
2015_07103.jpg,442,251,511,352,69,101,6
2015_07104.jpg,303,471,345,532,42,61,7
2015_07104.jpg,206,316,422,475,216,159,6
2015_07104.jpg,118,356,245,457,127,101,11
2015_07104.jpg,65,409,420,625,355,216,11
2015_07104.jpg,215,276,376,454,161,178,10
2015_07105.jpg,481,259,540,300,59,41,6
2015_07105.jpg,3,245,205,428,202,183,6
2015_07105.jpg,274,253,411,374,137,121,11
2015_07105.jpg,269,194,354,278,85,84,10
2015_07105.jpg,422,234,481,308,59,74,6
2015_07105.jpg,343,280,556,421,213,141,6
2015_07106.jpg,48,176,426,404,378,228,11
2015_07106.jpg,384,201,639,433,255,232,11
2015_07106.jpg,387,86,411,138,24,52,2
2015_07107.jpg,514,330,579,446,65,116,11
2015_07107.jpg,459,235,572,403,113,168,6
2015_07107.jpg,22,307,351,444,329,137,6
2015_07107.jpg,328,267,437,393,109,126,11
2015_07108.jpg,108,251,248,457,140,206,10
2015_07108.jpg,226,288,322,381,96,93,10
2015_07108.jpg,288,235,335,283,47,48,10
2015_07108.jpg,241,363,382,474,141,111,11
2015_07108.jpg,91,300,334,411,243,111,6
2015_07108.jpg,381,302,511,424,130,122,11
2015_07109.jpg,35,395,636,476,601,81,11
2015_07109.jpg,97,354,193,407,96,53,11
2015_07109.jpg,444,315,610,414,166,99,6
2015_07109.jpg,257,293,468,364,211,71,6
2015_07110.jpg,348,208,633,355,285,147,6
2015_07110.jpg,222,292,467,421,245,129,11
2015_07110.jpg,302,229,384,300,82,71,11
2015_07111.jpg,16,264,50,341,34,77,2
2015_07111.jpg,14,314,265,474,251,160,11
2015_07111.jpg,281,161,387,308,106,147,10
2015_07112.jpg,14,133,118,269,104,136,6
2015_07112.jpg,183,269,479,368,296,99,6
2015_07112.jpg,280,165,363,248,83,83,11
2015_07112.jpg,436,185,501,259,65,74,11
2015_07112.jpg,207,126,266,190,59,64,11
2015_07112.jpg,251,102,347,187,96,85,6
2015_07112.jpg,329,105,499,248,170,143,6
2015_07113.jpg,135,144,218,268,83,124,6
2015_07113.jpg,42,150,127,290,85,140,6
2015_07113.jpg,302,127,405,230,103,103,11
2015_07113.jpg,180,295,633,476,453,181,11
2015_07113.jpg,6,141,249,258,243,117,11
2015_07113.jpg,114,131,132,151,18,20,7
2015_07114.jpg,10,130,433,331,423,201,11
2015_07115.jpg,254,290,448,473,194,183,6
2015_07115.jpg,52,163,278,269,226,106,6
2015_07115.jpg,56,247,122,320,66,73,6
2015_07115.jpg,57,206,234,298,177,92,11
2015_07115.jpg,449,273,605,473,156,200,11
2015_07115.jpg,252,167,384,321,132,154,6
2015_07116.jpg,363,465,490,611,127,146,6
2015_07116.jpg,11,469,106,609,95,140,6
2015_07116.jpg,87,412,190,533,103,121,7
2015_07116.jpg,265,476,440,606,175,130,7
2015_07116.jpg,200,465,325,606,125,141,6
2015_07117.jpg,248,382,495,472,247,90,11
2015_07117.jpg,509,222,586,474,77,252,10
2015_07117.jpg,447,357,467,398,20,41,2
2015_07117.jpg,402,398,509,477,107,79,6
2015_07118.jpg,128,246,636,407,508,161,11
2015_07118.jpg,1,258,190,422,189,164,6
2015_07118.jpg,156,236,303,419,147,183,6
2015_07118.jpg,529,155,609,268,80,113,10
2015_07118.jpg,34,134,194,413,160,279,10
2015_07119.jpg,110,202,495,478,385,276,11
2015_07119.jpg,230,144,351,266,121,122,10
2015_07119.jpg,440,297,636,475,196,178,10
2015_07119.jpg,398,150,615,335,217,185,10
2015_07119.jpg,184,100,285,229,101,129,10
2015_07119.jpg,188,151,327,210,139,59,11
2015_07119.jpg,440,11,570,313,130,302,10
2015_07119.jpg,315,174,460,248,145,74,11
2015_07119.jpg,330,173,401,278,71,105,6
2015_07120.jpg,4,198,98,413,94,215,6
2015_07120.jpg,441,210,562,330,121,120,11
2015_07120.jpg,491,200,633,405,142,205,6
2015_07121.jpg,301,281,446,405,145,124,11
2015_07121.jpg,309,206,355,258,46,52,6
2015_07121.jpg,241,205,305,254,64,49,6
2015_07121.jpg,30,239,301,457,271,218,6
2015_07121.jpg,20,371,250,472,230,101,11
2015_07122.jpg,249,440,429,635,180,195,6
2015_07122.jpg,165,415,271,605,106,190,6
2015_07122.jpg,4,311,269,466,265,155,11
2015_07122.jpg,189,379,470,557,281,178,11
2015_07123.jpg,268,148,638,375,370,227,6
2015_07123.jpg,544,227,638,383,94,156,11
2015_07123.jpg,10,180,292,358,282,178,6
2015_07123.jpg,59,396,568,473,509,77,11
2015_07123.jpg,168,240,453,415,285,175,11
2015_07124.jpg,180,270,258,392,78,122,6
2015_07124.jpg,261,260,318,371,57,111,6
2015_07124.jpg,440,287,547,423,107,136,6
2015_07124.jpg,52,278,149,442,97,164,6
2015_07124.jpg,146,234,341,392,195,158,11
2015_07124.jpg,299,397,529,473,230,76,11
2015_07124.jpg,463,308,638,464,175,156,6
2015_07124.jpg,212,209,236,261,24,52,2
2015_07125.jpg,309,249,426,418,117,169,6
2015_07125.jpg,26,270,155,465,129,195,6
2015_07125.jpg,136,331,197,420,61,89,11
2015_07125.jpg,455,233,591,447,136,214,11
2015_07126.jpg,457,210,630,341,173,131,6
2015_07126.jpg,132,227,352,422,220,195,6
2015_07126.jpg,339,278,503,398,164,120,11
2015_07127.jpg,137,369,346,522,209,153,6
2015_07127.jpg,289,397,545,545,256,148,6
2015_07127.jpg,369,305,594,406,225,101,6
2015_07127.jpg,345,354,504,427,159,73,11
2015_07128.jpg,9,35,258,580,249,545,10
2015_07128.jpg,191,423,458,609,267,186,11
2015_07129.jpg,109,155,549,457,440,302,11
2015_07129.jpg,3,62,209,440,206,378,6
2015_07129.jpg,567,5,640,380,73,375,10
2015_07130.jpg,97,174,236,369,139,195,11
2015_07130.jpg,8,261,110,419,102,158,11
2015_07131.jpg,133,277,382,632,249,355,11
2015_07131.jpg,224,213,247,255,23,42,2
2015_07131.jpg,122,214,147,267,25,53,2
2015_07131.jpg,145,215,175,269,30,54,2
2015_07132.jpg,127,134,152,156,25,22,11
2015_07132.jpg,50,162,155,232,105,70,6
2015_07132.jpg,142,124,251,182,109,58,6
2015_07132.jpg,118,154,213,204,95,50,11
2015_07132.jpg,230,152,312,231,82,79,6
2015_07133.jpg,79,130,179,271,100,141,6
2015_07133.jpg,154,240,269,353,115,113,11
2015_07133.jpg,170,248,257,370,87,122,6
2015_07134.jpg,290,204,358,258,68,54,6
2015_07134.jpg,375,204,421,259,46,55,6
2015_07134.jpg,30,286,221,423,191,137,6
2015_07134.jpg,396,263,503,351,107,88,11
2015_07135.jpg,235,334,560,537,325,203,6
2015_07135.jpg,5,373,142,566,137,193,11
2015_07135.jpg,181,433,458,604,277,171,11
2015_07136.jpg,342,63,403,137,61,74,10
2015_07136.jpg,218,41,460,296,242,255,10
2015_07136.jpg,243,96,263,148,20,52,2
2015_07136.jpg,285,100,307,145,22,45,2
2015_07136.jpg,311,120,330,144,19,24,7
2015_07136.jpg,171,107,363,323,192,216,11
2015_07136.jpg,4,289,369,478,365,189,11
2015_07136.jpg,275,154,450,313,175,159,6
2015_07136.jpg,569,62,619,127,50,65,10
2015_07136.jpg,278,36,631,474,353,438,10
2015_07136.jpg,577,119,636,228,59,109,11
2015_07137.jpg,202,260,305,400,103,140,6
2015_07137.jpg,563,259,639,348,76,89,6
2015_07137.jpg,39,181,110,311,71,130,10
2015_07137.jpg,120,160,195,332,75,172,10
2015_07137.jpg,199,160,263,237,64,77,10
2015_07137.jpg,295,113,607,476,312,363,10
2015_07137.jpg,275,168,326,231,51,63,10
2015_07137.jpg,542,222,566,252,24,30,10
2015_07137.jpg,552,219,591,265,39,46,10
2015_07137.jpg,4,259,69,416,65,157,6
2015_07137.jpg,205,219,282,324,77,105,10
2015_07137.jpg,252,278,409,401,157,123,11
2015_07137.jpg,573,221,630,274,57,53,10
2015_07137.jpg,82,240,144,320,62,80,11
2015_07137.jpg,366,258,389,307,23,49,7
2015_07137.jpg,348,243,362,298,14,55,7
2015_07137.jpg,152,261,225,358,73,97,11
2015_07137.jpg,333,259,358,308,25,49,7
2015_07138.jpg,170,111,201,215,31,104,10
2015_07138.jpg,194,90,228,211,34,121,10
2015_07138.jpg,224,96,269,219,45,123,10
2015_07138.jpg,269,104,287,153,18,49,10
2015_07138.jpg,281,100,303,153,22,53,10
2015_07138.jpg,287,101,322,207,35,106,10
2015_07138.jpg,342,101,379,218,37,117,10
2015_07138.jpg,108,106,129,154,21,48,10
2015_07138.jpg,305,182,383,235,78,53,11
2015_07138.jpg,183,102,201,196,18,94,10
2015_07138.jpg,131,100,154,180,23,80,10
2015_07139.jpg,8,106,131,470,123,364,10
2015_07139.jpg,525,326,637,477,112,151,6
2015_07139.jpg,486,260,551,376,65,116,6
2015_07139.jpg,107,250,213,303,106,53,11
2015_07139.jpg,184,244,290,307,106,63,11
2015_07139.jpg,390,273,579,389,189,116,11
2015_07139.jpg,93,291,179,409,86,118,6
2015_07139.jpg,198,264,250,341,52,77,6
2015_07139.jpg,557,307,637,389,80,82,6
2015_07140.jpg,310,169,403,257,93,88,10
2015_07140.jpg,32,162,155,342,123,180,10
2015_07140.jpg,427,208,635,398,208,190,10
2015_07140.jpg,482,278,640,426,158,148,6
2015_07140.jpg,489,360,539,376,50,16,6
2015_07140.jpg,21,208,171,346,150,138,6
2015_07140.jpg,145,259,351,414,206,155,6
2015_07140.jpg,318,236,404,331,86,95,11
2015_07140.jpg,268,201,329,255,61,54,11
2015_07140.jpg,318,187,330,211,12,24,2
2015_07140.jpg,308,198,587,284,279,86,6
2015_07141.jpg,310,103,382,175,72,72,10
2015_07141.jpg,214,36,598,478,384,442,10
2015_07141.jpg,9,274,350,477,341,203,11
2015_07141.jpg,528,120,590,174,62,54,10
2015_07141.jpg,153,151,328,306,175,155,11
2015_07141.jpg,517,166,636,306,119,140,11
2015_07141.jpg,226,130,246,183,20,53,2
2015_07141.jpg,267,133,288,181,21,48,2
2015_07141.jpg,291,159,312,181,21,22,7
2015_07142.jpg,181,441,228,500,47,59,6
2015_07142.jpg,150,423,176,478,26,55,6
2015_07142.jpg,4,387,51,424,47,37,4
2015_07142.jpg,171,439,220,481,49,42,11
2015_07143.JPG,3851,2018,4301,3116,450,1098,6
2015_07143.JPG,397,1387,1732,2815,1335,1428,6
2015_07143.JPG,1782,1310,4094,2611,2312,1301,6
2015_07143.JPG,1738,2004,3557,3162,1819,1158,11
2015_07143.JPG,1708,1053,2526,2398,818,1345,10
2015_07144.JPG,368,745,797,1287,429,542,10
2015_07144.JPG,532,1103,1624,1764,1092,661,11
2015_07144.JPG,2947,1351,3217,1888,270,537,6
2015_07144.JPG,56,1101,480,2266,424,1165,6
2015_07144.JPG,3116,1111,3260,1587,144,476,10
2015_07144.JPG,20,186,323,1477,303,1291,10
2015_07144.JPG,2256,602,2922,2263,666,1661,10
2015_07144.JPG,1003,1189,1578,2127,575,938,6
2015_07144.JPG,217,990,862,1933,645,943,6
2015_07144.JPG,1694,680,2170,1973,476,1293,10
2015_07144.JPG,1936,710,2380,1839,444,1129,10
2015_07145.JPG,1592,386,2329,2748,737,2362,10
2015_07145.JPG,237,1557,1765,2928,1528,1371,11
2015_07145.JPG,530,710,1067,1711,537,1001,10
2015_07146.JPG,994,2385,2536,3203,1542,818,11
2015_07146.JPG,981,1250,1889,2421,908,1171,10
2015_07147.JPG,356,1383,462,1693,106,310,2
2015_07147.JPG,156,1348,275,1625,119,277,2
2015_07147.JPG,982,1806,1737,3032,755,1226,6
2015_07147.JPG,127,1448,1308,1932,1181,484,11
2015_07147.JPG,591,1528,720,1789,129,261,7
2015_07147.JPG,985,1302,1085,1570,100,268,2
2015_07147.JPG,759,1222,1537,1748,778,526,10
2015_07147.JPG,1095,1344,1176,1586,81,242,2
2015_07147.JPG,414,586,769,1167,355,581,10
2015_07147.JPG,791,1293,891,1548,100,255,2
2015_07147.JPG,675,1286,778,1522,103,236,2
2015_07147.JPG,281,1280,371,1570,90,290,2
2015_07147.JPG,478,1348,568,1638,90,290,2
2015_07148.JPG,575,546,1185,1096,610,550,11
2015_07149.JPEG,110,274,370,434,260,160,11
2015_07150.JPEG,92,255,220,331,128,76,11
2015_07150.JPEG,51,239,132,357,81,118,6
2015_07150.JPEG,171,235,245,354,74,119,6
2015_07150.JPEG,157,238,299,309,142,71,6
2015_07150.JPEG,308,266,436,339,128,73,11
2015_07150.JPEG,457,243,498,322,41,79,11
2015_07150.JPEG,310,237,474,317,164,80,6
2015_07150.JPEG,237,262,316,334,79,72,11
2015_07151.JPEG,80,236,417,375,337,139,11
2015_07151.JPEG,153,142,189,231,36,89,7
2015_07152.JPEG,184,288,221,303,37,15,11
2015_07152.JPEG,127,267,147,321,20,54,6
2015_07152.JPEG,305,317,374,431,69,114,11
2015_07152.JPEG,243,328,347,465,104,137,11
2015_07152.JPEG,227,239,313,337,86,98,11
2015_07152.JPEG,224,314,311,428,87,114,11
2015_07152.JPEG,306,243,373,346,67,103,11
2015_07153.JPEG,225,221,327,330,102,109,6
2015_07153.JPEG,32,222,151,331,119,109,6
2015_07153.JPEG,94,243,234,328,140,85,11
2015_07154.JPEG,383,221,466,322,83,101,6
2015_07154.JPEG,164,250,290,331,126,81,6
2015_07154.JPEG,351,180,382,205,31,25,10
2015_07154.JPEG,198,235,298,312,100,77,6
2015_07154.JPEG,1,249,134,331,133,82,6
2015_07154.JPEG,32,220,274,293,242,73,11
2015_07154.JPEG,286,177,314,202,28,25,10
2015_07154.JPEG,33,224,129,306,96,82,6
2015_07154.JPEG,331,229,385,278,54,49,6
2015_07154.JPEG,306,172,350,203,44,31,10
2015_07154.JPEG,185,127,421,186,236,59,1
2015_07154.JPEG,41,186,76,205,35,19,7
2015_07154.JPEG,392,216,414,243,22,27,2
2015_07154.JPEG,186,225,206,253,20,28,7
2015_07154.JPEG,175,206,197,239,22,33,7
2015_07154.JPEG,123,209,141,241,18,32,7
2015_07154.JPEG,107,228,136,277,29,49,7
2015_07154.JPEG,102,175,145,205,43,30,10
2015_07155.JPEG,128,254,148,267,20,13,2
2015_07155.JPEG,307,281,360,314,53,33,2
2015_07155.JPEG,182,262,217,282,35,20,2
2015_07155.JPEG,208,298,354,352,146,54,11
2015_07155.JPEG,66,258,122,322,56,64,6
2015_07155.JPEG,184,275,306,431,122,156,6
2015_07155.JPEG,268,304,372,476,104,172,6
2015_07155.JPEG,118,278,192,298,74,20,11
2015_07155.JPEG,105,266,178,375,73,109,6
2015_07156.JPEG,271,281,479,371,208,90,11
2015_07156.JPEG,216,219,423,371,207,152,11
2015_07156.JPEG,118,98,177,276,59,178,10
2015_07157.JPEG,364,40,433,123,69,83,6
2015_07157.JPEG,217,77,359,207,142,130,6
2015_07157.JPEG,72,82,211,186,139,104,11
2015_07157.JPEG,359,38,489,102,130,64,11
2015_07157.JPEG,126,38,198,103,72,65,6
2015_07157.JPEG,393,74,498,216,105,142,11
2015_07157.JPEG,269,26,306,74,37,48,11
2015_07158.JPEG,11,210,198,328,187,118,6
2015_07158.JPEG,163,187,294,292,131,105,11
2015_07159.JPEG,471,78,487,102,16,24,2
2015_07159.JPEG,110,186,500,330,390,144,11
2015_07159.JPEG,139,35,307,329,168,294,10
2015_07159.JPEG,334,173,363,209,29,36,7
2015_07159.JPEG,223,179,252,219,29,40,7
2015_07159.JPEG,352,86,495,208,143,122,11
2015_07159.JPEG,296,122,343,255,47,133,2
2015_07160.JPEG,314,231,499,290,185,59,11
2015_07160.JPEG,188,274,476,366,288,92,11
2015_07161.JPEG,153,190,385,326,232,136,11
2015_07162.JPEG,437,63,499,99,62,36,2
2015_07162.JPEG,433,43,477,66,44,23,2
2015_07162.JPEG,199,201,384,334,185,133,11
2015_07162.JPEG,229,150,274,206,45,56,10
2015_07162.JPEG,124,166,163,240,39,74,10
2015_07162.JPEG,136,161,197,283,61,122,10
2015_07162.JPEG,146,144,164,176,18,32,10
2015_07162.JPEG,8,80,151,329,143,249,10
2015_07162.JPEG,317,99,435,329,118,230,10
2015_07162.JPEG,383,82,437,112,54,30,2
2015_07162.JPEG,381,106,456,136,75,30,2
2015_07163.JPEG,174,252,490,328,316,76,11
2015_07163.JPEG,195,135,229,183,34,48,10
2015_07163.JPEG,228,135,254,183,26,48,10
2015_07163.JPEG,253,141,278,185,25,44,10
2015_07163.JPEG,293,141,321,191,28,50,10
2015_07163.JPEG,334,153,380,242,46,89,10
2015_07163.JPEG,267,167,325,245,58,78,10
2015_07163.JPEG,210,166,258,255,48,89,10
2015_07163.JPEG,244,165,273,235,29,70,10
2015_07163.JPEG,156,174,203,255,47,81,10
2015_07163.JPEG,54,165,81,210,27,45,10
2015_07163.JPEG,85,167,137,226,52,59,10
2015_07163.JPEG,133,163,174,195,41,32,10
2015_07163.JPEG,362,200,436,255,74,55,6
2015_07163.JPEG,32,223,128,280,96,57,11
2015_07163.JPEG,387,158,415,192,28,34,2
2015_07164.JPEG,51,287,264,496,213,209,11
2015_07165.jpg,972,614,1390,738,418,124,11
2015_07165.jpg,183,738,568,1050,385,312,11
2015_07166.JPG,19,258,977,2120,958,1862,6
2015_07166.JPG,308,1780,2231,3155,1923,1375,6
2015_07166.JPG,214,248,2396,1942,2182,1694,11
2015_07167.JPG,224,328,809,1101,585,773,6
2015_07167.JPG,897,372,1347,917,450,545,6
2015_07167.JPG,574,1579,1959,3132,1385,1553,6
2015_07167.JPG,33,19,1398,769,1365,750,4
2015_07167.JPG,577,685,1424,2077,847,1392,6
2015_07167.JPG,1253,866,2372,2345,1119,1479,6
2015_07167.JPG,379,896,1861,2086,1482,1190,11
2015_07167.JPG,1428,66,1828,557,400,491,9
2015_07167.JPG,537,318,1159,772,622,454,11
2015_07167.JPG,1962,358,2429,946,467,588,6
2015_07167.JPG,1885,251,2228,809,343,558,6
2015_07168.JPG,1314,510,2077,1512,763,1002,6
2015_07168.JPG,26,392,436,1121,410,729,6
2015_07168.JPG,641,638,2228,2130,1587,1492,11
2015_07168.JPG,2083,422,2423,946,340,524,6
2015_07168.JPG,1993,288,2427,708,434,420,11
2015_07168.JPG,577,863,1562,2234,985,1371,6
2015_07169.JPG,830,1111,1926,2506,1096,1395,6
2015_07169.JPG,403,288,897,835,494,547,9
2015_07169.JPG,1438,785,2255,2072,817,1287,6
2015_07169.JPG,924,79,2410,859,1486,780,4
2015_07169.JPG,624,722,1743,1922,1119,1200,11
2015_07169.JPG,782,648,1421,1724,639,1076,6
2015_07170.JPG,1823,700,3215,2407,1392,1707,6
2015_07170.JPG,38,365,1044,1817,1006,1452,6
2015_07170.JPG,1485,72,2723,1350,1238,1278,6
2015_07170.JPG,885,403,2574,2158,1689,1755,11
2015_07171.JPG,119,516,3152,2414,3033,1898,11
2015_07171.JPG,1157,332,1359,803,202,471,2
2015_07171.JPG,88,624,358,1088,270,464,2
2015_07171.JPG,300,506,560,957,260,451,2
2015_07172.JPG,20,332,3141,2377,3121,2045,11
2015_07173.JPG,97,503,2319,2446,2222,1943,11
2015_07174.JPG,182,337,3202,2321,3020,1984,11
2015_07175.JPG,1327,1088,2396,2967,1069,1879,6
2015_07175.JPG,29,893,2399,3017,2370,2124,11
2015_07176.JPG,604,1031,1922,2645,1318,1614,11
2015_07177.JPG,1488,1293,1780,1871,292,578,2
2015_07177.JPG,1243,1162,1535,1744,292,582,2
2015_07177.JPG,1687,1169,1969,1751,282,582,2
2015_07177.JPG,228,876,2053,2432,1825,1556,11
2015_07178.JPG,66,446,2396,2991,2330,2545,11
2015_07179.JPG,110,654,2355,2866,2245,2212,11
2015_07179.JPG,1569,547,2426,1592,857,1045,6
2015_07180.JPG,9,631,967,1750,958,1119,6
2015_07180.JPG,315,799,2268,2705,1953,1906,11
2015_07181.JPG,766,63,2440,1989,1674,1926,10
2015_07181.JPG,335,164,1206,813,871,649,6
2015_07181.JPG,43,557,2426,2984,2383,2427,11
2015_07181.JPG,813,1522,2349,3220,1536,1698,6
2015_07182.JPG,1576,779,2423,2238,847,1459,6
2015_07182.JPG,288,1427,1656,2993,1368,1566,6
2015_07182.JPG,19,752,796,1639,777,887,6
2015_07182.JPG,544,274,984,805,440,531,6
2015_07182.JPG,191,755,2026,2365,1835,1610,11
2015_07182.JPG,171,264,796,785,625,521,11
2015_07182.JPG,181,298,588,880,407,582,6
2015_07182.JPG,16,244,423,752,407,508,6
2015_07182.JPG,426,211,776,715,350,504,6
2015_07183.JPG,1535,762,2439,2170,904,1408,6
2015_07183.JPG,127,278,803,826,676,548,11
2015_07183.JPG,120,342,530,893,410,551,6
2015_07183.JPG,557,291,964,805,407,514,6
2015_07183.JPG,19,832,742,1793,723,961,6
2015_07183.JPG,248,722,1993,2349,1745,1627,11
2015_07183.JPG,228,1421,1660,3024,1432,1603,6
2015_07184.JPG,446,274,870,808,424,534,6
2015_07184.JPG,1391,251,1710,738,319,487,6
2015_07184.JPG,1075,308,1418,691,343,383,6
2015_07184.JPG,29,822,883,2059,854,1237,6
2015_07184.JPG,1656,725,2429,1945,773,1220,6
2015_07184.JPG,863,1159,2070,2796,1207,1637,6
2015_07184.JPG,561,738,2144,2214,1583,1476,10
2015_07184.JPG,957,264,1468,664,511,400,10
2015_07185.JPG,33,974,1283,2416,1250,1442,6
2015_07185.JPG,1307,943,2433,2348,1126,1405,6
2015_07185.JPG,198,469,1025,1178,827,709,6
2015_07185.JPG,332,644,1996,2221,1664,1577,11
2015_07185.JPG,1199,503,1942,1424,743,921,6
2015_07186.JPG,36,1730,1660,3196,1624,1466,11
2015_07186.JPG,836,990,1750,1746,914,756,11
2015_07186.JPG,1240,1723,2400,3229,1160,1506,6
2015_07186.JPG,161,1125,931,1448,770,323,6
2015_07186.JPG,1300,1044,1982,1821,682,777,6
2015_07186.JPG,1303,933,1770,1457,467,524,6
2015_07186.JPG,873,913,1270,1548,397,635,6
2015_07187.JPG,19,1068,2392,2399,2373,1331,11
2015_07188.JPG,830,880,1170,1297,340,417,7
2015_07188.JPG,1203,422,1586,1340,383,918,2
2015_07188.JPG,211,725,1892,2752,1681,2027,11
2015_07189.JPG,1430,1201,2533,1927,1103,726,11
2015_07190.JPG,2299,1185,2636,1401,337,216,4
2015_07190.JPG,1159,1145,1802,1469,643,324,4
2015_07190.JPG,2441,1108,2765,1296,324,188,4
2015_07190.JPG,1415,1213,2450,1982,1035,769,11
2015_07191.JPG,2073,1229,2367,1451,294,222,4
2015_07191.JPG,1687,1229,1943,1402,256,173,4
2015_07191.JPG,2357,1142,2567,1281,210,139,4
2015_07191.JPG,22,1312,374,1602,352,290,4
2015_07191.JPG,2283,1151,2385,1235,102,84,4
2015_07191.JPG,2172,1151,2280,1244,108,93,4
2015_07191.JPG,646,1290,1094,1605,448,315,4
2015_07191.JPG,3145,1244,3439,1460,294,216,4
2015_07191.JPG,1267,1213,1530,1445,263,232,4
2015_07191.JPG,1118,1355,2487,2270,1369,915,11
2015_07191.JPG,3513,1250,3850,1438,337,188,4
2015_07192.JPG,1668,1028,2589,1915,921,887,11
2015_07193.JPG,1186,988,2499,1828,1313,840,11
2015_07194.JPG,757,805,3745,2693,2988,1888,11
2015_07195.JPG,241,605,3813,2879,3572,2274,11
2015_07196.jpg,223,259,388,348,165,89,11
2015_07196.jpg,4,192,64,235,60,43,11
2015_07196.jpg,330,253,365,300,35,47,7
2015_07196.jpg,424,144,464,170,40,26,6
2015_07196.jpg,3,136,79,197,76,61,6
2015_07196.jpg,55,162,277,287,222,125,6
2015_07196.jpg,282,232,311,257,29,25,2
2015_07196.jpg,394,263,699,349,305,86,6
2015_07197.jpg,275,269,462,364,187,95,11
2015_07197.jpg,595,293,715,362,120,69,11
2015_07198.jpg,572,625,801,709,229,84,11
2015_07198.jpg,1162,644,1420,867,258,223,11
2015_07198.jpg,899,477,1192,853,293,376,6
2015_07199.png,1076,326,1331,794,255,468,10
2015_07199.png,732,329,1059,872,327,543,10
2015_07199.png,498,301,764,796,266,495,10
2015_07199.png,746,303,881,511,135,208,10
2015_07199.png,1082,444,1359,832,277,388,6
2015_07199.png,769,468,1104,891,335,423,6
2015_07199.png,159,474,1220,879,1061,405,11
2015_07199.png,695,405,828,731,133,326,6
2015_07199.png,431,408,633,764,202,356,6
2015_07200.png,489,450,599,562,110,112,11
2015_07200.png,302,589,1426,887,1124,298,11
2015_07200.png,593,509,1373,662,780,153,11
2015_07200.png,995,418,1233,546,238,128,11
2015_07200.png,547,619,588,685,41,66,7
2015_07200.png,602,308,714,623,112,315,10
2015_07200.png,266,324,381,749,115,425,10
2015_07201.jpg,265,271,403,514,138,243,6
2015_07201.jpg,310,311,579,546,269,235,11
2015_07201.jpg,439,272,605,522,166,250,6
2015_07202.jpg,6,287,592,715,586,428,6
2015_07202.jpg,626,177,1088,719,462,542,11
2015_07202.jpg,1010,251,1095,365,85,114,7
2015_07202.jpg,675,356,766,461,91,105,7
2015_07202.jpg,116,84,800,413,684,329,10
2015_07203.jpg,469,479,1150,893,681,414,11
2015_07203.jpg,885,626,1343,1052,458,426,6
2015_07204.jpg,26,7,572,430,546,423,11
2015_07204.jpg,168,109,571,445,403,336,6
2015_07204.jpg,6,15,171,446,165,431,6
2015_07205.jpg,469,424,849,667,380,243,11
2015_07205.jpg,196,331,474,675,278,344,6
2015_07206.jpg,553,91,915,673,362,582,6
2015_07206.jpg,80,117,337,650,257,533,6
2015_07206.jpg,141,297,787,702,646,405,11
2015_07207.jpg,177,197,256,236,79,39,11
2015_07207.jpg,73,243,243,405,170,162,11
2015_07207.jpg,244,189,285,261,41,72,6
2015_07207.jpg,188,250,320,421,132,171,6
2015_07207.jpg,53,280,182,473,129,193,6
2015_07207.jpg,10,232,118,386,108,154,6
2015_07207.jpg,188,200,256,264,68,64,6
2015_07207.jpg,141,190,191,246,50,56,6
2015_07208.jpg,470,396,590,705,120,309,6
2015_07208.jpg,285,378,329,435,44,57,7
2015_07208.jpg,311,388,355,429,44,41,7
2015_07208.jpg,175,400,514,763,339,363,11
2015_07208.jpg,5,375,217,711,212,336,6
2015_07208.jpg,248,424,508,770,260,346,6
2015_07209.jpg,425,349,777,538,352,189,11
2015_07209.jpg,448,266,576,394,128,128,10
2015_07210.jpg,197,372,256,482,59,110,7
2015_07210.jpg,269,373,335,481,66,108,7
2015_07210.jpg,348,362,411,470,63,108,7
2015_07210.jpg,352,295,399,379,47,84,7
2015_07210.jpg,237,255,279,329,42,74,7
2015_07210.jpg,11,262,584,917,573,655,11
2015_07210.jpg,348,254,390,324,42,70,7
2015_07210.jpg,32,551,292,929,260,378,6
2015_07210.jpg,375,573,599,932,224,359,6
2015_07210.jpg,214,300,263,388,49,88,7
2015_07211.jpg,13,385,387,545,374,160,11
2015_07211.jpg,69,453,344,589,275,136,6
2015_07211.jpg,539,340,765,591,226,251,6
2015_07212.jpg,12,89,899,762,887,673,11
2015_07213.jpg,228,295,287,343,59,48,7
2015_07213.jpg,487,288,555,347,68,59,7
2015_07213.jpg,123,249,681,588,558,339,11
2015_07213.jpg,29,115,241,522,212,407,6
2015_07214.jpg,320,345,375,383,55,38,6
2015_07214.jpg,137,336,215,382,78,46,6
2015_07214.jpg,463,298,567,487,104,189,10
2015_07214.jpg,508,422,816,653,308,231,11
2015_07214.jpg,254,408,610,531,356,123,11
2015_07215.jpg,1481,1265,2094,2081,613,816,6
2015_07215.jpg,1305,1172,2103,2092,798,920,11
2015_07215.jpg,2064,1483,2721,2051,657,568,11
2015_07215.jpg,28,1594,924,2079,896,485,11
2015_07215.jpg,148,1213,892,1613,744,400,11
2015_07215.jpg,627,1411,805,1726,178,315,7
2015_07216.jpg,212,13,447,181,235,168,6
2015_07216.jpg,10,188,706,663,696,475,11
2015_07217.jpg,15,235,399,558,384,323,6
2015_07217.jpg,286,210,512,456,226,246,11
2015_07218.jpg,119,289,262,455,143,166,11
2015_07218.jpg,396,286,588,566,192,280,6
2015_07218.jpg,135,278,365,547,230,269,6
2015_07218.jpg,8,450,573,721,565,271,11
2015_07219.png,257,405,427,727,170,322,6
2015_07219.png,185,415,478,750,293,335,11
2015_07220.jpg,10,328,81,417,71,89,6
2015_07220.jpg,441,342,576,476,135,134,6
2015_07220.jpg,26,400,204,503,178,103,11
2015_07221.jpg,25,413,705,528,680,115,11
2015_07221.jpg,658,314,707,360,49,46,11
2015_07221.jpg,14,359,703,427,689,68,11
2015_07221.jpg,64,336,652,366,588,30,11
2015_07221.jpg,106,314,589,348,483,34,11
2015_07222.jpg,384,336,776,555,392,219,11
2015_07222.jpg,560,309,680,499,120,190,6
2015_07223.jpg,466,443,646,684,180,241,6
2015_07223.jpg,352,408,666,657,314,249,11
2015_07224.jpg,223,80,788,529,565,449,11
2015_07225.jpg,150,486,575,803,425,317,11
2015_07225.jpg,24,589,485,1118,461,529,6
2015_07225.jpg,434,376,581,660,147,284,6
2015_07225.jpg,67,397,262,635,195,238,6
2015_07226.jpg,436,58,758,573,322,515,6
2015_07226.jpg,221,236,411,521,190,285,6
2015_07226.jpg,116,115,810,591,694,476,11
2015_07227.jpg,506,512,861,761,355,249,11
2015_07228.jpg,325,331,598,598,273,267,10
2015_07228.jpg,547,575,834,703,287,128,6
2015_07228.jpg,40,481,830,633,790,152,11
2015_07228.jpg,29,552,262,693,233,141,6
2015_07228.jpg,269,564,539,688,270,124,6
2015_07229.jpg,13,655,1136,1907,1123,1252,11
2015_07229.jpg,616,793,1276,1922,660,1129,6
2015_07230.jpg,4,198,386,445,382,247,11
2015_07230.jpg,351,258,503,430,152,172,6
2015_07231.jpg,185,533,1008,717,823,184,11
2015_07232.jpg,250,297,868,663,618,366,11
2015_07232.jpg,155,353,440,658,285,305,6
2015_07233.jpg,401,322,501,415,100,93,11
2015_07233.jpg,715,281,739,335,24,54,10
2015_07233.jpg,216,361,386,523,170,162,11
2015_07233.jpg,739,278,767,333,28,55,10
2015_07233.jpg,487,282,559,363,72,81,4
2015_07233.jpg,692,274,710,318,18,44,10
2015_07233.jpg,659,373,795,526,136,153,9
2015_07233.jpg,204,284,224,332,20,48,10
2015_07233.jpg,171,286,203,347,32,61,10
2015_07233.jpg,135,278,161,323,26,45,10
2015_07233.jpg,97,290,146,350,49,60,10
2015_07233.jpg,97,277,120,318,23,41,10
2015_07233.jpg,766,282,798,327,32,45,4
2015_07233.jpg,635,292,700,341,65,49,9
2015_07234.jpg,215,379,564,595,349,216,6
2015_07234.jpg,135,163,619,555,484,392,11
2015_07234.jpg,516,155,672,568,156,413,6
2015_07234.jpg,62,174,231,578,169,404,6
2015_07235.jpg,625,297,699,394,74,97,7
2015_07235.jpg,93,315,1023,725,930,410,11
2015_07235.jpg,838,283,877,344,39,61,7
2015_07236.jpg,204,182,318,302,114,120,6
2015_07236.jpg,187,277,423,440,236,163,11
2015_07236.jpg,373,220,595,438,222,218,6
2015_07236.jpg,325,229,391,291,66,62,11
2015_07236.jpg,6,198,206,324,200,126,11
2015_07236.jpg,386,192,515,299,129,107,6
2015_07237.jpg,306,457,491,609,185,152,11
2015_07237.jpg,89,514,365,783,276,269,11
2015_07237.jpg,32,445,168,694,136,249,6
2015_07237.jpg,297,483,525,847,228,364,6
2015_07238.jpg,242,546,586,840,344,294,11
2015_07238.jpg,259,485,456,575,197,90,6
2015_07238.jpg,465,553,635,837,170,284,6
2015_07238.jpg,57,565,297,839,240,274,6
2015_07239.jpg,301,256,596,431,295,175,11
2015_07239.jpg,8,224,165,401,157,177,11
2015_07239.jpg,150,178,589,384,439,206,6
2015_07240.png,18,227,481,667,463,440,11
2015_07241.jpg,37,660,760,1022,723,362,11
2015_07242.jpg,8,243,352,623,344,380,11
2015_07243.jpg,332,215,377,250,45,35,10
2015_07243.jpg,324,238,392,267,68,29,11
2015_07243.jpg,159,343,248,430,89,87,11
2015_07243.jpg,101,263,197,332,96,69,11
2015_07243.jpg,443,271,567,315,124,44,11
2015_07243.jpg,424,296,507,472,83,176,11
2015_07243.jpg,146,280,172,334,26,54,6
2015_07243.jpg,192,265,220,311,28,46,6
2015_07243.jpg,206,260,358,359,152,99,11
2015_07243.jpg,224,228,278,270,54,42,11
2015_07244.jpg,25,613,600,993,575,380,11
2015_07245.jpg,167,175,269,394,102,219,6
2015_07245.jpg,70,95,157,231,87,136,10
2015_07245.jpg,264,215,438,421,174,206,11
2015_07246.jpg,824,330,1008,409,184,79,11
2015_07246.jpg,829,367,1020,529,191,162,11
2015_07246.jpg,9,366,311,602,302,236,11
2015_07246.jpg,623,331,783,383,160,52,11
2015_07246.jpg,555,336,731,429,176,93,11
2015_07246.jpg,327,322,432,413,105,91,11
2015_07246.jpg,198,330,281,378,83,48,11
2015_07246.jpg,559,403,1018,678,459,275,11
2015_07247.jpg,166,122,428,293,262,171,11
2015_07248.jpg,635,129,806,405,171,276,6
2015_07248.jpg,597,75,714,338,117,263,6
2015_07248.jpg,526,37,637,219,111,182,6
2015_07248.jpg,113,134,258,418,145,284,6
2015_07248.jpg,654,84,739,106,85,22,11
2015_07248.jpg,727,107,898,164,171,57,11
2015_07248.jpg,182,70,729,522,547,452,11
2015_07248.jpg,602,145,896,514,294,369,6
2015_07248.jpg,10,156,310,519,300,363,6
2015_07248.jpg,234,45,362,210,128,165,6
2015_07248.jpg,177,102,269,317,92,215,6
2015_07249.jpg,4,86,135,216,131,130,6
2015_07249.jpg,89,131,182,213,93,82,11
2015_07249.jpg,129,77,168,137,39,60,6
2015_07250.jpg,4,120,148,191,144,71,11
2015_07251.jpg,2214,1315,2479,1633,265,318,10
2015_07251.jpg,2390,1308,2546,1482,156,174,10
2015_07251.jpg,1926,1295,2390,2273,464,978,10
2015_07251.jpg,1762,1300,1994,1532,232,232,10
2015_07251.jpg,1510,1320,1790,1633,280,313,10
2015_07251.jpg,1155,1454,1495,1827,340,373,11
2015_07251.jpg,502,1293,747,1520,245,227,10
2015_07251.jpg,2821,1436,3066,1880,245,444,6
2015_07251.jpg,1813,1517,2191,2178,378,661,6
2015_07251.jpg,78,1315,378,1706,300,391,10
2015_07251.jpg,893,1250,1158,1669,265,419,10
2015_07251.jpg,671,1351,900,1767,229,416,10
2015_07251.jpg,219,1434,961,2422,742,988,10
2015_07251.jpg,25,1784,721,2427,696,643,6
2015_07251.jpg,658,1628,1417,2417,759,789,11
2015_07251.jpg,2420,1275,2770,2195,350,920,10
2015_07251.jpg,2698,1330,2958,1643,260,313,10
2015_07251.jpg,2115,1593,2902,2372,787,779,11
2015_07251.jpg,318,1280,545,1633,227,353,10
2015_07251.jpg,1253,1305,1450,1502,197,197,10
2015_07252.jpg,18,236,891,610,873,374,11
2015_07253.jpg,97,418,259,642,162,224,6
2015_07253.jpg,231,374,529,735,298,361,11
2015_07254.jpg,133,270,284,433,151,163,11
2015_07254.jpg,72,269,182,400,110,131,6
2015_07255.jpg,58,90,184,140,126,50,11
2015_07255.jpg,7,218,244,423,237,205,6
2015_07255.jpg,236,93,384,273,148,180,6
2015_07255.jpg,27,132,245,211,218,79,11
2015_07255.jpg,118,211,329,500,211,289,6
2015_07255.jpg,194,67,294,191,100,124,6
2015_07255.jpg,393,116,585,277,192,161,6
2015_07255.jpg,696,203,844,458,148,255,6
2015_07255.jpg,254,245,826,521,572,276,11
2015_07255.jpg,409,56,520,151,111,95,11
2015_07256.jpg,16,580,169,927,153,347,6
2015_07256.jpg,603,589,717,951,114,362,6
2015_07256.jpg,171,639,579,1043,408,404,11
2015_07257.jpg,460,604,651,754,191,150,11
2015_07257.jpg,85,719,539,894,454,175,11
2015_07257.jpg,381,763,627,927,246,164,6
2015_07257.jpg,10,747,187,922,177,175,6
2015_07258.jpg,426,710,679,1023,253,313,11
2015_07258.jpg,37,447,331,701,294,254,11
2015_07258.jpg,177,482,364,760,187,278,6
2015_07259.jpg,800,449,1346,494,546,45,11
2015_07259.jpg,1054,644,1093,678,39,34,7
2015_07259.jpg,1107,646,1137,684,30,38,7
2015_07259.jpg,358,481,600,718,242,237,6
2015_07259.jpg,856,617,1237,816,381,199,11
2015_07259.jpg,105,511,422,846,317,335,6
2015_07259.jpg,705,424,845,612,140,188,6
2015_07259.jpg,802,436,918,645,116,209,6
2015_07259.jpg,996,433,1135,641,139,208,6
2015_07259.jpg,1119,469,1990,837,871,368,6
2015_07259.jpg,308,543,492,763,184,220,11
2015_07260.jpg,47,633,239,868,192,235,6
2015_07260.jpg,11,686,182,916,171,230,6
2015_07260.jpg,309,629,524,864,215,235,6
2015_07260.jpg,262,682,499,970,237,288,6
2015_07260.jpg,589,591,768,785,179,194,6
2015_07260.jpg,502,579,617,732,115,153,6
2015_07260.jpg,99,636,335,908,236,272,11
2015_07260.jpg,355,588,497,757,142,169,6
2015_07260.jpg,519,582,685,738,166,156,11
2015_07261.jpg,131,370,831,946,700,576,11
2015_07262.jpg,201,195,444,390,243,195,11
2015_07262.jpg,112,265,243,393,131,128,6
2015_07262.jpg,34,225,205,403,171,178,6
2015_07263.jpg,44,292,197,323,153,31,11
2015_07263.jpg,238,265,362,323,124,58,11
2015_07263.jpg,202,248,276,320,74,72,6
2015_07263.jpg,20,317,408,470,388,153,11
2015_07263.jpg,323,249,399,323,76,74,6
2015_07263.jpg,313,243,363,315,50,72,6
2015_07264.jpg,319,175,658,511,339,336,11
2015_07265.jpg,122,101,427,384,305,283,11
2015_07266.jpg,315,151,548,211,233,60,11
2015_07266.jpg,16,406,795,580,779,174,11
2015_07266.jpg,338,119,515,152,177,33,11
2015_07266.jpg,178,151,304,328,126,177,6
2015_07266.jpg,250,120,346,218,96,98,6
2015_07266.jpg,491,54,522,75,31,21,6
2015_07266.jpg,517,48,545,82,28,34,6
2015_07266.jpg,594,213,792,429,198,216,6
2015_07266.jpg,254,200,615,305,361,105,11
2015_07266.jpg,42,209,252,405,210,196,6
2015_07266.jpg,543,151,661,340,118,189,6
2015_07266.jpg,514,119,598,227,84,108,6
2015_07267.jpg,424,275,599,444,175,169,6
2015_07267.jpg,22,277,225,441,203,164,6
2015_07267.jpg,280,288,468,438,188,150,6
2015_07267.jpg,121,282,425,429,304,147,11
2015_07267.jpg,126,168,227,299,101,131,10
2015_07267.jpg,42,177,180,367,138,190,10
2015_07267.jpg,199,198,269,300,70,102,10
2015_07267.jpg,433,180,520,298,87,118,10
2015_07268.jpg,189,344,807,595,618,251,11
2015_07268.jpg,548,395,637,518,89,123,6
2015_07268.jpg,717,344,890,511,173,167,6
2015_07268.jpg,594,296,627,369,33,73,7
2015_07268.jpg,646,314,705,392,59,78,7
2015_07268.jpg,362,326,398,377,36,51,7
2015_07268.jpg,368,285,412,348,44,63,10
2015_07268.jpg,731,317,775,388,44,71,7
2015_07268.jpg,531,315,564,385,33,70,7
2015_07268.jpg,522,302,549,369,27,67,7
2015_07268.jpg,279,293,319,378,40,85,7
2015_07268.jpg,425,281,472,353,47,72,10
2015_07269.jpg,335,492,362,523,27,31,7
2015_07269.jpg,318,477,522,673,204,196,6
2015_07269.jpg,120,481,433,606,313,125,11
2015_07269.jpg,617,307,685,390,68,83,10
2015_07269.jpg,226,496,252,539,26,43,7
2015_07269.jpg,258,478,283,509,25,31,7
2015_07269.jpg,299,511,328,553,29,42,7
2015_07269.jpg,46,540,293,665,247,125,6
2015_07270.jpg,332,326,762,426,430,100,11
2015_07271.jpg,211,65,840,569,629,504,11
2015_07271.jpg,28,194,462,562,434,368,6
2015_07272.jpg,106,220,489,613,383,393,6
2015_07272.jpg,345,235,839,624,494,389,11
2015_07273.JPEG,73,35,304,371,231,336,8
2015_07273.JPEG,292,175,461,309,169,134,11
2015_07274.JPEG,59,92,490,369,431,277,11
2015_07274.JPEG,278,136,495,368,217,232,6
2015_07274.JPEG,4,150,230,370,226,220,6
2015_07275.JPEG,30,249,244,425,214,176,11
2015_07275.JPEG,267,269,330,349,63,80,11
2015_07275.JPEG,202,232,274,318,72,86,6
2015_07275.JPEG,127,287,256,470,129,183,6
2015_07275.JPEG,18,277,122,438,104,161,6
2015_07275.JPEG,172,261,264,408,92,147,6
2015_07276.jpg,369,399,538,530,169,131,6
2015_07276.jpg,277,279,317,331,40,52,10
2015_07276.jpg,304,282,363,401,59,119,10
2015_07276.jpg,249,281,287,335,38,54,10
2015_07276.jpg,94,300,273,355,179,55,11
2015_07276.jpg,142,401,460,524,318,123,11
2015_07276.jpg,42,376,199,526,157,150,6
2015_07276.jpg,371,328,656,457,285,129,11
2015_07276.jpg,367,233,436,359,69,126,10
2015_07277.jpg,759,351,1015,665,256,314,6
2015_07277.jpg,685,297,920,596,235,299,6
2015_07277.jpg,398,397,970,672,572,275,11
2015_07277.jpg,336,408,521,666,185,258,6
2015_07278.jpg,190,78,451,324,261,246,11
2015_07278.jpg,110,81,292,306,182,225,6
2015_07278.jpg,382,82,559,303,177,221,6
2015_07278.jpg,304,106,483,350,179,244,6
2015_07279.jpg,122,269,216,441,94,172,6
2015_07279.jpg,46,263,195,501,149,238,6
2015_07279.jpg,261,270,326,429,65,159,6
2015_07279.jpg,251,265,411,503,160,238,6
2015_07279.jpg,164,326,184,348,20,22,7
2015_07279.jpg,232,301,251,325,19,24,7
2015_07279.jpg,545,373,597,480,52,107,6
2015_07279.jpg,323,274,421,472,98,198,6
2015_07279.jpg,427,267,516,444,89,177,6
2015_07279.jpg,186,296,292,334,106,38,11
2015_07279.jpg,136,327,313,490,177,163,11
2015_07279.jpg,431,322,583,489,152,167,11
2015_07279.jpg,2,246,42,309,40,63,10
2015_07279.jpg,491,316,516,348,25,32,7
2015_07280.jpg,312,496,434,634,122,138,11
2015_07280.jpg,392,475,495,589,103,114,11
2015_07280.jpg,414,481,528,637,114,156,6
2015_07280.jpg,201,482,310,624,109,142,6
2015_07280.jpg,272,475,354,598,82,123,6
2015_07280.jpg,457,478,554,624,97,146,6
2015_07281.jpg,241,288,373,483,132,195,6
2015_07281.jpg,296,311,387,442,91,131,6
2015_07281.jpg,435,323,505,417,70,94,6
2015_07281.jpg,383,334,511,425,128,91,11
2015_07281.jpg,379,313,442,420,63,107,6
2015_07281.jpg,475,316,552,424,77,108,6
2015_07281.jpg,61,308,166,451,105,143,6
2015_07281.jpg,114,321,311,463,197,142,11
2015_07281.jpg,17,279,154,491,137,212,6
2015_07282.jpg,136,91,341,269,205,178,11
2015_07283.jpg,165,453,478,681,313,228,11
2015_07284.jpg,38,246,627,543,589,297,11
2015_07285.jpg,266,309,279,340,13,31,7
2015_07285.jpg,326,322,343,361,17,39,7
2015_07285.jpg,347,330,364,361,17,31,7
2015_07285.jpg,254,330,274,373,20,43,7
2015_07285.jpg,161,286,408,440,247,154,11
2015_07285.jpg,394,220,505,445,111,225,10
2015_07285.jpg,300,340,323,386,23,46,7
2015_07285.jpg,238,339,257,382,19,43,7
2015_07285.jpg,521,175,600,437,79,262,10
2015_07286.jpg,295,413,452,475,157,62,11
2015_07286.jpg,377,363,476,401,99,38,11
2015_07286.jpg,162,374,310,467,148,93,11
2015_07286.jpg,452,378,593,558,141,180,6
2015_07286.jpg,229,457,490,612,261,155,11
2015_07286.jpg,315,385,429,424,114,39,11
2015_07286.jpg,4,480,250,637,246,157,11
2015_07287.jpg,550,249,636,357,86,108,11
2015_07287.jpg,110,248,414,417,304,169,11
2015_07287.jpg,255,278,313,351,58,73,6
2015_07287.jpg,295,145,365,353,70,208,10
2015_07288.jpg,602,357,706,426,104,69,11
2015_07288.jpg,270,349,388,436,118,87,11
2015_07288.jpg,121,368,219,435,98,67,11
2015_07289.jpg,511,341,900,738,389,397,11
2015_07289.jpg,148,4,795,777,647,773,10
2015_07290.jpg,375,217,581,458,206,241,6
2015_07290.jpg,199,182,664,427,465,245,11
2015_07290.jpg,526,98,726,229,200,131,10
2015_07290.jpg,216,169,371,365,155,196,6
2015_07290.jpg,640,172,733,288,93,116,6
2015_07290.jpg,497,211,666,402,169,191,6
2015_07290.jpg,125,214,354,470,229,256,6
2015_07291.jpg,156,374,270,491,114,117,7
2015_07291.jpg,4,190,683,590,679,400,11
2015_07292.jpg,288,460,436,714,148,254,6
2015_07292.jpg,16,460,325,746,309,286,11
2015_07292.jpg,105,375,264,649,159,274,6
2015_07293.jpg,185,333,588,566,403,233,11
2015_07293.jpg,541,142,657,518,116,376,10
2015_07294.jpg,769,451,903,567,134,116,11
2015_07294.jpg,227,306,530,523,303,217,1
2015_07294.jpg,478,287,758,475,280,188,1
2015_07295.jpg,597,629,721,894,124,265,6
2015_07295.jpg,199,585,306,775,107,190,6
2015_07295.jpg,288,610,444,831,156,221,6
2015_07295.jpg,437,609,563,795,126,186,6
2015_07295.jpg,262,612,511,791,249,179,11
2015_07296.jpg,678,326,776,381,98,55,11
2015_07296.jpg,586,340,683,405,97,65,11
2015_07297.jpg,6,179,267,670,261,491,11
2015_07298.jpg,168,211,193,271,25,60,2
2015_07298.jpg,282,137,302,182,20,45,2
2015_07298.jpg,7,101,119,223,112,122,10
2015_07298.jpg,252,87,363,286,111,199,10
2015_07298.jpg,133,88,273,213,140,125,10
2015_07298.jpg,54,176,327,291,273,115,11
2015_07298.jpg,278,200,305,268,27,68,2
2015_07299.jpg,216,703,498,810,282,107,10
2015_07300.jpg,416,431,498,557,82,126,6
2015_07300.jpg,541,451,597,575,56,124,6
2015_07300.jpg,66,497,255,730,189,233,6
2015_07300.jpg,106,464,449,681,343,217,11
2015_07300.jpg,466,429,597,539,131,110,11
2015_07301.jpg,93,238,541,455,448,217,11
2015_07301.jpg,9,286,212,460,203,174,6
2015_07301.jpg,296,270,331,315,35,45,7
2015_07302.jpg,197,278,845,589,648,311,11
2015_07302.jpg,403,95,606,244,203,149,11
2015_07302.jpg,424,241,476,340,52,99,2
2015_07303.jpg,104,414,920,671,816,257,11
2015_07303.jpg,8,218,409,677,401,459,6
2015_07304.jpg,2,530,400,844,398,314,11
2015_07305.jpg,37,213,474,372,437,159,11
2015_07306.png,222,271,373,459,151,188,6
2015_07306.png,156,413,519,643,363,230,11
2015_07307.png,383,287,748,772,365,485,11
2015_07308.jpg,99,422,354,618,255,196,11
2015_07309.jpg,56,686,697,1061,641,375,11
2015_07310.jpg,10,553,582,875,572,322,11
2015_07311.jpg,391,160,433,217,42,57,6
2015_07311.jpg,214,147,263,209,49,62,6
2015_07311.jpg,266,159,314,214,48,55,6
2015_07311.jpg,150,150,195,216,45,66,6
2015_07311.jpg,308,151,347,216,39,65,6
2015_07311.jpg,344,155,385,216,41,61,6
2015_07311.jpg,388,263,508,384,120,121,11
2015_07311.jpg,581,153,629,228,48,75,6
2015_07311.jpg,620,133,669,223,49,90,6
2015_07311.jpg,658,133,705,223,47,90,6
2015_07311.jpg,265,137,453,213,188,76,11
2015_07312.jpg,34,235,302,387,268,152,11
2015_07313.jpg,11,330,1143,666,1132,336,11
2015_07313.jpg,771,256,1188,661,417,405,6
2015_07314.jpg,379,194,752,454,373,260,11
2015_07315.jpg,321,206,649,557,328,351,6
2015_07315.jpg,72,188,511,551,439,363,11
2015_07316.png,557,172,673,272,116,100,11
2015_07316.png,479,135,552,203,73,68,11
2015_07316.png,212,285,411,400,199,115,11
2015_07317.png,350,33,452,396,102,363,10
2015_07317.png,99,197,321,337,222,140,11
2015_07317.png,138,79,251,213,113,134,6
2015_07317.png,319,133,402,399,83,266,10
2015_07318.png,85,194,292,401,207,207,10
2015_07318.png,413,217,563,401,150,184,11
2015_07318.png,61,234,111,296,50,62,2
2015_07318.png,4,224,28,280,24,56,2
2015_07318.png,5,240,140,321,135,81,11
2015_07318.png,204,165,341,270,137,105,11
2015_07319.png,397,283,883,469,486,186,11
2015_07319.png,494,233,730,293,236,60,11
2015_07320.png,576,309,978,525,402,216,11
2015_07320.png,739,225,781,330,42,105,2
2015_07320.png,467,329,525,421,58,92,2
2015_07320.png,696,86,950,516,254,430,10
2015_07320.png,884,177,1125,525,241,348,10
2015_07320.png,890,267,947,340,57,73,7
2015_07321.png,23,275,336,397,313,122,11
2015_07321.png,325,169,450,391,125,222,10
2015_07321.png,89,126,224,312,135,186,6
2015_07322.png,454,91,595,381,141,290,10
2015_07322.png,129,200,591,392,462,192,11
2015_07322.png,443,197,617,394,174,197,6
2015_07322.png,106,196,249,395,143,199,6
2015_07322.png,129,81,325,387,196,306,10
2015_07323.png,326,147,526,254,200,107,6
2015_07323.png,479,173,607,283,128,110,11
2015_07323.png,686,139,897,291,211,152,6
2015_07323.png,633,68,857,258,224,190,10
2015_07324.png,342,148,578,605,236,457,10
2015_07324.png,628,171,801,539,173,368,10
2015_07324.png,1049,341,1203,470,154,129,11
2015_07325.png,882,279,1190,445,308,166,11
2015_07325.png,310,21,753,524,443,503,10
2015_07325.png,1062,150,1264,475,202,325,10
2015_07325.png,963,295,1117,522,154,227,6
2015_07325.png,26,333,201,541,175,208,6
2015_07325.png,236,139,398,373,162,234,10
2015_07325.png,4,305,236,414,232,109,11
2015_07325.png,246,356,1050,533,804,177,11
2015_07325.png,687,93,883,392,196,299,10
2015_07326.png,1035,466,1281,712,246,246,11
2015_07326.png,921,186,1038,413,117,227,10
2015_07326.png,1026,152,1167,489,141,337,10
2015_07326.png,220,8,807,698,587,690,10
2015_07326.png,1039,501,1218,699,179,198,6
2015_07326.png,590,35,936,706,346,671,10
2015_07327.png,8,182,417,523,409,341,6
2015_07327.png,497,282,1050,527,553,245,11
2015_07327.png,716,195,853,297,137,102,10
2015_07328.png,595,632,1105,797,510,165,11
2015_07328.png,1116,652,1681,986,565,334,11
2015_07328.png,1498,648,1855,1039,357,391,6
2015_07329.png,388,372,698,538,310,166,11
2015_07329.png,50,402,356,538,306,136,6
2015_07329.png,508,367,545,425,37,58,7
2015_07329.png,641,7,959,536,318,529,10
2015_07329.png,463,374,511,422,48,48,7
2015_07330.png,493,5,685,364,192,359,10
2015_07330.png,602,167,1071,538,469,371,11
2015_07330.png,257,12,582,535,325,523,10
2015_07331.png,770,246,994,368,224,122,11
2015_07331.png,886,283,1276,528,390,245,11
2015_07332.png,5,311,712,528,707,217,11
2015_07332.png,232,48,418,267,186,219,10
2015_07333.png,326,317,1018,536,692,219,11
2015_07333.png,1062,307,1275,523,213,216,11
2015_07333.png,577,178,717,327,140,149,10
2015_07333.png,163,304,363,439,200,135,11
2015_07334.png,511,200,612,400,101,200,10
2015_07334.png,103,234,456,494,353,260,6
2015_07334.png,860,211,1261,472,401,261,11
2015_07335.png,333,362,424,480,91,118,6
2015_07335.png,228,390,330,518,102,128,6
2015_07335.png,441,302,514,413,73,111,6
2015_07335.png,830,340,1000,507,170,167,6
2015_07335.png,717,454,846,521,129,67,6
2015_07335.png,679,283,754,423,75,140,10
2015_07335.png,637,367,693,435,56,68,10
2015_07335.png,753,237,821,426,68,189,10
2015_07335.png,535,332,735,515,200,183,6
2015_07335.png,103,364,206,497,103,133,6
2015_07335.png,126,309,384,424,258,115,11
2015_07335.png,462,281,579,341,117,60,11
2015_07336.png,675,72,877,337,202,265,10
2015_07336.png,20,199,606,518,586,319,11
2015_07336.png,393,167,447,238,54,71,7
2015_07337.png,447,235,508,310,61,75,7
2015_07337.png,12,268,672,511,660,243,11
2015_07337.png,649,79,1050,515,401,436,10
2015_07338.png,181,208,196,242,15,34,2
2015_07338.png,507,242,710,398,203,156,11
2015_07338.png,497,219,560,271,63,52,11
2015_07338.png,161,243,309,320,148,77,11
2015_07338.png,325,148,460,348,135,200,10
2015_07339.png,418,122,496,299,78,177,10
2015_07339.png,254,207,278,249,24,42,10
2015_07339.png,336,103,419,301,83,198,10
2015_07339.png,97,108,186,354,89,246,10
2015_07339.png,347,275,524,398,177,123,11
2015_07339.png,245,122,321,349,76,227,10
2015_07340.png,599,216,838,622,239,406,10
2015_07340.png,345,310,406,416,61,106,7
2015_07340.png,820,204,1134,621,314,417,10
2015_07340.png,859,269,942,359,83,90,7
2015_07340.png,730,327,772,417,42,90,7
2015_07340.png,483,300,554,470,71,170,2
2015_07340.png,68,439,380,625,312,186,6
2015_07340.png,1010,467,1265,629,255,162,6
2015_07340.png,377,390,902,634,525,244,11
2015_07340.png,180,235,500,623,320,388,10
2015_07340.png,403,111,624,625,221,514,10
2015_07340.png,552,325,617,463,65,138,2
2015_07341.png,818,348,1248,625,430,277,11
2015_07341.png,232,266,460,626,228,360,10
2015_07341.png,760,353,968,630,208,277,6
2015_07341.png,17,333,425,618,408,285,6
2015_07341.png,579,169,719,485,140,316,10
2015_07341.png,867,398,1197,634,330,236,6
2015_07342.png,626,259,1160,631,534,372,6
2015_07342.png,420,245,669,462,249,217,6
2015_07342.png,288,47,446,408,158,361,10
2015_07342.png,261,424,559,631,298,207,11
2015_07343.png,626,214,845,403,219,189,6
2015_07343.png,116,289,226,440,110,151,10
2015_07343.png,746,217,957,544,211,327,10
2015_07343.png,537,362,757,562,220,200,11
2015_07343.png,460,198,570,360,110,162,6
2015_07343.png,832,238,1265,629,433,391,6
2015_07344.png,209,341,292,429,83,88,10
2015_07344.png,891,143,971,277,80,134,10
2015_07344.png,744,253,1145,468,401,215,10
2015_07344.png,556,245,654,377,98,132,6
2015_07344.png,672,239,758,402,86,163,6
2015_07344.png,736,264,961,399,225,135,6
2015_07344.png,857,280,1263,629,406,349,6
2015_07344.png,588,410,836,600,248,190,11
2015_07345.png,936,14,1117,555,181,541,10
2015_07345.png,757,26,947,553,190,527,10
2015_07345.png,277,16,602,541,325,525,10
2015_07345.png,4,226,372,462,368,236,11
2015_07345.png,456,344,922,542,466,198,11
2015_07346.png,543,228,664,449,121,221,10
2015_07346.png,452,420,1044,665,592,245,6
2015_07346.png,7,479,589,707,582,228,6
2015_07346.png,187,535,797,714,610,179,11
2015_07346.png,136,103,283,541,147,438,10
2015_07346.png,653,330,766,436,113,106,10
2015_07346.png,922,248,1010,412,88,164,10
2015_07346.png,1023,251,1105,569,82,318,10
2015_07346.png,1124,217,1193,432,69,215,10
2015_07346.png,743,411,1269,709,526,298,6
2015_07346.png,345,83,497,665,152,582,10
2015_07347.png,9,350,553,711,544,361,6
2015_07347.png,603,65,786,698,183,633,10
2015_07347.png,636,513,1132,713,496,200,11
2015_07347.png,1000,479,1273,713,273,234,11
2015_07347.png,277,399,441,519,164,120,11
2015_07347.png,412,292,648,575,236,283,6
2015_07348.png,652,225,909,330,257,105,11
2015_07348.png,7,365,309,713,302,348,6
2015_07348.png,500,204,567,328,67,124,11
2015_07348.png,359,88,424,300,65,212,10
2015_07348.png,265,70,389,289,124,219,10
2015_07348.png,164,80,246,296,82,216,10
2015_07348.png,61,62,157,336,96,274,10
2015_07348.png,656,76,727,250,71,174,10
2015_07348.png,1122,68,1233,439,111,371,10
2015_07348.png,1028,68,1101,326,73,258,10
2015_07348.png,971,88,1042,329,71,241,10
2015_07348.png,887,76,981,311,94,235,10
2015_07348.png,284,500,652,711,368,211,11
2015_07348.png,749,160,833,258,84,98,10
2015_07348.png,787,376,1272,712,485,336,6
2015_07349.png,835,316,941,645,106,329,10
2015_07349.png,641,318,717,635,76,317,10
2015_07349.png,543,339,657,711,114,372,10
2015_07349.png,890,354,1031,705,141,351,10
2015_07349.png,723,329,845,483,122,154,6
2015_07349.png,333,501,594,710,261,209,6
2015_07349.png,716,546,884,716,168,170,11
2015_07350.png,103,34,458,632,355,598,10
2015_07350.png,8,9,383,702,375,693,10
2015_07350.png,652,329,698,358,46,29,7
2015_07350.png,693,331,734,360,41,29,7
2015_07350.png,354,311,434,368,80,57,7
2015_07350.png,429,316,483,365,54,49,7
2015_07350.png,774,319,839,367,65,48,7
2015_07350.png,719,329,772,364,53,35,7
2015_07350.png,223,137,559,568,336,431,10
2015_07350.png,508,127,651,518,143,391,10
2015_07350.png,855,7,1268,693,413,686,10
2015_07350.png,706,70,1065,664,359,594,10
2015_07350.png,797,130,911,331,114,201,10
2015_07350.png,682,204,800,340,118,136,10
2015_07350.png,475,323,514,358,39,35,7
2015_07350.png,157,342,1101,710,944,368,11
2015_07351.png,662,152,848,565,186,413,10
2015_07351.png,814,12,1272,708,458,696,10
2015_07351.png,720,49,1094,617,374,568,10
2015_07351.png,16,2,470,685,454,683,10
2015_07351.png,499,113,646,500,147,387,10
2015_07351.png,171,322,1039,709,868,387,11
2015_07351.png,706,300,774,338,68,38,7
2015_07351.png,660,308,706,337,46,29,7
2015_07351.png,359,296,447,350,88,54,7
2015_07351.png,435,295,499,347,64,52,7
2015_07351.png,479,300,529,342,50,42,7
2015_07351.png,228,121,570,544,342,423,10
2015_07352.png,687,224,839,693,152,469,10
2015_07352.png,500,50,751,708,251,658,10
2015_07352.png,740,512,1218,712,478,200,11
2015_07352.png,258,333,910,690,652,357,6
2015_07353.png,757,98,885,521,128,423,10
2015_07353.png,238,141,481,508,243,367,10
2015_07353.png,185,323,637,535,452,212,11
2015_07353.png,98,289,184,472,86,183,11
2015_07354.jpg,609,499,880,758,271,259,10
2015_07354.jpg,660,449,765,758,105,309,10
2015_07354.jpg,521,546,925,766,404,220,11
2015_07355.jpg,9,446,599,672,590,226,11
2015_07355.jpg,139,239,479,427,340,188,11
2015_07355.jpg,92,102,626,380,534,278,6
2015_07355.jpg,396,71,967,674,571,603,6
2016_07356.jpg,292,109,628,448,336,339,9
2016_07356.jpg,245,110,433,302,188,192,9
2017_07357.jpg,245,363,457,490,212,127,4
2017_07358.jpg,813,100,922,191,109,91,6
2017_07358.jpg,542,113,675,429,133,316,6
2017_07358.jpg,471,149,678,559,207,410,6
2017_07358.jpg,634,163,988,498,354,335,11
2017_07358.jpg,631,272,902,612,271,340,6
2017_07359.jpg,151,223,635,421,484,198,10
2017_07360.jpg,392,318,416,340,24,22,3
2017_07360.jpg,486,334,510,358,24,24,4
2017_07360.jpg,413,296,469,312,56,16,4
2017_07360.jpg,356,342,376,359,20,17,4
2017_07360.jpg,344,356,364,378,20,22,4
2017_07360.jpg,116,359,132,382,16,23,10
2017_07360.jpg,506,331,548,347,42,16,4
2017_07360.jpg,209,403,224,436,15,33,10
2017_07360.jpg,100,357,118,382,18,25,10
2017_07360.jpg,732,383,751,415,19,32,10
2017_07360.jpg,716,373,729,405,13,32,10
2017_07360.jpg,427,321,443,336,16,15,9
2017_07360.jpg,302,353,349,394,47,41,4
2017_07360.jpg,261,396,322,445,61,49,4
2017_07360.jpg,155,420,180,448,25,28,10
2017_07360.jpg,419,346,444,366,25,20,4
2017_07361.jpg,374,553,412,628,38,75,10
2017_07361.jpg,157,442,209,475,52,33,9
2017_07361.jpg,146,165,184,195,38,30,4
2017_07361.jpg,282,532,409,689,127,157,4
2017_07361.jpg,291,424,339,501,48,77,10
2017_07361.jpg,190,284,230,328,40,44,10
2017_07361.jpg,106,120,146,141,40,21,4
2017_07361.jpg,149,115,182,135,33,20,4
2017_07361.jpg,99,139,147,168,48,29,4
2017_07361.jpg,121,168,163,209,42,41,4
2017_07361.jpg,159,190,197,227,38,37,4
2017_07361.jpg,162,457,235,569,73,112,4
2017_07361.jpg,285,368,307,397,22,29,10
2017_07361.jpg,170,305,241,399,71,94,4
2017_07361.jpg,344,455,381,495,37,40,10
2017_07361.jpg,259,644,286,707,27,63,10
2017_07361.jpg,241,442,262,481,21,39,10
2017_07361.jpg,131,233,147,259,16,26,9
2017_07361.jpg,170,588,269,739,99,151,9
2017_07361.jpg,238,462,264,511,26,49,9
2017_07361.jpg,251,381,314,425,63,44,10
2017_07362.jpg,19,419,92,460,73,41,10
2017_07362.jpg,339,439,445,772,106,333,10
2017_07362.jpg,331,410,380,479,49,69,10
2017_07362.jpg,251,401,353,704,102,303,10
2017_07362.jpg,92,433,135,591,43,158,10
2017_07362.jpg,180,408,234,662,54,254,10
2017_07362.jpg,235,429,298,658,63,229,10
2017_07362.jpg,223,409,271,458,48,49,10
2017_07363.jpg,136,321,244,397,108,76,4
2017_07363.jpg,280,274,338,347,58,73,10
2017_07363.jpg,413,339,448,443,35,104,9
2017_07363.jpg,415,310,447,440,32,130,10
2017_07363.jpg,334,328,385,448,51,120,4
2017_07363.jpg,382,303,444,380,62,77,4
2017_07363.jpg,5,330,285,799,280,469,10
2017_07363.jpg,49,335,114,400,65,65,10
